# frames 101, center=[875, 633], duration=[200, 300], video=videos browniano 1/video browniano 1_0
8.750000000000000000e+02 6.330000000000000000e+02
8.750000000000000000e+02 6.330000000000000000e+02
8.750000000000000000e+02 6.330000000000000000e+02
8.750000000000000000e+02 6.330000000000000000e+02
8.780000000000000000e+02 6.320000000000000000e+02
8.770000000000000000e+02 6.350000000000000000e+02
8.780000000000000000e+02 6.340000000000000000e+02
8.780000000000000000e+02 6.340000000000000000e+02
8.790000000000000000e+02 6.330000000000000000e+02
8.810000000000000000e+02 6.340000000000000000e+02
8.830000000000000000e+02 6.340000000000000000e+02
8.850000000000000000e+02 6.330000000000000000e+02
8.840000000000000000e+02 6.320000000000000000e+02
8.850000000000000000e+02 6.330000000000000000e+02
8.850000000000000000e+02 6.310000000000000000e+02
8.880000000000000000e+02 6.310000000000000000e+02
8.860000000000000000e+02 6.320000000000000000e+02
8.860000000000000000e+02 6.320000000000000000e+02
8.860000000000000000e+02 6.320000000000000000e+02
8.870000000000000000e+02 6.330000000000000000e+02
8.860000000000000000e+02 6.320000000000000000e+02
8.870000000000000000e+02 6.320000000000000000e+02
8.850000000000000000e+02 6.320000000000000000e+02
8.870000000000000000e+02 6.330000000000000000e+02
8.870000000000000000e+02 6.330000000000000000e+02
8.870000000000000000e+02 6.330000000000000000e+02
8.870000000000000000e+02 6.320000000000000000e+02
8.890000000000000000e+02 6.330000000000000000e+02
8.880000000000000000e+02 6.320000000000000000e+02
8.870000000000000000e+02 6.330000000000000000e+02
8.870000000000000000e+02 6.320000000000000000e+02
8.880000000000000000e+02 6.310000000000000000e+02
8.860000000000000000e+02 6.320000000000000000e+02
8.840000000000000000e+02 6.310000000000000000e+02
8.810000000000000000e+02 6.320000000000000000e+02
8.800000000000000000e+02 6.320000000000000000e+02
8.800000000000000000e+02 6.320000000000000000e+02
8.770000000000000000e+02 6.330000000000000000e+02
8.760000000000000000e+02 6.340000000000000000e+02
8.750000000000000000e+02 6.330000000000000000e+02
8.740000000000000000e+02 6.320000000000000000e+02
8.720000000000000000e+02 6.320000000000000000e+02
8.710000000000000000e+02 6.330000000000000000e+02
8.710000000000000000e+02 6.320000000000000000e+02
8.700000000000000000e+02 6.330000000000000000e+02
8.690000000000000000e+02 6.340000000000000000e+02
8.690000000000000000e+02 6.330000000000000000e+02
8.680000000000000000e+02 6.340000000000000000e+02
8.700000000000000000e+02 6.370000000000000000e+02
8.690000000000000000e+02 6.370000000000000000e+02
8.690000000000000000e+02 6.360000000000000000e+02
8.670000000000000000e+02 6.350000000000000000e+02
8.670000000000000000e+02 6.360000000000000000e+02
8.670000000000000000e+02 6.380000000000000000e+02
8.670000000000000000e+02 6.380000000000000000e+02
8.680000000000000000e+02 6.410000000000000000e+02
8.690000000000000000e+02 6.410000000000000000e+02
8.690000000000000000e+02 6.420000000000000000e+02
8.680000000000000000e+02 6.440000000000000000e+02
8.690000000000000000e+02 6.430000000000000000e+02
8.690000000000000000e+02 6.430000000000000000e+02
8.690000000000000000e+02 6.430000000000000000e+02
8.700000000000000000e+02 6.420000000000000000e+02
8.710000000000000000e+02 6.430000000000000000e+02
8.710000000000000000e+02 6.440000000000000000e+02
8.710000000000000000e+02 6.410000000000000000e+02
8.710000000000000000e+02 6.420000000000000000e+02
8.700000000000000000e+02 6.410000000000000000e+02
8.700000000000000000e+02 6.410000000000000000e+02
8.700000000000000000e+02 6.400000000000000000e+02
8.700000000000000000e+02 6.400000000000000000e+02
8.700000000000000000e+02 6.390000000000000000e+02
8.700000000000000000e+02 6.380000000000000000e+02
8.710000000000000000e+02 6.380000000000000000e+02
8.710000000000000000e+02 6.390000000000000000e+02
8.720000000000000000e+02 6.370000000000000000e+02
8.730000000000000000e+02 6.390000000000000000e+02
8.720000000000000000e+02 6.380000000000000000e+02
8.710000000000000000e+02 6.390000000000000000e+02
8.710000000000000000e+02 6.390000000000000000e+02
8.690000000000000000e+02 6.400000000000000000e+02
8.710000000000000000e+02 6.410000000000000000e+02
8.710000000000000000e+02 6.430000000000000000e+02
8.710000000000000000e+02 6.460000000000000000e+02
8.700000000000000000e+02 6.450000000000000000e+02
8.700000000000000000e+02 6.460000000000000000e+02
8.710000000000000000e+02 6.470000000000000000e+02
8.720000000000000000e+02 6.480000000000000000e+02
8.720000000000000000e+02 6.480000000000000000e+02
8.720000000000000000e+02 6.480000000000000000e+02
8.690000000000000000e+02 6.480000000000000000e+02
8.670000000000000000e+02 6.480000000000000000e+02
8.690000000000000000e+02 6.490000000000000000e+02
8.680000000000000000e+02 6.490000000000000000e+02
8.670000000000000000e+02 6.490000000000000000e+02
8.650000000000000000e+02 6.510000000000000000e+02
8.650000000000000000e+02 6.550000000000000000e+02
8.660000000000000000e+02 6.550000000000000000e+02
8.650000000000000000e+02 6.560000000000000000e+02
8.650000000000000000e+02 6.580000000000000000e+02
8.650000000000000000e+02 6.570000000000000000e+02
