# frames 101, center=[867, 628], duration=[100, 200], video=videos browniano 1/video browniano 1_0
8.670000000000000000e+02 6.280000000000000000e+02
8.670000000000000000e+02 6.280000000000000000e+02
8.670000000000000000e+02 6.280000000000000000e+02
8.650000000000000000e+02 6.270000000000000000e+02
8.650000000000000000e+02 6.260000000000000000e+02
8.650000000000000000e+02 6.260000000000000000e+02
8.640000000000000000e+02 6.260000000000000000e+02
8.670000000000000000e+02 6.260000000000000000e+02
8.670000000000000000e+02 6.270000000000000000e+02
8.650000000000000000e+02 6.280000000000000000e+02
8.650000000000000000e+02 6.270000000000000000e+02
8.670000000000000000e+02 6.270000000000000000e+02
8.710000000000000000e+02 6.270000000000000000e+02
8.700000000000000000e+02 6.290000000000000000e+02
8.700000000000000000e+02 6.280000000000000000e+02
8.730000000000000000e+02 6.300000000000000000e+02
8.740000000000000000e+02 6.300000000000000000e+02
8.750000000000000000e+02 6.300000000000000000e+02
8.730000000000000000e+02 6.280000000000000000e+02
8.730000000000000000e+02 6.270000000000000000e+02
8.730000000000000000e+02 6.280000000000000000e+02
8.720000000000000000e+02 6.290000000000000000e+02
8.730000000000000000e+02 6.280000000000000000e+02
8.730000000000000000e+02 6.280000000000000000e+02
8.740000000000000000e+02 6.270000000000000000e+02
8.760000000000000000e+02 6.270000000000000000e+02
8.740000000000000000e+02 6.280000000000000000e+02
8.740000000000000000e+02 6.280000000000000000e+02
8.740000000000000000e+02 6.280000000000000000e+02
8.730000000000000000e+02 6.300000000000000000e+02
8.740000000000000000e+02 6.310000000000000000e+02
8.740000000000000000e+02 6.310000000000000000e+02
8.750000000000000000e+02 6.320000000000000000e+02
8.750000000000000000e+02 6.310000000000000000e+02
8.750000000000000000e+02 6.290000000000000000e+02
8.760000000000000000e+02 6.290000000000000000e+02
8.760000000000000000e+02 6.290000000000000000e+02
8.780000000000000000e+02 6.300000000000000000e+02
8.790000000000000000e+02 6.290000000000000000e+02
8.760000000000000000e+02 6.300000000000000000e+02
8.770000000000000000e+02 6.320000000000000000e+02
8.760000000000000000e+02 6.310000000000000000e+02
8.760000000000000000e+02 6.290000000000000000e+02
8.750000000000000000e+02 6.270000000000000000e+02
8.740000000000000000e+02 6.260000000000000000e+02
8.740000000000000000e+02 6.280000000000000000e+02
8.740000000000000000e+02 6.290000000000000000e+02
8.740000000000000000e+02 6.280000000000000000e+02
8.760000000000000000e+02 6.270000000000000000e+02
8.740000000000000000e+02 6.280000000000000000e+02
8.730000000000000000e+02 6.270000000000000000e+02
8.750000000000000000e+02 6.260000000000000000e+02
8.770000000000000000e+02 6.270000000000000000e+02
8.780000000000000000e+02 6.260000000000000000e+02
8.760000000000000000e+02 6.260000000000000000e+02
8.760000000000000000e+02 6.280000000000000000e+02
8.770000000000000000e+02 6.290000000000000000e+02
8.760000000000000000e+02 6.280000000000000000e+02
8.760000000000000000e+02 6.290000000000000000e+02
8.750000000000000000e+02 6.290000000000000000e+02
8.750000000000000000e+02 6.280000000000000000e+02
8.760000000000000000e+02 6.280000000000000000e+02
8.750000000000000000e+02 6.270000000000000000e+02
8.760000000000000000e+02 6.270000000000000000e+02
8.760000000000000000e+02 6.290000000000000000e+02
8.770000000000000000e+02 6.270000000000000000e+02
8.760000000000000000e+02 6.270000000000000000e+02
8.780000000000000000e+02 6.280000000000000000e+02
8.780000000000000000e+02 6.300000000000000000e+02
8.760000000000000000e+02 6.290000000000000000e+02
8.740000000000000000e+02 6.290000000000000000e+02
8.740000000000000000e+02 6.300000000000000000e+02
8.750000000000000000e+02 6.320000000000000000e+02
8.740000000000000000e+02 6.300000000000000000e+02
8.750000000000000000e+02 6.310000000000000000e+02
8.760000000000000000e+02 6.300000000000000000e+02
8.780000000000000000e+02 6.290000000000000000e+02
8.780000000000000000e+02 6.310000000000000000e+02
8.780000000000000000e+02 6.310000000000000000e+02
8.770000000000000000e+02 6.320000000000000000e+02
8.780000000000000000e+02 6.310000000000000000e+02
8.770000000000000000e+02 6.310000000000000000e+02
8.770000000000000000e+02 6.300000000000000000e+02
8.780000000000000000e+02 6.310000000000000000e+02
8.770000000000000000e+02 6.310000000000000000e+02
8.780000000000000000e+02 6.320000000000000000e+02
8.760000000000000000e+02 6.330000000000000000e+02
8.770000000000000000e+02 6.320000000000000000e+02
8.760000000000000000e+02 6.310000000000000000e+02
8.770000000000000000e+02 6.320000000000000000e+02
8.770000000000000000e+02 6.320000000000000000e+02
8.760000000000000000e+02 6.310000000000000000e+02
8.750000000000000000e+02 6.300000000000000000e+02
8.760000000000000000e+02 6.320000000000000000e+02
8.760000000000000000e+02 6.330000000000000000e+02
8.750000000000000000e+02 6.330000000000000000e+02
8.740000000000000000e+02 6.320000000000000000e+02
8.740000000000000000e+02 6.320000000000000000e+02
8.740000000000000000e+02 6.330000000000000000e+02
8.750000000000000000e+02 6.340000000000000000e+02
8.750000000000000000e+02 6.350000000000000000e+02
