# frames 101, center=[848, 661], duration=[500, 600], video=videos browniano 1/video browniano 1_0
8.480000000000000000e+02 6.610000000000000000e+02
8.480000000000000000e+02 6.610000000000000000e+02
8.480000000000000000e+02 6.610000000000000000e+02
8.460000000000000000e+02 6.600000000000000000e+02
8.460000000000000000e+02 6.580000000000000000e+02
8.480000000000000000e+02 6.600000000000000000e+02
8.450000000000000000e+02 6.590000000000000000e+02
8.470000000000000000e+02 6.590000000000000000e+02
8.470000000000000000e+02 6.580000000000000000e+02
8.480000000000000000e+02 6.570000000000000000e+02
8.510000000000000000e+02 6.590000000000000000e+02
8.510000000000000000e+02 6.580000000000000000e+02
8.520000000000000000e+02 6.600000000000000000e+02
8.510000000000000000e+02 6.620000000000000000e+02
8.510000000000000000e+02 6.620000000000000000e+02
8.520000000000000000e+02 6.640000000000000000e+02
8.530000000000000000e+02 6.630000000000000000e+02
8.530000000000000000e+02 6.640000000000000000e+02
8.530000000000000000e+02 6.640000000000000000e+02
8.520000000000000000e+02 6.620000000000000000e+02
8.530000000000000000e+02 6.630000000000000000e+02
8.520000000000000000e+02 6.630000000000000000e+02
8.520000000000000000e+02 6.650000000000000000e+02
8.540000000000000000e+02 6.650000000000000000e+02
8.520000000000000000e+02 6.670000000000000000e+02
8.510000000000000000e+02 6.680000000000000000e+02
8.510000000000000000e+02 6.670000000000000000e+02
8.510000000000000000e+02 6.680000000000000000e+02
8.520000000000000000e+02 6.680000000000000000e+02
8.520000000000000000e+02 6.680000000000000000e+02
8.530000000000000000e+02 6.700000000000000000e+02
8.520000000000000000e+02 6.690000000000000000e+02
8.500000000000000000e+02 6.690000000000000000e+02
8.500000000000000000e+02 6.700000000000000000e+02
8.490000000000000000e+02 6.710000000000000000e+02
8.470000000000000000e+02 6.720000000000000000e+02
8.470000000000000000e+02 6.740000000000000000e+02
8.470000000000000000e+02 6.730000000000000000e+02
8.490000000000000000e+02 6.740000000000000000e+02
8.480000000000000000e+02 6.740000000000000000e+02
8.470000000000000000e+02 6.740000000000000000e+02
8.470000000000000000e+02 6.760000000000000000e+02
8.480000000000000000e+02 6.770000000000000000e+02
8.490000000000000000e+02 6.740000000000000000e+02
8.500000000000000000e+02 6.750000000000000000e+02
8.490000000000000000e+02 6.740000000000000000e+02
8.480000000000000000e+02 6.740000000000000000e+02
8.480000000000000000e+02 6.730000000000000000e+02
8.490000000000000000e+02 6.750000000000000000e+02
8.500000000000000000e+02 6.730000000000000000e+02
8.500000000000000000e+02 6.730000000000000000e+02
8.500000000000000000e+02 6.740000000000000000e+02
8.490000000000000000e+02 6.740000000000000000e+02
8.480000000000000000e+02 6.740000000000000000e+02
8.470000000000000000e+02 6.750000000000000000e+02
8.490000000000000000e+02 6.740000000000000000e+02
8.480000000000000000e+02 6.760000000000000000e+02
8.490000000000000000e+02 6.760000000000000000e+02
8.490000000000000000e+02 6.770000000000000000e+02
8.490000000000000000e+02 6.780000000000000000e+02
8.510000000000000000e+02 6.800000000000000000e+02
8.500000000000000000e+02 6.820000000000000000e+02
8.500000000000000000e+02 6.800000000000000000e+02
8.500000000000000000e+02 6.810000000000000000e+02
8.500000000000000000e+02 6.830000000000000000e+02
8.490000000000000000e+02 6.820000000000000000e+02
8.490000000000000000e+02 6.810000000000000000e+02
8.480000000000000000e+02 6.810000000000000000e+02
8.510000000000000000e+02 6.800000000000000000e+02
8.500000000000000000e+02 6.820000000000000000e+02
8.510000000000000000e+02 6.820000000000000000e+02
8.510000000000000000e+02 6.840000000000000000e+02
8.500000000000000000e+02 6.850000000000000000e+02
8.500000000000000000e+02 6.860000000000000000e+02
8.490000000000000000e+02 6.880000000000000000e+02
8.480000000000000000e+02 6.870000000000000000e+02
8.480000000000000000e+02 6.870000000000000000e+02
8.470000000000000000e+02 6.870000000000000000e+02
8.460000000000000000e+02 6.860000000000000000e+02
8.460000000000000000e+02 6.850000000000000000e+02
8.470000000000000000e+02 6.870000000000000000e+02
8.450000000000000000e+02 6.860000000000000000e+02
8.430000000000000000e+02 6.870000000000000000e+02
8.420000000000000000e+02 6.870000000000000000e+02
8.410000000000000000e+02 6.870000000000000000e+02
8.400000000000000000e+02 6.850000000000000000e+02
8.400000000000000000e+02 6.840000000000000000e+02
8.410000000000000000e+02 6.820000000000000000e+02
8.380000000000000000e+02 6.810000000000000000e+02
8.390000000000000000e+02 6.840000000000000000e+02
8.370000000000000000e+02 6.830000000000000000e+02
8.380000000000000000e+02 6.820000000000000000e+02
8.370000000000000000e+02 6.820000000000000000e+02
8.380000000000000000e+02 6.830000000000000000e+02
8.380000000000000000e+02 6.850000000000000000e+02
8.370000000000000000e+02 6.850000000000000000e+02
8.350000000000000000e+02 6.840000000000000000e+02
8.410000000000000000e+02 6.790000000000000000e+02
8.420000000000000000e+02 6.780000000000000000e+02
8.370000000000000000e+02 6.820000000000000000e+02
8.350000000000000000e+02 6.810000000000000000e+02
