# frames 27, center=[38, 414], duration=[400, 500], video=videos browniano 1/video browniano 1_0
3.800000000000000000e+01 4.140000000000000000e+02
3.800000000000000000e+01 4.140000000000000000e+02
3.800000000000000000e+01 4.140000000000000000e+02
3.900000000000000000e+01 4.150000000000000000e+02
3.900000000000000000e+01 4.150000000000000000e+02
4.100000000000000000e+01 4.150000000000000000e+02
4.000000000000000000e+01 4.160000000000000000e+02
4.100000000000000000e+01 4.150000000000000000e+02
4.000000000000000000e+01 4.180000000000000000e+02
3.900000000000000000e+01 4.180000000000000000e+02
3.900000000000000000e+01 4.200000000000000000e+02
3.800000000000000000e+01 4.190000000000000000e+02
3.600000000000000000e+01 4.190000000000000000e+02
3.500000000000000000e+01 4.170000000000000000e+02
3.300000000000000000e+01 4.180000000000000000e+02
3.300000000000000000e+01 4.180000000000000000e+02
3.000000000000000000e+01 4.170000000000000000e+02
3.300000000000000000e+01 4.170000000000000000e+02
3.100000000000000000e+01 4.170000000000000000e+02
3.200000000000000000e+01 4.170000000000000000e+02
3.000000000000000000e+01 4.170000000000000000e+02
2.900000000000000000e+01 4.170000000000000000e+02
2.800000000000000000e+01 4.170000000000000000e+02
2.700000000000000000e+01 4.170000000000000000e+02
2.600000000000000000e+01 4.170000000000000000e+02
2.500000000000000000e+01 4.170000000000000000e+02
2.400000000000000000e+01 4.170000000000000000e+02
