# frames 101, center=[110, 606], duration=[500, 600], video=videos browniano 1/video browniano 1_0
1.100000000000000000e+02 6.060000000000000000e+02
1.100000000000000000e+02 6.060000000000000000e+02
1.100000000000000000e+02 6.060000000000000000e+02
1.090000000000000000e+02 6.070000000000000000e+02
1.090000000000000000e+02 6.070000000000000000e+02
1.100000000000000000e+02 6.060000000000000000e+02
1.110000000000000000e+02 6.060000000000000000e+02
1.130000000000000000e+02 6.070000000000000000e+02
1.140000000000000000e+02 6.070000000000000000e+02
1.120000000000000000e+02 6.080000000000000000e+02
1.130000000000000000e+02 6.080000000000000000e+02
1.130000000000000000e+02 6.070000000000000000e+02
1.130000000000000000e+02 6.080000000000000000e+02
1.120000000000000000e+02 6.060000000000000000e+02
1.100000000000000000e+02 6.060000000000000000e+02
1.080000000000000000e+02 6.070000000000000000e+02
1.090000000000000000e+02 6.050000000000000000e+02
1.090000000000000000e+02 6.030000000000000000e+02
1.060000000000000000e+02 6.030000000000000000e+02
1.070000000000000000e+02 6.040000000000000000e+02
1.070000000000000000e+02 6.050000000000000000e+02
1.050000000000000000e+02 6.050000000000000000e+02
1.040000000000000000e+02 6.060000000000000000e+02
1.060000000000000000e+02 6.060000000000000000e+02
1.070000000000000000e+02 6.050000000000000000e+02
1.080000000000000000e+02 6.060000000000000000e+02
1.090000000000000000e+02 6.060000000000000000e+02
1.080000000000000000e+02 6.040000000000000000e+02
1.090000000000000000e+02 6.040000000000000000e+02
1.090000000000000000e+02 6.040000000000000000e+02
1.100000000000000000e+02 6.050000000000000000e+02
1.110000000000000000e+02 6.020000000000000000e+02
1.120000000000000000e+02 6.020000000000000000e+02
1.100000000000000000e+02 6.020000000000000000e+02
1.100000000000000000e+02 6.020000000000000000e+02
1.080000000000000000e+02 6.020000000000000000e+02
1.060000000000000000e+02 6.020000000000000000e+02
1.060000000000000000e+02 6.010000000000000000e+02
1.090000000000000000e+02 6.010000000000000000e+02
1.100000000000000000e+02 6.020000000000000000e+02
1.120000000000000000e+02 6.020000000000000000e+02
1.120000000000000000e+02 6.010000000000000000e+02
1.140000000000000000e+02 6.010000000000000000e+02
1.130000000000000000e+02 6.020000000000000000e+02
1.120000000000000000e+02 6.030000000000000000e+02
1.110000000000000000e+02 6.020000000000000000e+02
1.100000000000000000e+02 6.040000000000000000e+02
1.090000000000000000e+02 6.040000000000000000e+02
1.100000000000000000e+02 6.040000000000000000e+02
1.110000000000000000e+02 6.050000000000000000e+02
1.130000000000000000e+02 6.100000000000000000e+02
1.130000000000000000e+02 6.110000000000000000e+02
1.100000000000000000e+02 6.070000000000000000e+02
1.120000000000000000e+02 6.080000000000000000e+02
1.120000000000000000e+02 6.080000000000000000e+02
1.130000000000000000e+02 6.100000000000000000e+02
1.120000000000000000e+02 6.090000000000000000e+02
1.120000000000000000e+02 6.110000000000000000e+02
1.100000000000000000e+02 6.110000000000000000e+02
1.100000000000000000e+02 6.110000000000000000e+02
1.110000000000000000e+02 6.130000000000000000e+02
1.110000000000000000e+02 6.150000000000000000e+02
1.100000000000000000e+02 6.130000000000000000e+02
1.110000000000000000e+02 6.120000000000000000e+02
1.120000000000000000e+02 6.120000000000000000e+02
1.130000000000000000e+02 6.090000000000000000e+02
1.130000000000000000e+02 6.090000000000000000e+02
1.130000000000000000e+02 6.100000000000000000e+02
1.130000000000000000e+02 6.100000000000000000e+02
1.100000000000000000e+02 6.110000000000000000e+02
1.110000000000000000e+02 6.120000000000000000e+02
1.110000000000000000e+02 6.120000000000000000e+02
1.110000000000000000e+02 6.130000000000000000e+02
1.130000000000000000e+02 6.130000000000000000e+02
1.140000000000000000e+02 6.140000000000000000e+02
1.150000000000000000e+02 6.130000000000000000e+02
1.150000000000000000e+02 6.140000000000000000e+02
1.120000000000000000e+02 6.140000000000000000e+02
1.120000000000000000e+02 6.160000000000000000e+02
1.110000000000000000e+02 6.140000000000000000e+02
1.090000000000000000e+02 6.130000000000000000e+02
1.100000000000000000e+02 6.140000000000000000e+02
1.090000000000000000e+02 6.140000000000000000e+02
1.090000000000000000e+02 6.140000000000000000e+02
1.090000000000000000e+02 6.160000000000000000e+02
1.100000000000000000e+02 6.180000000000000000e+02
1.090000000000000000e+02 6.190000000000000000e+02
1.080000000000000000e+02 6.170000000000000000e+02
1.080000000000000000e+02 6.150000000000000000e+02
1.090000000000000000e+02 6.160000000000000000e+02
1.090000000000000000e+02 6.140000000000000000e+02
1.110000000000000000e+02 6.140000000000000000e+02
1.100000000000000000e+02 6.110000000000000000e+02
1.090000000000000000e+02 6.080000000000000000e+02
1.080000000000000000e+02 6.080000000000000000e+02
1.090000000000000000e+02 6.070000000000000000e+02
1.100000000000000000e+02 6.060000000000000000e+02
1.070000000000000000e+02 6.050000000000000000e+02
1.100000000000000000e+02 6.070000000000000000e+02
1.100000000000000000e+02 6.080000000000000000e+02
1.120000000000000000e+02 6.070000000000000000e+02
