# frames 101, center=[245, 529], duration=[200, 300], video=videos browniano 1/video browniano 1_0
2.450000000000000000e+02 5.290000000000000000e+02
2.450000000000000000e+02 5.290000000000000000e+02
2.450000000000000000e+02 5.290000000000000000e+02
2.450000000000000000e+02 5.310000000000000000e+02
2.440000000000000000e+02 5.320000000000000000e+02
2.420000000000000000e+02 5.320000000000000000e+02
2.430000000000000000e+02 5.330000000000000000e+02
2.450000000000000000e+02 5.310000000000000000e+02
2.450000000000000000e+02 5.290000000000000000e+02
2.450000000000000000e+02 5.280000000000000000e+02
2.420000000000000000e+02 5.280000000000000000e+02
2.430000000000000000e+02 5.280000000000000000e+02
2.390000000000000000e+02 5.280000000000000000e+02
2.380000000000000000e+02 5.270000000000000000e+02
2.350000000000000000e+02 5.190000000000000000e+02
2.310000000000000000e+02 5.240000000000000000e+02
2.340000000000000000e+02 5.260000000000000000e+02
2.340000000000000000e+02 5.250000000000000000e+02
2.370000000000000000e+02 5.290000000000000000e+02
2.330000000000000000e+02 5.310000000000000000e+02
2.320000000000000000e+02 5.330000000000000000e+02
2.330000000000000000e+02 5.350000000000000000e+02
2.330000000000000000e+02 5.330000000000000000e+02
2.350000000000000000e+02 5.330000000000000000e+02
2.320000000000000000e+02 5.340000000000000000e+02
2.330000000000000000e+02 5.340000000000000000e+02
2.340000000000000000e+02 5.340000000000000000e+02
2.330000000000000000e+02 5.330000000000000000e+02
2.300000000000000000e+02 5.330000000000000000e+02
2.290000000000000000e+02 5.340000000000000000e+02
2.300000000000000000e+02 5.330000000000000000e+02
2.330000000000000000e+02 5.350000000000000000e+02
2.340000000000000000e+02 5.360000000000000000e+02
2.380000000000000000e+02 5.380000000000000000e+02
2.350000000000000000e+02 5.390000000000000000e+02
2.380000000000000000e+02 5.360000000000000000e+02
2.360000000000000000e+02 5.380000000000000000e+02
2.390000000000000000e+02 5.370000000000000000e+02
2.380000000000000000e+02 5.380000000000000000e+02
2.410000000000000000e+02 5.370000000000000000e+02
2.330000000000000000e+02 5.370000000000000000e+02
2.350000000000000000e+02 5.410000000000000000e+02
2.360000000000000000e+02 5.430000000000000000e+02
2.350000000000000000e+02 5.440000000000000000e+02
2.310000000000000000e+02 5.420000000000000000e+02
2.320000000000000000e+02 5.430000000000000000e+02
2.290000000000000000e+02 5.430000000000000000e+02
2.290000000000000000e+02 5.430000000000000000e+02
2.310000000000000000e+02 5.440000000000000000e+02
2.310000000000000000e+02 5.460000000000000000e+02
2.330000000000000000e+02 5.470000000000000000e+02
2.340000000000000000e+02 5.460000000000000000e+02
2.350000000000000000e+02 5.440000000000000000e+02
2.340000000000000000e+02 5.420000000000000000e+02
2.330000000000000000e+02 5.420000000000000000e+02
2.330000000000000000e+02 5.410000000000000000e+02
2.320000000000000000e+02 5.420000000000000000e+02
2.330000000000000000e+02 5.430000000000000000e+02
2.320000000000000000e+02 5.470000000000000000e+02
2.320000000000000000e+02 5.480000000000000000e+02
2.330000000000000000e+02 5.480000000000000000e+02
2.340000000000000000e+02 5.500000000000000000e+02
2.350000000000000000e+02 5.500000000000000000e+02
2.390000000000000000e+02 5.490000000000000000e+02
2.390000000000000000e+02 5.500000000000000000e+02
2.390000000000000000e+02 5.510000000000000000e+02
2.390000000000000000e+02 5.500000000000000000e+02
2.400000000000000000e+02 5.500000000000000000e+02
2.390000000000000000e+02 5.500000000000000000e+02
2.400000000000000000e+02 5.510000000000000000e+02
2.400000000000000000e+02 5.520000000000000000e+02
2.410000000000000000e+02 5.510000000000000000e+02
2.400000000000000000e+02 5.500000000000000000e+02
2.370000000000000000e+02 5.510000000000000000e+02
2.360000000000000000e+02 5.540000000000000000e+02
2.350000000000000000e+02 5.520000000000000000e+02
2.370000000000000000e+02 5.540000000000000000e+02
2.350000000000000000e+02 5.530000000000000000e+02
2.350000000000000000e+02 5.510000000000000000e+02
2.370000000000000000e+02 5.520000000000000000e+02
2.370000000000000000e+02 5.500000000000000000e+02
2.360000000000000000e+02 5.500000000000000000e+02
2.350000000000000000e+02 5.490000000000000000e+02
2.360000000000000000e+02 5.500000000000000000e+02
2.380000000000000000e+02 5.510000000000000000e+02
2.380000000000000000e+02 5.500000000000000000e+02
2.390000000000000000e+02 5.500000000000000000e+02
2.400000000000000000e+02 5.510000000000000000e+02
2.400000000000000000e+02 5.500000000000000000e+02
2.390000000000000000e+02 5.500000000000000000e+02
2.390000000000000000e+02 5.510000000000000000e+02
2.430000000000000000e+02 5.510000000000000000e+02
2.430000000000000000e+02 5.510000000000000000e+02
2.450000000000000000e+02 5.510000000000000000e+02
2.430000000000000000e+02 5.500000000000000000e+02
2.430000000000000000e+02 5.510000000000000000e+02
2.420000000000000000e+02 5.510000000000000000e+02
2.430000000000000000e+02 5.510000000000000000e+02
2.410000000000000000e+02 5.500000000000000000e+02
2.400000000000000000e+02 5.540000000000000000e+02
2.400000000000000000e+02 5.540000000000000000e+02
