# frames 101, center=[227, 567], duration=[400, 500], video=videos browniano 1/video browniano 1_0
2.270000000000000000e+02 5.670000000000000000e+02
2.270000000000000000e+02 5.670000000000000000e+02
2.270000000000000000e+02 5.670000000000000000e+02
2.270000000000000000e+02 5.670000000000000000e+02
2.270000000000000000e+02 5.660000000000000000e+02
2.270000000000000000e+02 5.660000000000000000e+02
2.240000000000000000e+02 5.640000000000000000e+02
2.250000000000000000e+02 5.630000000000000000e+02
2.240000000000000000e+02 5.630000000000000000e+02
2.230000000000000000e+02 5.630000000000000000e+02
2.210000000000000000e+02 5.640000000000000000e+02
2.210000000000000000e+02 5.640000000000000000e+02
2.230000000000000000e+02 5.620000000000000000e+02
2.240000000000000000e+02 5.620000000000000000e+02
2.230000000000000000e+02 5.590000000000000000e+02
2.220000000000000000e+02 5.610000000000000000e+02
2.220000000000000000e+02 5.640000000000000000e+02
2.220000000000000000e+02 5.640000000000000000e+02
2.190000000000000000e+02 5.650000000000000000e+02
2.190000000000000000e+02 5.670000000000000000e+02
2.200000000000000000e+02 5.680000000000000000e+02
2.190000000000000000e+02 5.700000000000000000e+02
2.190000000000000000e+02 5.690000000000000000e+02
2.200000000000000000e+02 5.690000000000000000e+02
2.200000000000000000e+02 5.680000000000000000e+02
2.200000000000000000e+02 5.670000000000000000e+02
2.200000000000000000e+02 5.680000000000000000e+02
2.190000000000000000e+02 5.680000000000000000e+02
2.180000000000000000e+02 5.680000000000000000e+02
2.190000000000000000e+02 5.690000000000000000e+02
2.200000000000000000e+02 5.680000000000000000e+02
2.180000000000000000e+02 5.700000000000000000e+02
2.180000000000000000e+02 5.710000000000000000e+02
2.170000000000000000e+02 5.710000000000000000e+02
2.180000000000000000e+02 5.720000000000000000e+02
2.170000000000000000e+02 5.690000000000000000e+02
2.190000000000000000e+02 5.710000000000000000e+02
2.200000000000000000e+02 5.700000000000000000e+02
2.190000000000000000e+02 5.720000000000000000e+02
2.180000000000000000e+02 5.720000000000000000e+02
2.180000000000000000e+02 5.710000000000000000e+02
2.180000000000000000e+02 5.720000000000000000e+02
2.180000000000000000e+02 5.720000000000000000e+02
2.170000000000000000e+02 5.720000000000000000e+02
2.160000000000000000e+02 5.710000000000000000e+02
2.140000000000000000e+02 5.700000000000000000e+02
2.150000000000000000e+02 5.710000000000000000e+02
2.150000000000000000e+02 5.730000000000000000e+02
2.150000000000000000e+02 5.740000000000000000e+02
2.140000000000000000e+02 5.750000000000000000e+02
2.150000000000000000e+02 5.750000000000000000e+02
2.130000000000000000e+02 5.760000000000000000e+02
2.120000000000000000e+02 5.760000000000000000e+02
2.130000000000000000e+02 5.750000000000000000e+02
2.110000000000000000e+02 5.750000000000000000e+02
2.090000000000000000e+02 5.740000000000000000e+02
2.070000000000000000e+02 5.750000000000000000e+02
2.070000000000000000e+02 5.750000000000000000e+02
2.070000000000000000e+02 5.760000000000000000e+02
2.050000000000000000e+02 5.770000000000000000e+02
2.060000000000000000e+02 5.780000000000000000e+02
2.080000000000000000e+02 5.810000000000000000e+02
2.090000000000000000e+02 5.810000000000000000e+02
2.090000000000000000e+02 5.800000000000000000e+02
2.080000000000000000e+02 5.780000000000000000e+02
2.090000000000000000e+02 5.790000000000000000e+02
2.080000000000000000e+02 5.800000000000000000e+02
2.090000000000000000e+02 5.800000000000000000e+02
2.110000000000000000e+02 5.780000000000000000e+02
2.090000000000000000e+02 5.800000000000000000e+02
2.080000000000000000e+02 5.800000000000000000e+02
2.070000000000000000e+02 5.810000000000000000e+02
2.070000000000000000e+02 5.830000000000000000e+02
2.080000000000000000e+02 5.830000000000000000e+02
2.060000000000000000e+02 5.870000000000000000e+02
2.070000000000000000e+02 5.880000000000000000e+02
2.080000000000000000e+02 5.880000000000000000e+02
2.070000000000000000e+02 5.880000000000000000e+02
2.050000000000000000e+02 5.870000000000000000e+02
2.050000000000000000e+02 5.860000000000000000e+02
2.040000000000000000e+02 5.850000000000000000e+02
2.040000000000000000e+02 5.850000000000000000e+02
2.030000000000000000e+02 5.870000000000000000e+02
2.050000000000000000e+02 5.860000000000000000e+02
2.050000000000000000e+02 5.860000000000000000e+02
2.040000000000000000e+02 5.870000000000000000e+02
2.040000000000000000e+02 5.870000000000000000e+02
2.050000000000000000e+02 5.890000000000000000e+02
2.040000000000000000e+02 5.890000000000000000e+02
2.050000000000000000e+02 5.880000000000000000e+02
2.060000000000000000e+02 5.850000000000000000e+02
2.090000000000000000e+02 5.850000000000000000e+02
2.090000000000000000e+02 5.850000000000000000e+02
2.060000000000000000e+02 5.870000000000000000e+02
2.070000000000000000e+02 5.890000000000000000e+02
2.060000000000000000e+02 5.890000000000000000e+02
2.080000000000000000e+02 5.900000000000000000e+02
2.070000000000000000e+02 5.880000000000000000e+02
2.070000000000000000e+02 5.880000000000000000e+02
2.060000000000000000e+02 5.870000000000000000e+02
2.060000000000000000e+02 5.880000000000000000e+02
