# frames 101, center=[274, 471], duration=[0, 100], video=videos browniano 1/video browniano 1_0
2.740000000000000000e+02 4.710000000000000000e+02
2.740000000000000000e+02 4.710000000000000000e+02
2.740000000000000000e+02 4.710000000000000000e+02
2.750000000000000000e+02 4.740000000000000000e+02
2.730000000000000000e+02 4.740000000000000000e+02
2.720000000000000000e+02 4.730000000000000000e+02
2.720000000000000000e+02 4.730000000000000000e+02
2.720000000000000000e+02 4.710000000000000000e+02
2.720000000000000000e+02 4.720000000000000000e+02
2.700000000000000000e+02 4.730000000000000000e+02
2.710000000000000000e+02 4.740000000000000000e+02
2.720000000000000000e+02 4.770000000000000000e+02
2.690000000000000000e+02 4.760000000000000000e+02
2.690000000000000000e+02 4.750000000000000000e+02
2.720000000000000000e+02 4.740000000000000000e+02
2.710000000000000000e+02 4.740000000000000000e+02
2.710000000000000000e+02 4.750000000000000000e+02
2.690000000000000000e+02 4.760000000000000000e+02
2.670000000000000000e+02 4.760000000000000000e+02
2.660000000000000000e+02 4.750000000000000000e+02
2.670000000000000000e+02 4.770000000000000000e+02
2.670000000000000000e+02 4.780000000000000000e+02
2.640000000000000000e+02 4.750000000000000000e+02
2.660000000000000000e+02 4.770000000000000000e+02
2.650000000000000000e+02 4.790000000000000000e+02
2.650000000000000000e+02 4.820000000000000000e+02
2.660000000000000000e+02 4.810000000000000000e+02
2.620000000000000000e+02 4.810000000000000000e+02
2.640000000000000000e+02 4.810000000000000000e+02
2.650000000000000000e+02 4.770000000000000000e+02
2.630000000000000000e+02 4.770000000000000000e+02
2.630000000000000000e+02 4.770000000000000000e+02
2.620000000000000000e+02 4.780000000000000000e+02
2.640000000000000000e+02 4.790000000000000000e+02
2.630000000000000000e+02 4.790000000000000000e+02
2.630000000000000000e+02 4.800000000000000000e+02
2.650000000000000000e+02 4.780000000000000000e+02
2.660000000000000000e+02 4.780000000000000000e+02
2.640000000000000000e+02 4.770000000000000000e+02
2.650000000000000000e+02 4.770000000000000000e+02
2.650000000000000000e+02 4.780000000000000000e+02
2.660000000000000000e+02 4.770000000000000000e+02
2.680000000000000000e+02 4.750000000000000000e+02
2.680000000000000000e+02 4.740000000000000000e+02
2.680000000000000000e+02 4.740000000000000000e+02
2.680000000000000000e+02 4.740000000000000000e+02
2.690000000000000000e+02 4.740000000000000000e+02
2.690000000000000000e+02 4.760000000000000000e+02
2.690000000000000000e+02 4.750000000000000000e+02
2.710000000000000000e+02 4.780000000000000000e+02
2.700000000000000000e+02 4.760000000000000000e+02
2.700000000000000000e+02 4.760000000000000000e+02
2.680000000000000000e+02 4.770000000000000000e+02
2.670000000000000000e+02 4.770000000000000000e+02
2.660000000000000000e+02 4.780000000000000000e+02
2.660000000000000000e+02 4.800000000000000000e+02
2.640000000000000000e+02 4.800000000000000000e+02
2.650000000000000000e+02 4.800000000000000000e+02
2.630000000000000000e+02 4.820000000000000000e+02
2.610000000000000000e+02 4.840000000000000000e+02
2.620000000000000000e+02 4.840000000000000000e+02
2.610000000000000000e+02 4.830000000000000000e+02
2.610000000000000000e+02 4.810000000000000000e+02
2.580000000000000000e+02 4.810000000000000000e+02
2.620000000000000000e+02 4.830000000000000000e+02
2.610000000000000000e+02 4.830000000000000000e+02
2.610000000000000000e+02 4.820000000000000000e+02
2.630000000000000000e+02 4.820000000000000000e+02
2.630000000000000000e+02 4.820000000000000000e+02
2.600000000000000000e+02 4.820000000000000000e+02
2.610000000000000000e+02 4.830000000000000000e+02
2.600000000000000000e+02 4.840000000000000000e+02
2.600000000000000000e+02 4.810000000000000000e+02
2.610000000000000000e+02 4.810000000000000000e+02
2.590000000000000000e+02 4.820000000000000000e+02
2.590000000000000000e+02 4.830000000000000000e+02
2.570000000000000000e+02 4.840000000000000000e+02
2.550000000000000000e+02 4.840000000000000000e+02
2.540000000000000000e+02 4.850000000000000000e+02
2.530000000000000000e+02 4.840000000000000000e+02
2.510000000000000000e+02 4.810000000000000000e+02
2.510000000000000000e+02 4.810000000000000000e+02
2.520000000000000000e+02 4.820000000000000000e+02
2.520000000000000000e+02 4.830000000000000000e+02
2.520000000000000000e+02 4.840000000000000000e+02
2.500000000000000000e+02 4.860000000000000000e+02
2.520000000000000000e+02 4.850000000000000000e+02
2.510000000000000000e+02 4.840000000000000000e+02
2.500000000000000000e+02 4.850000000000000000e+02
2.510000000000000000e+02 4.850000000000000000e+02
2.530000000000000000e+02 4.870000000000000000e+02
2.530000000000000000e+02 4.870000000000000000e+02
2.520000000000000000e+02 4.870000000000000000e+02
2.540000000000000000e+02 4.880000000000000000e+02
2.540000000000000000e+02 4.890000000000000000e+02
2.550000000000000000e+02 4.900000000000000000e+02
2.560000000000000000e+02 4.880000000000000000e+02
2.540000000000000000e+02 4.850000000000000000e+02
2.530000000000000000e+02 4.870000000000000000e+02
2.540000000000000000e+02 4.870000000000000000e+02
2.520000000000000000e+02 4.880000000000000000e+02
