# frames 101, center=[557, 137], duration=[300, 400], video=videos browniano 1/video browniano 1_0
5.570000000000000000e+02 1.370000000000000000e+02
5.570000000000000000e+02 1.370000000000000000e+02
5.570000000000000000e+02 1.370000000000000000e+02
5.550000000000000000e+02 1.380000000000000000e+02
5.550000000000000000e+02 1.400000000000000000e+02
5.550000000000000000e+02 1.380000000000000000e+02
5.530000000000000000e+02 1.340000000000000000e+02
5.550000000000000000e+02 1.360000000000000000e+02
5.560000000000000000e+02 1.350000000000000000e+02
5.560000000000000000e+02 1.370000000000000000e+02
5.570000000000000000e+02 1.370000000000000000e+02
5.550000000000000000e+02 1.380000000000000000e+02
5.570000000000000000e+02 1.370000000000000000e+02
5.570000000000000000e+02 1.370000000000000000e+02
5.570000000000000000e+02 1.370000000000000000e+02
5.560000000000000000e+02 1.390000000000000000e+02
5.570000000000000000e+02 1.370000000000000000e+02
5.570000000000000000e+02 1.370000000000000000e+02
5.550000000000000000e+02 1.390000000000000000e+02
5.530000000000000000e+02 1.420000000000000000e+02
5.490000000000000000e+02 1.410000000000000000e+02
5.530000000000000000e+02 1.420000000000000000e+02
5.540000000000000000e+02 1.390000000000000000e+02
5.530000000000000000e+02 1.420000000000000000e+02
5.540000000000000000e+02 1.410000000000000000e+02
5.550000000000000000e+02 1.400000000000000000e+02
5.500000000000000000e+02 1.410000000000000000e+02
5.490000000000000000e+02 1.410000000000000000e+02
5.470000000000000000e+02 1.400000000000000000e+02
5.480000000000000000e+02 1.390000000000000000e+02
5.470000000000000000e+02 1.390000000000000000e+02
5.450000000000000000e+02 1.370000000000000000e+02
5.460000000000000000e+02 1.390000000000000000e+02
5.490000000000000000e+02 1.400000000000000000e+02
5.490000000000000000e+02 1.420000000000000000e+02
5.520000000000000000e+02 1.430000000000000000e+02
5.530000000000000000e+02 1.420000000000000000e+02
5.510000000000000000e+02 1.420000000000000000e+02
5.520000000000000000e+02 1.400000000000000000e+02
5.540000000000000000e+02 1.410000000000000000e+02
5.520000000000000000e+02 1.400000000000000000e+02
5.520000000000000000e+02 1.420000000000000000e+02
5.510000000000000000e+02 1.420000000000000000e+02
5.520000000000000000e+02 1.420000000000000000e+02
5.510000000000000000e+02 1.420000000000000000e+02
5.520000000000000000e+02 1.400000000000000000e+02
5.510000000000000000e+02 1.410000000000000000e+02
5.500000000000000000e+02 1.410000000000000000e+02
5.500000000000000000e+02 1.410000000000000000e+02
5.490000000000000000e+02 1.400000000000000000e+02
5.500000000000000000e+02 1.390000000000000000e+02
5.510000000000000000e+02 1.390000000000000000e+02
5.490000000000000000e+02 1.380000000000000000e+02
5.520000000000000000e+02 1.370000000000000000e+02
5.510000000000000000e+02 1.370000000000000000e+02
5.500000000000000000e+02 1.360000000000000000e+02
5.500000000000000000e+02 1.330000000000000000e+02
5.480000000000000000e+02 1.340000000000000000e+02
5.480000000000000000e+02 1.330000000000000000e+02
5.500000000000000000e+02 1.340000000000000000e+02
5.490000000000000000e+02 1.330000000000000000e+02
5.500000000000000000e+02 1.340000000000000000e+02
5.470000000000000000e+02 1.330000000000000000e+02
5.480000000000000000e+02 1.350000000000000000e+02
5.480000000000000000e+02 1.340000000000000000e+02
5.470000000000000000e+02 1.320000000000000000e+02
5.480000000000000000e+02 1.350000000000000000e+02
5.480000000000000000e+02 1.360000000000000000e+02
5.500000000000000000e+02 1.370000000000000000e+02
5.500000000000000000e+02 1.350000000000000000e+02
5.500000000000000000e+02 1.350000000000000000e+02
5.510000000000000000e+02 1.370000000000000000e+02
5.510000000000000000e+02 1.360000000000000000e+02
5.500000000000000000e+02 1.380000000000000000e+02
5.500000000000000000e+02 1.400000000000000000e+02
5.510000000000000000e+02 1.400000000000000000e+02
5.510000000000000000e+02 1.400000000000000000e+02
5.520000000000000000e+02 1.390000000000000000e+02
5.500000000000000000e+02 1.380000000000000000e+02
5.530000000000000000e+02 1.400000000000000000e+02
5.520000000000000000e+02 1.420000000000000000e+02
5.530000000000000000e+02 1.420000000000000000e+02
5.550000000000000000e+02 1.420000000000000000e+02
5.540000000000000000e+02 1.450000000000000000e+02
5.540000000000000000e+02 1.430000000000000000e+02
5.550000000000000000e+02 1.440000000000000000e+02
5.540000000000000000e+02 1.450000000000000000e+02
5.520000000000000000e+02 1.460000000000000000e+02
5.530000000000000000e+02 1.450000000000000000e+02
5.520000000000000000e+02 1.470000000000000000e+02
5.510000000000000000e+02 1.450000000000000000e+02
5.520000000000000000e+02 1.450000000000000000e+02
5.510000000000000000e+02 1.450000000000000000e+02
5.500000000000000000e+02 1.440000000000000000e+02
5.500000000000000000e+02 1.450000000000000000e+02
5.530000000000000000e+02 1.450000000000000000e+02
5.530000000000000000e+02 1.490000000000000000e+02
5.520000000000000000e+02 1.470000000000000000e+02
5.510000000000000000e+02 1.480000000000000000e+02
5.500000000000000000e+02 1.480000000000000000e+02
5.510000000000000000e+02 1.450000000000000000e+02
