# frames 101, center=[561, 71], duration=[0, 100], video=videos browniano 1/video browniano 1_0
5.610000000000000000e+02 7.100000000000000000e+01
5.610000000000000000e+02 7.100000000000000000e+01
5.610000000000000000e+02 7.100000000000000000e+01
5.610000000000000000e+02 7.000000000000000000e+01
5.620000000000000000e+02 7.000000000000000000e+01
5.640000000000000000e+02 6.800000000000000000e+01
5.620000000000000000e+02 6.700000000000000000e+01
5.620000000000000000e+02 7.100000000000000000e+01
5.630000000000000000e+02 7.200000000000000000e+01
5.630000000000000000e+02 7.300000000000000000e+01
5.640000000000000000e+02 7.400000000000000000e+01
5.630000000000000000e+02 7.500000000000000000e+01
5.650000000000000000e+02 7.700000000000000000e+01
5.650000000000000000e+02 7.400000000000000000e+01
5.640000000000000000e+02 7.400000000000000000e+01
5.640000000000000000e+02 7.600000000000000000e+01
5.630000000000000000e+02 7.500000000000000000e+01
5.640000000000000000e+02 7.700000000000000000e+01
5.630000000000000000e+02 7.600000000000000000e+01
5.650000000000000000e+02 7.500000000000000000e+01
5.650000000000000000e+02 7.700000000000000000e+01
5.650000000000000000e+02 8.000000000000000000e+01
5.660000000000000000e+02 8.000000000000000000e+01
5.650000000000000000e+02 8.100000000000000000e+01
5.670000000000000000e+02 8.100000000000000000e+01
5.670000000000000000e+02 8.100000000000000000e+01
5.650000000000000000e+02 8.100000000000000000e+01
5.680000000000000000e+02 8.200000000000000000e+01
5.660000000000000000e+02 8.300000000000000000e+01
5.670000000000000000e+02 8.300000000000000000e+01
5.670000000000000000e+02 8.200000000000000000e+01
5.660000000000000000e+02 8.300000000000000000e+01
5.650000000000000000e+02 8.500000000000000000e+01
5.630000000000000000e+02 8.400000000000000000e+01
5.620000000000000000e+02 8.200000000000000000e+01
5.610000000000000000e+02 8.300000000000000000e+01
5.600000000000000000e+02 8.100000000000000000e+01
5.610000000000000000e+02 8.200000000000000000e+01
5.590000000000000000e+02 8.200000000000000000e+01
5.580000000000000000e+02 8.100000000000000000e+01
5.590000000000000000e+02 8.200000000000000000e+01
5.590000000000000000e+02 8.000000000000000000e+01
5.610000000000000000e+02 8.100000000000000000e+01
5.610000000000000000e+02 8.200000000000000000e+01
5.620000000000000000e+02 8.100000000000000000e+01
5.630000000000000000e+02 8.000000000000000000e+01
5.620000000000000000e+02 8.100000000000000000e+01
5.610000000000000000e+02 8.200000000000000000e+01
5.630000000000000000e+02 8.200000000000000000e+01
5.650000000000000000e+02 8.000000000000000000e+01
5.640000000000000000e+02 8.200000000000000000e+01
5.640000000000000000e+02 8.500000000000000000e+01
5.650000000000000000e+02 8.300000000000000000e+01
5.630000000000000000e+02 8.400000000000000000e+01
5.610000000000000000e+02 8.300000000000000000e+01
5.610000000000000000e+02 8.300000000000000000e+01
5.600000000000000000e+02 8.500000000000000000e+01
5.600000000000000000e+02 8.600000000000000000e+01
5.620000000000000000e+02 8.600000000000000000e+01
5.610000000000000000e+02 8.500000000000000000e+01
5.610000000000000000e+02 8.700000000000000000e+01
5.620000000000000000e+02 8.800000000000000000e+01
5.620000000000000000e+02 8.800000000000000000e+01
5.620000000000000000e+02 8.800000000000000000e+01
5.600000000000000000e+02 8.800000000000000000e+01
5.610000000000000000e+02 9.100000000000000000e+01
5.610000000000000000e+02 9.200000000000000000e+01
5.630000000000000000e+02 9.000000000000000000e+01
5.650000000000000000e+02 9.100000000000000000e+01
5.640000000000000000e+02 9.300000000000000000e+01
5.620000000000000000e+02 9.400000000000000000e+01
5.650000000000000000e+02 9.300000000000000000e+01
5.650000000000000000e+02 9.500000000000000000e+01
5.660000000000000000e+02 9.300000000000000000e+01
5.670000000000000000e+02 9.600000000000000000e+01
5.650000000000000000e+02 9.600000000000000000e+01
5.650000000000000000e+02 9.400000000000000000e+01
5.650000000000000000e+02 9.300000000000000000e+01
5.620000000000000000e+02 9.500000000000000000e+01
5.650000000000000000e+02 9.500000000000000000e+01
5.650000000000000000e+02 9.500000000000000000e+01
5.630000000000000000e+02 9.300000000000000000e+01
5.640000000000000000e+02 9.500000000000000000e+01
5.640000000000000000e+02 9.500000000000000000e+01
5.640000000000000000e+02 9.500000000000000000e+01
5.650000000000000000e+02 9.600000000000000000e+01
5.640000000000000000e+02 9.500000000000000000e+01
5.660000000000000000e+02 9.600000000000000000e+01
5.650000000000000000e+02 9.600000000000000000e+01
5.650000000000000000e+02 9.600000000000000000e+01
5.650000000000000000e+02 9.800000000000000000e+01
5.640000000000000000e+02 9.700000000000000000e+01
5.620000000000000000e+02 9.800000000000000000e+01
5.600000000000000000e+02 9.900000000000000000e+01
5.580000000000000000e+02 9.800000000000000000e+01
5.600000000000000000e+02 9.900000000000000000e+01
5.570000000000000000e+02 1.000000000000000000e+02
5.560000000000000000e+02 1.000000000000000000e+02
5.550000000000000000e+02 1.010000000000000000e+02
5.550000000000000000e+02 1.020000000000000000e+02
5.560000000000000000e+02 1.010000000000000000e+02
