# frames 101, center=[528, 629], duration=[400, 500], video=videos browniano 1/video browniano 1_0
5.280000000000000000e+02 6.290000000000000000e+02
5.280000000000000000e+02 6.290000000000000000e+02
5.280000000000000000e+02 6.290000000000000000e+02
5.280000000000000000e+02 6.290000000000000000e+02
5.300000000000000000e+02 6.290000000000000000e+02
5.300000000000000000e+02 6.310000000000000000e+02
5.280000000000000000e+02 6.300000000000000000e+02
5.310000000000000000e+02 6.270000000000000000e+02
5.310000000000000000e+02 6.280000000000000000e+02
5.290000000000000000e+02 6.280000000000000000e+02
5.290000000000000000e+02 6.290000000000000000e+02
5.280000000000000000e+02 6.300000000000000000e+02
5.280000000000000000e+02 6.300000000000000000e+02
5.290000000000000000e+02 6.310000000000000000e+02
5.280000000000000000e+02 6.290000000000000000e+02
5.310000000000000000e+02 6.290000000000000000e+02
5.300000000000000000e+02 6.290000000000000000e+02
5.270000000000000000e+02 6.280000000000000000e+02
5.310000000000000000e+02 6.290000000000000000e+02
5.300000000000000000e+02 6.290000000000000000e+02
5.300000000000000000e+02 6.290000000000000000e+02
5.310000000000000000e+02 6.290000000000000000e+02
5.300000000000000000e+02 6.300000000000000000e+02
5.330000000000000000e+02 6.300000000000000000e+02
5.330000000000000000e+02 6.300000000000000000e+02
5.320000000000000000e+02 6.300000000000000000e+02
5.330000000000000000e+02 6.330000000000000000e+02
5.330000000000000000e+02 6.310000000000000000e+02
5.330000000000000000e+02 6.330000000000000000e+02
5.320000000000000000e+02 6.330000000000000000e+02
5.330000000000000000e+02 6.330000000000000000e+02
5.330000000000000000e+02 6.320000000000000000e+02
5.310000000000000000e+02 6.320000000000000000e+02
5.300000000000000000e+02 6.340000000000000000e+02
5.300000000000000000e+02 6.330000000000000000e+02
5.290000000000000000e+02 6.340000000000000000e+02
5.280000000000000000e+02 6.330000000000000000e+02
5.270000000000000000e+02 6.320000000000000000e+02
5.290000000000000000e+02 6.330000000000000000e+02
5.290000000000000000e+02 6.340000000000000000e+02
5.270000000000000000e+02 6.340000000000000000e+02
5.300000000000000000e+02 6.360000000000000000e+02
5.270000000000000000e+02 6.360000000000000000e+02
5.260000000000000000e+02 6.350000000000000000e+02
5.280000000000000000e+02 6.360000000000000000e+02
5.280000000000000000e+02 6.370000000000000000e+02
5.280000000000000000e+02 6.360000000000000000e+02
5.270000000000000000e+02 6.370000000000000000e+02
5.260000000000000000e+02 6.360000000000000000e+02
5.260000000000000000e+02 6.370000000000000000e+02
5.250000000000000000e+02 6.370000000000000000e+02
5.250000000000000000e+02 6.370000000000000000e+02
5.220000000000000000e+02 6.380000000000000000e+02
5.200000000000000000e+02 6.390000000000000000e+02
5.180000000000000000e+02 6.360000000000000000e+02
5.180000000000000000e+02 6.370000000000000000e+02
5.170000000000000000e+02 6.380000000000000000e+02
5.170000000000000000e+02 6.370000000000000000e+02
5.160000000000000000e+02 6.370000000000000000e+02
5.150000000000000000e+02 6.360000000000000000e+02
5.150000000000000000e+02 6.360000000000000000e+02
5.140000000000000000e+02 6.370000000000000000e+02
5.120000000000000000e+02 6.380000000000000000e+02
5.120000000000000000e+02 6.360000000000000000e+02
5.120000000000000000e+02 6.380000000000000000e+02
5.090000000000000000e+02 6.360000000000000000e+02
5.100000000000000000e+02 6.360000000000000000e+02
5.080000000000000000e+02 6.360000000000000000e+02
5.070000000000000000e+02 6.370000000000000000e+02
5.070000000000000000e+02 6.360000000000000000e+02
5.040000000000000000e+02 6.370000000000000000e+02
5.040000000000000000e+02 6.340000000000000000e+02
5.050000000000000000e+02 6.380000000000000000e+02
5.050000000000000000e+02 6.380000000000000000e+02
5.060000000000000000e+02 6.400000000000000000e+02
5.050000000000000000e+02 6.380000000000000000e+02
5.070000000000000000e+02 6.360000000000000000e+02
5.050000000000000000e+02 6.390000000000000000e+02
5.050000000000000000e+02 6.370000000000000000e+02
5.080000000000000000e+02 6.370000000000000000e+02
5.050000000000000000e+02 6.390000000000000000e+02
5.050000000000000000e+02 6.400000000000000000e+02
5.060000000000000000e+02 6.420000000000000000e+02
5.070000000000000000e+02 6.410000000000000000e+02
5.070000000000000000e+02 6.410000000000000000e+02
5.080000000000000000e+02 6.390000000000000000e+02
5.100000000000000000e+02 6.380000000000000000e+02
5.120000000000000000e+02 6.390000000000000000e+02
5.120000000000000000e+02 6.370000000000000000e+02
5.130000000000000000e+02 6.380000000000000000e+02
5.130000000000000000e+02 6.370000000000000000e+02
5.150000000000000000e+02 6.340000000000000000e+02
5.170000000000000000e+02 6.340000000000000000e+02
5.170000000000000000e+02 6.360000000000000000e+02
5.180000000000000000e+02 6.380000000000000000e+02
5.170000000000000000e+02 6.400000000000000000e+02
5.180000000000000000e+02 6.400000000000000000e+02
5.180000000000000000e+02 6.420000000000000000e+02
5.160000000000000000e+02 6.400000000000000000e+02
5.170000000000000000e+02 6.380000000000000000e+02
5.170000000000000000e+02 6.380000000000000000e+02
