# frames 101, center=[517, 627], duration=[500, 600], video=videos browniano 1/video browniano 1_0
5.170000000000000000e+02 6.270000000000000000e+02
5.170000000000000000e+02 6.270000000000000000e+02
5.170000000000000000e+02 6.270000000000000000e+02
5.180000000000000000e+02 6.270000000000000000e+02
5.200000000000000000e+02 6.300000000000000000e+02
5.200000000000000000e+02 6.310000000000000000e+02
5.200000000000000000e+02 6.290000000000000000e+02
5.170000000000000000e+02 6.310000000000000000e+02
5.170000000000000000e+02 6.300000000000000000e+02
5.160000000000000000e+02 6.320000000000000000e+02
5.160000000000000000e+02 6.340000000000000000e+02
5.150000000000000000e+02 6.340000000000000000e+02
5.160000000000000000e+02 6.350000000000000000e+02
5.170000000000000000e+02 6.350000000000000000e+02
5.140000000000000000e+02 6.320000000000000000e+02
5.140000000000000000e+02 6.340000000000000000e+02
5.120000000000000000e+02 6.370000000000000000e+02
5.130000000000000000e+02 6.350000000000000000e+02
5.130000000000000000e+02 6.370000000000000000e+02
5.120000000000000000e+02 6.360000000000000000e+02
5.100000000000000000e+02 6.360000000000000000e+02
5.100000000000000000e+02 6.360000000000000000e+02
5.100000000000000000e+02 6.360000000000000000e+02
5.060000000000000000e+02 6.370000000000000000e+02
5.040000000000000000e+02 6.360000000000000000e+02
5.050000000000000000e+02 6.350000000000000000e+02
5.050000000000000000e+02 6.330000000000000000e+02
5.050000000000000000e+02 6.330000000000000000e+02
5.050000000000000000e+02 6.330000000000000000e+02
5.030000000000000000e+02 6.310000000000000000e+02
5.010000000000000000e+02 6.320000000000000000e+02
5.010000000000000000e+02 6.320000000000000000e+02
4.990000000000000000e+02 6.320000000000000000e+02
4.990000000000000000e+02 6.340000000000000000e+02
5.000000000000000000e+02 6.330000000000000000e+02
5.000000000000000000e+02 6.320000000000000000e+02
4.980000000000000000e+02 6.320000000000000000e+02
4.970000000000000000e+02 6.340000000000000000e+02
4.960000000000000000e+02 6.360000000000000000e+02
4.960000000000000000e+02 6.370000000000000000e+02
4.980000000000000000e+02 6.350000000000000000e+02
4.970000000000000000e+02 6.360000000000000000e+02
4.940000000000000000e+02 6.340000000000000000e+02
4.940000000000000000e+02 6.320000000000000000e+02
4.990000000000000000e+02 6.320000000000000000e+02
4.960000000000000000e+02 6.330000000000000000e+02
4.960000000000000000e+02 6.350000000000000000e+02
4.960000000000000000e+02 6.340000000000000000e+02
4.940000000000000000e+02 6.340000000000000000e+02
4.940000000000000000e+02 6.350000000000000000e+02
4.970000000000000000e+02 6.350000000000000000e+02
4.970000000000000000e+02 6.360000000000000000e+02
4.950000000000000000e+02 6.320000000000000000e+02
4.950000000000000000e+02 6.330000000000000000e+02
4.940000000000000000e+02 6.310000000000000000e+02
4.960000000000000000e+02 6.310000000000000000e+02
4.960000000000000000e+02 6.300000000000000000e+02
4.950000000000000000e+02 6.300000000000000000e+02
4.980000000000000000e+02 6.310000000000000000e+02
4.980000000000000000e+02 6.310000000000000000e+02
4.970000000000000000e+02 6.320000000000000000e+02
4.990000000000000000e+02 6.320000000000000000e+02
5.000000000000000000e+02 6.340000000000000000e+02
5.000000000000000000e+02 6.370000000000000000e+02
5.030000000000000000e+02 6.350000000000000000e+02
5.030000000000000000e+02 6.350000000000000000e+02
5.060000000000000000e+02 6.370000000000000000e+02
5.050000000000000000e+02 6.370000000000000000e+02
5.060000000000000000e+02 6.380000000000000000e+02
5.020000000000000000e+02 6.370000000000000000e+02
5.020000000000000000e+02 6.350000000000000000e+02
5.030000000000000000e+02 6.360000000000000000e+02
5.010000000000000000e+02 6.380000000000000000e+02
5.010000000000000000e+02 6.370000000000000000e+02
4.990000000000000000e+02 6.380000000000000000e+02
5.000000000000000000e+02 6.380000000000000000e+02
5.040000000000000000e+02 6.390000000000000000e+02
5.030000000000000000e+02 6.400000000000000000e+02
5.010000000000000000e+02 6.380000000000000000e+02
5.030000000000000000e+02 6.390000000000000000e+02
5.040000000000000000e+02 6.380000000000000000e+02
5.040000000000000000e+02 6.360000000000000000e+02
5.020000000000000000e+02 6.370000000000000000e+02
5.020000000000000000e+02 6.360000000000000000e+02
5.010000000000000000e+02 6.390000000000000000e+02
5.010000000000000000e+02 6.380000000000000000e+02
5.030000000000000000e+02 6.370000000000000000e+02
5.020000000000000000e+02 6.360000000000000000e+02
4.990000000000000000e+02 6.340000000000000000e+02
5.010000000000000000e+02 6.360000000000000000e+02
4.990000000000000000e+02 6.390000000000000000e+02
4.990000000000000000e+02 6.380000000000000000e+02
4.970000000000000000e+02 6.380000000000000000e+02
4.970000000000000000e+02 6.380000000000000000e+02
4.960000000000000000e+02 6.390000000000000000e+02
4.960000000000000000e+02 6.420000000000000000e+02
4.950000000000000000e+02 6.430000000000000000e+02
4.940000000000000000e+02 6.430000000000000000e+02
4.940000000000000000e+02 6.440000000000000000e+02
4.940000000000000000e+02 6.440000000000000000e+02
4.910000000000000000e+02 6.420000000000000000e+02
