# frames 101, center=[627, 341], duration=[100, 200], video=videos browniano 1/video browniano 1_0
6.270000000000000000e+02 3.410000000000000000e+02
6.270000000000000000e+02 3.410000000000000000e+02
6.270000000000000000e+02 3.410000000000000000e+02
6.280000000000000000e+02 3.420000000000000000e+02
6.270000000000000000e+02 3.430000000000000000e+02
6.260000000000000000e+02 3.430000000000000000e+02
6.260000000000000000e+02 3.440000000000000000e+02
6.230000000000000000e+02 3.410000000000000000e+02
6.230000000000000000e+02 3.420000000000000000e+02
6.230000000000000000e+02 3.410000000000000000e+02
6.210000000000000000e+02 3.390000000000000000e+02
6.220000000000000000e+02 3.380000000000000000e+02
6.200000000000000000e+02 3.370000000000000000e+02
6.210000000000000000e+02 3.370000000000000000e+02
6.210000000000000000e+02 3.380000000000000000e+02
6.210000000000000000e+02 3.380000000000000000e+02
6.230000000000000000e+02 3.390000000000000000e+02
6.230000000000000000e+02 3.360000000000000000e+02
6.220000000000000000e+02 3.360000000000000000e+02
6.210000000000000000e+02 3.370000000000000000e+02
6.210000000000000000e+02 3.380000000000000000e+02
6.190000000000000000e+02 3.370000000000000000e+02
6.200000000000000000e+02 3.390000000000000000e+02
6.200000000000000000e+02 3.390000000000000000e+02
6.230000000000000000e+02 3.400000000000000000e+02
6.220000000000000000e+02 3.380000000000000000e+02
6.210000000000000000e+02 3.380000000000000000e+02
6.220000000000000000e+02 3.390000000000000000e+02
6.210000000000000000e+02 3.370000000000000000e+02
6.220000000000000000e+02 3.390000000000000000e+02
6.180000000000000000e+02 3.380000000000000000e+02
6.170000000000000000e+02 3.380000000000000000e+02
6.150000000000000000e+02 3.410000000000000000e+02
6.140000000000000000e+02 3.410000000000000000e+02
6.140000000000000000e+02 3.430000000000000000e+02
6.130000000000000000e+02 3.430000000000000000e+02
6.110000000000000000e+02 3.440000000000000000e+02
6.120000000000000000e+02 3.430000000000000000e+02
6.130000000000000000e+02 3.420000000000000000e+02
6.150000000000000000e+02 3.440000000000000000e+02
6.140000000000000000e+02 3.410000000000000000e+02
6.150000000000000000e+02 3.410000000000000000e+02
6.160000000000000000e+02 3.430000000000000000e+02
6.160000000000000000e+02 3.420000000000000000e+02
6.180000000000000000e+02 3.440000000000000000e+02
6.160000000000000000e+02 3.460000000000000000e+02
6.170000000000000000e+02 3.440000000000000000e+02
6.170000000000000000e+02 3.430000000000000000e+02
6.160000000000000000e+02 3.440000000000000000e+02
6.170000000000000000e+02 3.440000000000000000e+02
6.170000000000000000e+02 3.460000000000000000e+02
6.170000000000000000e+02 3.450000000000000000e+02
6.180000000000000000e+02 3.440000000000000000e+02
6.170000000000000000e+02 3.420000000000000000e+02
6.190000000000000000e+02 3.420000000000000000e+02
6.170000000000000000e+02 3.430000000000000000e+02
6.180000000000000000e+02 3.430000000000000000e+02
6.190000000000000000e+02 3.450000000000000000e+02
6.180000000000000000e+02 3.450000000000000000e+02
6.190000000000000000e+02 3.440000000000000000e+02
6.190000000000000000e+02 3.430000000000000000e+02
6.180000000000000000e+02 3.400000000000000000e+02
6.180000000000000000e+02 3.410000000000000000e+02
6.170000000000000000e+02 3.410000000000000000e+02
6.190000000000000000e+02 3.410000000000000000e+02
6.190000000000000000e+02 3.410000000000000000e+02
6.190000000000000000e+02 3.410000000000000000e+02
6.220000000000000000e+02 3.440000000000000000e+02
6.220000000000000000e+02 3.460000000000000000e+02
6.220000000000000000e+02 3.470000000000000000e+02
6.210000000000000000e+02 3.470000000000000000e+02
6.220000000000000000e+02 3.470000000000000000e+02
6.220000000000000000e+02 3.470000000000000000e+02
6.190000000000000000e+02 3.460000000000000000e+02
6.200000000000000000e+02 3.480000000000000000e+02
6.190000000000000000e+02 3.490000000000000000e+02
6.190000000000000000e+02 3.470000000000000000e+02
6.220000000000000000e+02 3.490000000000000000e+02
6.210000000000000000e+02 3.470000000000000000e+02
6.210000000000000000e+02 3.480000000000000000e+02
6.210000000000000000e+02 3.470000000000000000e+02
6.190000000000000000e+02 3.470000000000000000e+02
6.210000000000000000e+02 3.480000000000000000e+02
6.210000000000000000e+02 3.470000000000000000e+02
6.200000000000000000e+02 3.480000000000000000e+02
6.200000000000000000e+02 3.500000000000000000e+02
6.190000000000000000e+02 3.500000000000000000e+02
6.180000000000000000e+02 3.500000000000000000e+02
6.170000000000000000e+02 3.500000000000000000e+02
6.160000000000000000e+02 3.520000000000000000e+02
6.160000000000000000e+02 3.520000000000000000e+02
6.150000000000000000e+02 3.510000000000000000e+02
6.130000000000000000e+02 3.500000000000000000e+02
6.130000000000000000e+02 3.490000000000000000e+02
6.110000000000000000e+02 3.490000000000000000e+02
6.110000000000000000e+02 3.490000000000000000e+02
6.090000000000000000e+02 3.490000000000000000e+02
6.110000000000000000e+02 3.470000000000000000e+02
6.100000000000000000e+02 3.470000000000000000e+02
6.100000000000000000e+02 3.450000000000000000e+02
6.100000000000000000e+02 3.450000000000000000e+02
