# frames 101, center=[563, 389], duration=[400, 500], video=videos browniano 1/video browniano 1_0
5.630000000000000000e+02 3.890000000000000000e+02
5.630000000000000000e+02 3.890000000000000000e+02
5.630000000000000000e+02 3.890000000000000000e+02
5.630000000000000000e+02 3.870000000000000000e+02
5.630000000000000000e+02 3.880000000000000000e+02
5.640000000000000000e+02 3.900000000000000000e+02
5.640000000000000000e+02 3.920000000000000000e+02
5.650000000000000000e+02 3.920000000000000000e+02
5.650000000000000000e+02 3.920000000000000000e+02
5.650000000000000000e+02 3.890000000000000000e+02
5.650000000000000000e+02 3.890000000000000000e+02
5.660000000000000000e+02 3.900000000000000000e+02
5.660000000000000000e+02 3.920000000000000000e+02
5.650000000000000000e+02 3.930000000000000000e+02
5.650000000000000000e+02 3.950000000000000000e+02
5.650000000000000000e+02 3.960000000000000000e+02
5.690000000000000000e+02 3.960000000000000000e+02
5.680000000000000000e+02 3.950000000000000000e+02
5.670000000000000000e+02 3.950000000000000000e+02
5.670000000000000000e+02 3.950000000000000000e+02
5.660000000000000000e+02 3.940000000000000000e+02
5.660000000000000000e+02 3.930000000000000000e+02
5.700000000000000000e+02 3.920000000000000000e+02
5.680000000000000000e+02 3.920000000000000000e+02
5.680000000000000000e+02 3.900000000000000000e+02
5.680000000000000000e+02 3.910000000000000000e+02
5.680000000000000000e+02 3.920000000000000000e+02
5.700000000000000000e+02 3.920000000000000000e+02
5.710000000000000000e+02 3.930000000000000000e+02
5.710000000000000000e+02 3.930000000000000000e+02
5.710000000000000000e+02 3.930000000000000000e+02
5.690000000000000000e+02 3.940000000000000000e+02
5.670000000000000000e+02 3.970000000000000000e+02
5.680000000000000000e+02 3.960000000000000000e+02
5.660000000000000000e+02 3.960000000000000000e+02
5.690000000000000000e+02 3.960000000000000000e+02
5.680000000000000000e+02 3.950000000000000000e+02
5.670000000000000000e+02 3.940000000000000000e+02
5.660000000000000000e+02 3.950000000000000000e+02
5.660000000000000000e+02 3.940000000000000000e+02
5.680000000000000000e+02 3.950000000000000000e+02
5.660000000000000000e+02 3.940000000000000000e+02
5.670000000000000000e+02 3.950000000000000000e+02
5.660000000000000000e+02 3.940000000000000000e+02
5.670000000000000000e+02 3.930000000000000000e+02
5.680000000000000000e+02 3.950000000000000000e+02
5.660000000000000000e+02 3.960000000000000000e+02
5.660000000000000000e+02 3.960000000000000000e+02
5.680000000000000000e+02 3.980000000000000000e+02
5.670000000000000000e+02 3.990000000000000000e+02
5.650000000000000000e+02 3.970000000000000000e+02
5.630000000000000000e+02 3.990000000000000000e+02
5.610000000000000000e+02 3.990000000000000000e+02
5.620000000000000000e+02 3.980000000000000000e+02
5.640000000000000000e+02 4.000000000000000000e+02
5.640000000000000000e+02 4.020000000000000000e+02
5.640000000000000000e+02 4.000000000000000000e+02
5.640000000000000000e+02 4.000000000000000000e+02
5.640000000000000000e+02 4.020000000000000000e+02
5.630000000000000000e+02 4.010000000000000000e+02
5.640000000000000000e+02 4.000000000000000000e+02
5.620000000000000000e+02 3.980000000000000000e+02
5.620000000000000000e+02 3.990000000000000000e+02
5.620000000000000000e+02 3.980000000000000000e+02
5.620000000000000000e+02 4.000000000000000000e+02
5.630000000000000000e+02 3.990000000000000000e+02
5.620000000000000000e+02 3.990000000000000000e+02
5.630000000000000000e+02 3.970000000000000000e+02
5.640000000000000000e+02 3.980000000000000000e+02
5.630000000000000000e+02 3.990000000000000000e+02
5.640000000000000000e+02 3.980000000000000000e+02
5.640000000000000000e+02 4.000000000000000000e+02
5.640000000000000000e+02 4.010000000000000000e+02
5.620000000000000000e+02 4.020000000000000000e+02
5.620000000000000000e+02 4.010000000000000000e+02
5.600000000000000000e+02 4.000000000000000000e+02
5.600000000000000000e+02 4.020000000000000000e+02
5.590000000000000000e+02 4.010000000000000000e+02
5.580000000000000000e+02 4.000000000000000000e+02
5.580000000000000000e+02 4.010000000000000000e+02
5.580000000000000000e+02 4.020000000000000000e+02
5.630000000000000000e+02 4.030000000000000000e+02
5.630000000000000000e+02 4.000000000000000000e+02
5.640000000000000000e+02 4.020000000000000000e+02
5.630000000000000000e+02 4.010000000000000000e+02
5.620000000000000000e+02 3.990000000000000000e+02
5.630000000000000000e+02 4.020000000000000000e+02
5.640000000000000000e+02 4.010000000000000000e+02
5.630000000000000000e+02 4.000000000000000000e+02
5.660000000000000000e+02 4.020000000000000000e+02
5.660000000000000000e+02 4.020000000000000000e+02
5.680000000000000000e+02 4.010000000000000000e+02
5.650000000000000000e+02 4.010000000000000000e+02
5.660000000000000000e+02 4.010000000000000000e+02
5.650000000000000000e+02 4.030000000000000000e+02
5.640000000000000000e+02 4.040000000000000000e+02
5.650000000000000000e+02 4.050000000000000000e+02
5.650000000000000000e+02 4.040000000000000000e+02
5.630000000000000000e+02 4.030000000000000000e+02
5.630000000000000000e+02 4.030000000000000000e+02
5.630000000000000000e+02 4.030000000000000000e+02
