# frames 101, center=[630, 323], duration=[300, 400], video=videos browniano 1/video browniano 1_0
6.300000000000000000e+02 3.230000000000000000e+02
6.300000000000000000e+02 3.230000000000000000e+02
6.300000000000000000e+02 3.230000000000000000e+02
6.310000000000000000e+02 3.230000000000000000e+02
6.320000000000000000e+02 3.220000000000000000e+02
6.300000000000000000e+02 3.220000000000000000e+02
6.310000000000000000e+02 3.220000000000000000e+02
6.320000000000000000e+02 3.240000000000000000e+02
6.320000000000000000e+02 3.250000000000000000e+02
6.310000000000000000e+02 3.240000000000000000e+02
6.320000000000000000e+02 3.260000000000000000e+02
6.330000000000000000e+02 3.280000000000000000e+02
6.330000000000000000e+02 3.260000000000000000e+02
6.320000000000000000e+02 3.280000000000000000e+02
6.310000000000000000e+02 3.260000000000000000e+02
6.320000000000000000e+02 3.260000000000000000e+02
6.330000000000000000e+02 3.280000000000000000e+02
6.350000000000000000e+02 3.250000000000000000e+02
6.330000000000000000e+02 3.270000000000000000e+02
6.300000000000000000e+02 3.290000000000000000e+02
6.290000000000000000e+02 3.290000000000000000e+02
6.360000000000000000e+02 3.300000000000000000e+02
6.310000000000000000e+02 3.270000000000000000e+02
6.330000000000000000e+02 3.270000000000000000e+02
6.300000000000000000e+02 3.290000000000000000e+02
6.310000000000000000e+02 3.280000000000000000e+02
6.350000000000000000e+02 3.300000000000000000e+02
6.350000000000000000e+02 3.300000000000000000e+02
6.370000000000000000e+02 3.290000000000000000e+02
6.350000000000000000e+02 3.280000000000000000e+02
6.350000000000000000e+02 3.280000000000000000e+02
6.330000000000000000e+02 3.290000000000000000e+02
6.340000000000000000e+02 3.270000000000000000e+02
6.370000000000000000e+02 3.280000000000000000e+02
6.350000000000000000e+02 3.270000000000000000e+02
6.350000000000000000e+02 3.270000000000000000e+02
6.350000000000000000e+02 3.250000000000000000e+02
6.360000000000000000e+02 3.250000000000000000e+02
6.370000000000000000e+02 3.250000000000000000e+02
6.350000000000000000e+02 3.270000000000000000e+02
6.330000000000000000e+02 3.270000000000000000e+02
6.320000000000000000e+02 3.250000000000000000e+02
6.310000000000000000e+02 3.260000000000000000e+02
6.300000000000000000e+02 3.240000000000000000e+02
6.290000000000000000e+02 3.250000000000000000e+02
6.270000000000000000e+02 3.260000000000000000e+02
6.260000000000000000e+02 3.280000000000000000e+02
6.250000000000000000e+02 3.280000000000000000e+02
6.260000000000000000e+02 3.290000000000000000e+02
6.260000000000000000e+02 3.300000000000000000e+02
6.250000000000000000e+02 3.320000000000000000e+02
6.260000000000000000e+02 3.310000000000000000e+02
6.260000000000000000e+02 3.320000000000000000e+02
6.250000000000000000e+02 3.310000000000000000e+02
6.250000000000000000e+02 3.330000000000000000e+02
6.250000000000000000e+02 3.320000000000000000e+02
6.260000000000000000e+02 3.320000000000000000e+02
6.260000000000000000e+02 3.320000000000000000e+02
6.280000000000000000e+02 3.330000000000000000e+02
6.260000000000000000e+02 3.340000000000000000e+02
6.240000000000000000e+02 3.320000000000000000e+02
6.230000000000000000e+02 3.310000000000000000e+02
6.230000000000000000e+02 3.310000000000000000e+02
6.220000000000000000e+02 3.320000000000000000e+02
6.220000000000000000e+02 3.320000000000000000e+02
6.210000000000000000e+02 3.350000000000000000e+02
6.230000000000000000e+02 3.350000000000000000e+02
6.250000000000000000e+02 3.360000000000000000e+02
6.250000000000000000e+02 3.340000000000000000e+02
6.260000000000000000e+02 3.330000000000000000e+02
6.250000000000000000e+02 3.350000000000000000e+02
6.270000000000000000e+02 3.350000000000000000e+02
6.280000000000000000e+02 3.340000000000000000e+02
6.300000000000000000e+02 3.330000000000000000e+02
6.310000000000000000e+02 3.330000000000000000e+02
6.310000000000000000e+02 3.340000000000000000e+02
6.310000000000000000e+02 3.330000000000000000e+02
6.310000000000000000e+02 3.320000000000000000e+02
6.300000000000000000e+02 3.340000000000000000e+02
6.300000000000000000e+02 3.350000000000000000e+02
6.310000000000000000e+02 3.360000000000000000e+02
6.320000000000000000e+02 3.370000000000000000e+02
6.330000000000000000e+02 3.370000000000000000e+02
6.330000000000000000e+02 3.340000000000000000e+02
6.340000000000000000e+02 3.340000000000000000e+02
6.330000000000000000e+02 3.350000000000000000e+02
6.320000000000000000e+02 3.360000000000000000e+02
6.330000000000000000e+02 3.360000000000000000e+02
6.310000000000000000e+02 3.360000000000000000e+02
6.310000000000000000e+02 3.350000000000000000e+02
6.300000000000000000e+02 3.350000000000000000e+02
6.310000000000000000e+02 3.340000000000000000e+02
6.310000000000000000e+02 3.360000000000000000e+02
6.290000000000000000e+02 3.350000000000000000e+02
6.270000000000000000e+02 3.370000000000000000e+02
6.290000000000000000e+02 3.400000000000000000e+02
6.290000000000000000e+02 3.410000000000000000e+02
6.260000000000000000e+02 3.420000000000000000e+02
6.260000000000000000e+02 3.420000000000000000e+02
6.280000000000000000e+02 3.430000000000000000e+02
6.250000000000000000e+02 3.400000000000000000e+02
