# frames 101, center=[644, 258], duration=[100, 200], video=videos browniano 1/video browniano 1_0
6.440000000000000000e+02 2.580000000000000000e+02
6.440000000000000000e+02 2.580000000000000000e+02
6.440000000000000000e+02 2.580000000000000000e+02
6.440000000000000000e+02 2.580000000000000000e+02
6.430000000000000000e+02 2.600000000000000000e+02
6.430000000000000000e+02 2.600000000000000000e+02
6.440000000000000000e+02 2.610000000000000000e+02
6.440000000000000000e+02 2.640000000000000000e+02
6.440000000000000000e+02 2.660000000000000000e+02
6.450000000000000000e+02 2.650000000000000000e+02
6.430000000000000000e+02 2.640000000000000000e+02
6.440000000000000000e+02 2.630000000000000000e+02
6.410000000000000000e+02 2.620000000000000000e+02
6.390000000000000000e+02 2.630000000000000000e+02
6.380000000000000000e+02 2.610000000000000000e+02
6.370000000000000000e+02 2.620000000000000000e+02
6.380000000000000000e+02 2.620000000000000000e+02
6.370000000000000000e+02 2.630000000000000000e+02
6.380000000000000000e+02 2.640000000000000000e+02
6.390000000000000000e+02 2.640000000000000000e+02
6.380000000000000000e+02 2.650000000000000000e+02
6.380000000000000000e+02 2.640000000000000000e+02
6.350000000000000000e+02 2.630000000000000000e+02
6.360000000000000000e+02 2.620000000000000000e+02
6.360000000000000000e+02 2.640000000000000000e+02
6.370000000000000000e+02 2.650000000000000000e+02
6.380000000000000000e+02 2.650000000000000000e+02
6.370000000000000000e+02 2.670000000000000000e+02
6.360000000000000000e+02 2.650000000000000000e+02
6.350000000000000000e+02 2.680000000000000000e+02
6.370000000000000000e+02 2.680000000000000000e+02
6.360000000000000000e+02 2.700000000000000000e+02
6.370000000000000000e+02 2.730000000000000000e+02
6.350000000000000000e+02 2.710000000000000000e+02
6.340000000000000000e+02 2.720000000000000000e+02
6.320000000000000000e+02 2.730000000000000000e+02
6.310000000000000000e+02 2.740000000000000000e+02
6.310000000000000000e+02 2.750000000000000000e+02
6.300000000000000000e+02 2.730000000000000000e+02
6.300000000000000000e+02 2.740000000000000000e+02
6.270000000000000000e+02 2.750000000000000000e+02
6.260000000000000000e+02 2.750000000000000000e+02
6.270000000000000000e+02 2.760000000000000000e+02
6.260000000000000000e+02 2.760000000000000000e+02
6.260000000000000000e+02 2.770000000000000000e+02
6.250000000000000000e+02 2.760000000000000000e+02
6.240000000000000000e+02 2.750000000000000000e+02
6.250000000000000000e+02 2.750000000000000000e+02
6.250000000000000000e+02 2.740000000000000000e+02
6.260000000000000000e+02 2.750000000000000000e+02
6.250000000000000000e+02 2.770000000000000000e+02
6.290000000000000000e+02 2.780000000000000000e+02
6.300000000000000000e+02 2.780000000000000000e+02
6.310000000000000000e+02 2.750000000000000000e+02
6.330000000000000000e+02 2.770000000000000000e+02
6.330000000000000000e+02 2.780000000000000000e+02
6.330000000000000000e+02 2.780000000000000000e+02
6.330000000000000000e+02 2.800000000000000000e+02
6.310000000000000000e+02 2.780000000000000000e+02
6.310000000000000000e+02 2.770000000000000000e+02
6.310000000000000000e+02 2.770000000000000000e+02
6.310000000000000000e+02 2.780000000000000000e+02
6.330000000000000000e+02 2.780000000000000000e+02
6.280000000000000000e+02 2.770000000000000000e+02
6.260000000000000000e+02 2.780000000000000000e+02
6.260000000000000000e+02 2.780000000000000000e+02
6.260000000000000000e+02 2.800000000000000000e+02
6.240000000000000000e+02 2.810000000000000000e+02
6.240000000000000000e+02 2.800000000000000000e+02
6.240000000000000000e+02 2.800000000000000000e+02
6.250000000000000000e+02 2.790000000000000000e+02
6.270000000000000000e+02 2.790000000000000000e+02
6.260000000000000000e+02 2.770000000000000000e+02
6.240000000000000000e+02 2.770000000000000000e+02
6.250000000000000000e+02 2.760000000000000000e+02
6.240000000000000000e+02 2.770000000000000000e+02
6.240000000000000000e+02 2.770000000000000000e+02
6.230000000000000000e+02 2.780000000000000000e+02
6.230000000000000000e+02 2.760000000000000000e+02
6.230000000000000000e+02 2.770000000000000000e+02
6.230000000000000000e+02 2.770000000000000000e+02
6.230000000000000000e+02 2.770000000000000000e+02
6.250000000000000000e+02 2.780000000000000000e+02
6.260000000000000000e+02 2.770000000000000000e+02
6.260000000000000000e+02 2.780000000000000000e+02
6.230000000000000000e+02 2.790000000000000000e+02
6.240000000000000000e+02 2.800000000000000000e+02
6.220000000000000000e+02 2.820000000000000000e+02
6.220000000000000000e+02 2.810000000000000000e+02
6.210000000000000000e+02 2.820000000000000000e+02
6.200000000000000000e+02 2.810000000000000000e+02
6.200000000000000000e+02 2.810000000000000000e+02
6.210000000000000000e+02 2.810000000000000000e+02
6.220000000000000000e+02 2.810000000000000000e+02
6.280000000000000000e+02 2.830000000000000000e+02
6.220000000000000000e+02 2.830000000000000000e+02
6.230000000000000000e+02 2.810000000000000000e+02
6.270000000000000000e+02 2.820000000000000000e+02
6.210000000000000000e+02 2.820000000000000000e+02
6.290000000000000000e+02 2.820000000000000000e+02
6.280000000000000000e+02 2.830000000000000000e+02
