# frames 101, center=[955, 366], duration=[200, 300], video=videos browniano 1/video browniano 1_0
9.550000000000000000e+02 3.660000000000000000e+02
9.550000000000000000e+02 3.660000000000000000e+02
9.550000000000000000e+02 3.660000000000000000e+02
9.540000000000000000e+02 3.640000000000000000e+02
9.540000000000000000e+02 3.650000000000000000e+02
9.510000000000000000e+02 3.650000000000000000e+02
9.520000000000000000e+02 3.620000000000000000e+02
9.520000000000000000e+02 3.620000000000000000e+02
9.520000000000000000e+02 3.620000000000000000e+02
9.510000000000000000e+02 3.620000000000000000e+02
9.500000000000000000e+02 3.650000000000000000e+02
9.490000000000000000e+02 3.620000000000000000e+02
9.510000000000000000e+02 3.650000000000000000e+02
9.500000000000000000e+02 3.650000000000000000e+02
9.510000000000000000e+02 3.690000000000000000e+02
9.550000000000000000e+02 3.690000000000000000e+02
9.550000000000000000e+02 3.660000000000000000e+02
9.550000000000000000e+02 3.640000000000000000e+02
9.540000000000000000e+02 3.630000000000000000e+02
9.550000000000000000e+02 3.620000000000000000e+02
9.550000000000000000e+02 3.620000000000000000e+02
9.550000000000000000e+02 3.620000000000000000e+02
9.560000000000000000e+02 3.610000000000000000e+02
9.550000000000000000e+02 3.610000000000000000e+02
9.520000000000000000e+02 3.620000000000000000e+02
9.530000000000000000e+02 3.660000000000000000e+02
9.490000000000000000e+02 3.670000000000000000e+02
9.480000000000000000e+02 3.680000000000000000e+02
9.490000000000000000e+02 3.690000000000000000e+02
9.470000000000000000e+02 3.650000000000000000e+02
9.480000000000000000e+02 3.650000000000000000e+02
9.460000000000000000e+02 3.670000000000000000e+02
9.490000000000000000e+02 3.660000000000000000e+02
9.480000000000000000e+02 3.660000000000000000e+02
9.480000000000000000e+02 3.650000000000000000e+02
9.510000000000000000e+02 3.690000000000000000e+02
9.480000000000000000e+02 3.700000000000000000e+02
9.470000000000000000e+02 3.690000000000000000e+02
9.510000000000000000e+02 3.660000000000000000e+02
9.500000000000000000e+02 3.670000000000000000e+02
9.510000000000000000e+02 3.680000000000000000e+02
9.500000000000000000e+02 3.690000000000000000e+02
9.530000000000000000e+02 3.670000000000000000e+02
9.550000000000000000e+02 3.670000000000000000e+02
9.510000000000000000e+02 3.670000000000000000e+02
9.530000000000000000e+02 3.670000000000000000e+02
9.490000000000000000e+02 3.660000000000000000e+02
9.490000000000000000e+02 3.660000000000000000e+02
9.480000000000000000e+02 3.670000000000000000e+02
9.480000000000000000e+02 3.680000000000000000e+02
9.490000000000000000e+02 3.720000000000000000e+02
9.490000000000000000e+02 3.700000000000000000e+02
9.500000000000000000e+02 3.670000000000000000e+02
9.490000000000000000e+02 3.650000000000000000e+02
9.490000000000000000e+02 3.650000000000000000e+02
9.450000000000000000e+02 3.650000000000000000e+02
9.470000000000000000e+02 3.630000000000000000e+02
9.460000000000000000e+02 3.640000000000000000e+02
9.450000000000000000e+02 3.630000000000000000e+02
9.440000000000000000e+02 3.620000000000000000e+02
9.480000000000000000e+02 3.630000000000000000e+02
9.450000000000000000e+02 3.630000000000000000e+02
9.450000000000000000e+02 3.630000000000000000e+02
9.440000000000000000e+02 3.590000000000000000e+02
9.430000000000000000e+02 3.610000000000000000e+02
9.430000000000000000e+02 3.620000000000000000e+02
9.440000000000000000e+02 3.640000000000000000e+02
9.430000000000000000e+02 3.650000000000000000e+02
9.410000000000000000e+02 3.630000000000000000e+02
9.390000000000000000e+02 3.640000000000000000e+02
9.410000000000000000e+02 3.620000000000000000e+02
9.390000000000000000e+02 3.660000000000000000e+02
9.380000000000000000e+02 3.660000000000000000e+02
9.380000000000000000e+02 3.670000000000000000e+02
9.380000000000000000e+02 3.620000000000000000e+02
9.410000000000000000e+02 3.630000000000000000e+02
9.430000000000000000e+02 3.620000000000000000e+02
9.430000000000000000e+02 3.640000000000000000e+02
9.420000000000000000e+02 3.670000000000000000e+02
9.430000000000000000e+02 3.670000000000000000e+02
9.430000000000000000e+02 3.700000000000000000e+02
9.440000000000000000e+02 3.720000000000000000e+02
9.470000000000000000e+02 3.730000000000000000e+02
9.500000000000000000e+02 3.740000000000000000e+02
9.510000000000000000e+02 3.730000000000000000e+02
9.480000000000000000e+02 3.720000000000000000e+02
9.490000000000000000e+02 3.710000000000000000e+02
9.490000000000000000e+02 3.710000000000000000e+02
9.490000000000000000e+02 3.710000000000000000e+02
9.490000000000000000e+02 3.700000000000000000e+02
9.520000000000000000e+02 3.720000000000000000e+02
9.510000000000000000e+02 3.740000000000000000e+02
9.520000000000000000e+02 3.740000000000000000e+02
9.520000000000000000e+02 3.730000000000000000e+02
9.510000000000000000e+02 3.730000000000000000e+02
9.500000000000000000e+02 3.730000000000000000e+02
9.490000000000000000e+02 3.730000000000000000e+02
9.470000000000000000e+02 3.730000000000000000e+02
9.490000000000000000e+02 3.740000000000000000e+02
9.470000000000000000e+02 3.750000000000000000e+02
9.460000000000000000e+02 3.750000000000000000e+02
