# frames 101, center=[955, 409], duration=[400, 500], video=videos browniano 1/video browniano 1_0
9.550000000000000000e+02 4.090000000000000000e+02
9.550000000000000000e+02 4.090000000000000000e+02
9.550000000000000000e+02 4.090000000000000000e+02
9.570000000000000000e+02 4.130000000000000000e+02
9.560000000000000000e+02 4.120000000000000000e+02
9.580000000000000000e+02 4.140000000000000000e+02
9.560000000000000000e+02 4.100000000000000000e+02
9.560000000000000000e+02 4.080000000000000000e+02
9.520000000000000000e+02 4.100000000000000000e+02
9.540000000000000000e+02 4.120000000000000000e+02
9.520000000000000000e+02 4.120000000000000000e+02
9.530000000000000000e+02 4.130000000000000000e+02
9.530000000000000000e+02 4.160000000000000000e+02
9.530000000000000000e+02 4.160000000000000000e+02
9.520000000000000000e+02 4.140000000000000000e+02
9.490000000000000000e+02 4.130000000000000000e+02
9.510000000000000000e+02 4.130000000000000000e+02
9.510000000000000000e+02 4.150000000000000000e+02
9.520000000000000000e+02 4.130000000000000000e+02
9.540000000000000000e+02 4.130000000000000000e+02
9.510000000000000000e+02 4.100000000000000000e+02
9.490000000000000000e+02 4.110000000000000000e+02
9.460000000000000000e+02 4.140000000000000000e+02
9.470000000000000000e+02 4.130000000000000000e+02
9.460000000000000000e+02 4.140000000000000000e+02
9.450000000000000000e+02 4.130000000000000000e+02
9.440000000000000000e+02 4.110000000000000000e+02
9.410000000000000000e+02 4.100000000000000000e+02
9.440000000000000000e+02 4.100000000000000000e+02
9.430000000000000000e+02 4.100000000000000000e+02
9.430000000000000000e+02 4.110000000000000000e+02
9.460000000000000000e+02 4.110000000000000000e+02
9.440000000000000000e+02 4.120000000000000000e+02
9.440000000000000000e+02 4.130000000000000000e+02
9.410000000000000000e+02 4.130000000000000000e+02
9.380000000000000000e+02 4.110000000000000000e+02
9.400000000000000000e+02 4.090000000000000000e+02
9.390000000000000000e+02 4.070000000000000000e+02
9.380000000000000000e+02 4.080000000000000000e+02
9.430000000000000000e+02 4.070000000000000000e+02
9.430000000000000000e+02 4.060000000000000000e+02
9.470000000000000000e+02 4.050000000000000000e+02
9.450000000000000000e+02 4.060000000000000000e+02
9.480000000000000000e+02 4.030000000000000000e+02
9.470000000000000000e+02 4.030000000000000000e+02
9.450000000000000000e+02 4.030000000000000000e+02
9.470000000000000000e+02 4.020000000000000000e+02
9.470000000000000000e+02 4.010000000000000000e+02
9.470000000000000000e+02 4.040000000000000000e+02
9.500000000000000000e+02 4.040000000000000000e+02
9.480000000000000000e+02 4.060000000000000000e+02
9.490000000000000000e+02 4.060000000000000000e+02
9.470000000000000000e+02 4.060000000000000000e+02
9.470000000000000000e+02 4.070000000000000000e+02
9.440000000000000000e+02 4.070000000000000000e+02
9.470000000000000000e+02 4.060000000000000000e+02
9.470000000000000000e+02 4.030000000000000000e+02
9.470000000000000000e+02 4.060000000000000000e+02
9.500000000000000000e+02 4.050000000000000000e+02
9.510000000000000000e+02 4.030000000000000000e+02
9.490000000000000000e+02 4.080000000000000000e+02
9.500000000000000000e+02 4.060000000000000000e+02
9.500000000000000000e+02 4.020000000000000000e+02
9.510000000000000000e+02 4.020000000000000000e+02
9.520000000000000000e+02 4.030000000000000000e+02
9.530000000000000000e+02 4.030000000000000000e+02
9.510000000000000000e+02 4.030000000000000000e+02
9.530000000000000000e+02 4.050000000000000000e+02
9.530000000000000000e+02 4.020000000000000000e+02
9.510000000000000000e+02 4.030000000000000000e+02
9.500000000000000000e+02 4.050000000000000000e+02
9.500000000000000000e+02 4.070000000000000000e+02
9.500000000000000000e+02 4.060000000000000000e+02
9.490000000000000000e+02 4.090000000000000000e+02
9.500000000000000000e+02 4.080000000000000000e+02
9.480000000000000000e+02 4.090000000000000000e+02
9.490000000000000000e+02 4.090000000000000000e+02
9.480000000000000000e+02 4.100000000000000000e+02
9.470000000000000000e+02 4.100000000000000000e+02
9.480000000000000000e+02 4.100000000000000000e+02
9.480000000000000000e+02 4.090000000000000000e+02
9.450000000000000000e+02 4.110000000000000000e+02
9.440000000000000000e+02 4.110000000000000000e+02
9.450000000000000000e+02 4.120000000000000000e+02
9.440000000000000000e+02 4.130000000000000000e+02
9.430000000000000000e+02 4.090000000000000000e+02
9.390000000000000000e+02 4.110000000000000000e+02
9.380000000000000000e+02 4.090000000000000000e+02
9.360000000000000000e+02 4.070000000000000000e+02
9.370000000000000000e+02 4.080000000000000000e+02
9.360000000000000000e+02 4.070000000000000000e+02
9.380000000000000000e+02 4.080000000000000000e+02
9.390000000000000000e+02 4.070000000000000000e+02
9.400000000000000000e+02 4.060000000000000000e+02
9.410000000000000000e+02 4.070000000000000000e+02
9.400000000000000000e+02 4.060000000000000000e+02
9.410000000000000000e+02 4.050000000000000000e+02
9.410000000000000000e+02 4.070000000000000000e+02
9.390000000000000000e+02 4.070000000000000000e+02
9.420000000000000000e+02 4.080000000000000000e+02
9.410000000000000000e+02 4.070000000000000000e+02
