# frames 101, center=[943, 374], duration=[300, 400], video=videos browniano 1/video browniano 1_0
9.430000000000000000e+02 3.740000000000000000e+02
9.430000000000000000e+02 3.740000000000000000e+02
9.430000000000000000e+02 3.740000000000000000e+02
9.450000000000000000e+02 3.780000000000000000e+02
9.450000000000000000e+02 3.790000000000000000e+02
9.420000000000000000e+02 3.810000000000000000e+02
9.420000000000000000e+02 3.820000000000000000e+02
9.450000000000000000e+02 3.810000000000000000e+02
9.470000000000000000e+02 3.810000000000000000e+02
9.480000000000000000e+02 3.800000000000000000e+02
9.510000000000000000e+02 3.800000000000000000e+02
9.520000000000000000e+02 3.820000000000000000e+02
9.510000000000000000e+02 3.810000000000000000e+02
9.530000000000000000e+02 3.830000000000000000e+02
9.510000000000000000e+02 3.840000000000000000e+02
9.540000000000000000e+02 3.850000000000000000e+02
9.570000000000000000e+02 3.860000000000000000e+02
9.560000000000000000e+02 3.880000000000000000e+02
9.540000000000000000e+02 3.860000000000000000e+02
9.530000000000000000e+02 3.870000000000000000e+02
9.520000000000000000e+02 3.860000000000000000e+02
9.520000000000000000e+02 3.860000000000000000e+02
9.490000000000000000e+02 3.880000000000000000e+02
9.500000000000000000e+02 3.890000000000000000e+02
9.500000000000000000e+02 3.910000000000000000e+02
9.540000000000000000e+02 3.890000000000000000e+02
9.550000000000000000e+02 3.930000000000000000e+02
9.530000000000000000e+02 3.920000000000000000e+02
9.550000000000000000e+02 3.890000000000000000e+02
9.550000000000000000e+02 3.890000000000000000e+02
9.540000000000000000e+02 3.880000000000000000e+02
9.510000000000000000e+02 3.880000000000000000e+02
9.490000000000000000e+02 3.860000000000000000e+02
9.500000000000000000e+02 3.850000000000000000e+02
9.520000000000000000e+02 3.840000000000000000e+02
9.530000000000000000e+02 3.840000000000000000e+02
9.520000000000000000e+02 3.830000000000000000e+02
9.530000000000000000e+02 3.810000000000000000e+02
9.570000000000000000e+02 3.820000000000000000e+02
9.530000000000000000e+02 3.830000000000000000e+02
9.530000000000000000e+02 3.860000000000000000e+02
9.530000000000000000e+02 3.860000000000000000e+02
9.560000000000000000e+02 3.850000000000000000e+02
9.560000000000000000e+02 3.840000000000000000e+02
9.550000000000000000e+02 3.850000000000000000e+02
9.520000000000000000e+02 3.860000000000000000e+02
9.510000000000000000e+02 3.860000000000000000e+02
9.520000000000000000e+02 3.880000000000000000e+02
9.530000000000000000e+02 3.850000000000000000e+02
9.540000000000000000e+02 3.880000000000000000e+02
9.570000000000000000e+02 3.880000000000000000e+02
9.550000000000000000e+02 3.930000000000000000e+02
9.570000000000000000e+02 3.940000000000000000e+02
9.550000000000000000e+02 3.950000000000000000e+02
9.550000000000000000e+02 3.970000000000000000e+02
9.550000000000000000e+02 3.940000000000000000e+02
9.560000000000000000e+02 3.970000000000000000e+02
9.550000000000000000e+02 3.980000000000000000e+02
9.540000000000000000e+02 3.980000000000000000e+02
9.530000000000000000e+02 3.980000000000000000e+02
9.520000000000000000e+02 4.010000000000000000e+02
9.550000000000000000e+02 4.030000000000000000e+02
9.540000000000000000e+02 4.070000000000000000e+02
9.550000000000000000e+02 4.070000000000000000e+02
9.550000000000000000e+02 4.070000000000000000e+02
9.560000000000000000e+02 4.060000000000000000e+02
9.570000000000000000e+02 4.060000000000000000e+02
9.570000000000000000e+02 4.050000000000000000e+02
9.560000000000000000e+02 4.040000000000000000e+02
9.590000000000000000e+02 4.060000000000000000e+02
9.570000000000000000e+02 4.080000000000000000e+02
9.580000000000000000e+02 4.080000000000000000e+02
9.580000000000000000e+02 4.080000000000000000e+02
9.580000000000000000e+02 4.070000000000000000e+02
9.580000000000000000e+02 4.060000000000000000e+02
9.580000000000000000e+02 4.050000000000000000e+02
9.570000000000000000e+02 4.040000000000000000e+02
9.560000000000000000e+02 4.060000000000000000e+02
9.580000000000000000e+02 4.080000000000000000e+02
9.570000000000000000e+02 4.090000000000000000e+02
9.590000000000000000e+02 4.080000000000000000e+02
9.590000000000000000e+02 4.080000000000000000e+02
9.610000000000000000e+02 4.100000000000000000e+02
9.590000000000000000e+02 4.090000000000000000e+02
9.560000000000000000e+02 4.100000000000000000e+02
9.570000000000000000e+02 4.110000000000000000e+02
9.570000000000000000e+02 4.090000000000000000e+02
9.570000000000000000e+02 4.080000000000000000e+02
9.570000000000000000e+02 4.080000000000000000e+02
9.580000000000000000e+02 4.060000000000000000e+02
9.600000000000000000e+02 4.080000000000000000e+02
9.610000000000000000e+02 4.100000000000000000e+02
9.610000000000000000e+02 4.110000000000000000e+02
9.590000000000000000e+02 4.100000000000000000e+02
9.590000000000000000e+02 4.100000000000000000e+02
9.600000000000000000e+02 4.100000000000000000e+02
9.580000000000000000e+02 4.080000000000000000e+02
9.600000000000000000e+02 4.090000000000000000e+02
9.580000000000000000e+02 4.100000000000000000e+02
9.590000000000000000e+02 4.100000000000000000e+02
9.580000000000000000e+02 4.090000000000000000e+02
