# frames 30, center=[1025, 484], duration=[300, 400], video=videos browniano 1/video browniano 1_0
1.025000000000000000e+03 4.840000000000000000e+02
1.025000000000000000e+03 4.840000000000000000e+02
1.025000000000000000e+03 4.840000000000000000e+02
1.027000000000000000e+03 4.840000000000000000e+02
1.026000000000000000e+03 4.830000000000000000e+02
1.023000000000000000e+03 4.820000000000000000e+02
1.020000000000000000e+03 4.820000000000000000e+02
1.018000000000000000e+03 4.850000000000000000e+02
1.019000000000000000e+03 4.850000000000000000e+02
1.018000000000000000e+03 4.870000000000000000e+02
1.020000000000000000e+03 4.880000000000000000e+02
1.022000000000000000e+03 4.890000000000000000e+02
1.024000000000000000e+03 4.910000000000000000e+02
1.025000000000000000e+03 4.900000000000000000e+02
1.023000000000000000e+03 4.880000000000000000e+02
1.026000000000000000e+03 4.890000000000000000e+02
1.025000000000000000e+03 4.900000000000000000e+02
1.023000000000000000e+03 4.920000000000000000e+02
1.022000000000000000e+03 4.950000000000000000e+02
1.021000000000000000e+03 4.940000000000000000e+02
1.022000000000000000e+03 4.950000000000000000e+02
1.023000000000000000e+03 4.960000000000000000e+02
1.024000000000000000e+03 4.970000000000000000e+02
1.025000000000000000e+03 4.980000000000000000e+02
1.026000000000000000e+03 4.990000000000000000e+02
1.027000000000000000e+03 5.000000000000000000e+02
1.030000000000000000e+03 5.060000000000000000e+02
1.028000000000000000e+03 5.100000000000000000e+02
1.028000000000000000e+03 5.090000000000000000e+02
1.025000000000000000e+03 5.080000000000000000e+02
