# frames 101, center=[1038, 462], duration=[0, 100], video=videos browniano 1/video browniano 1_0
1.038000000000000000e+03 4.620000000000000000e+02
1.038000000000000000e+03 4.620000000000000000e+02
1.038000000000000000e+03 4.620000000000000000e+02
1.039000000000000000e+03 4.650000000000000000e+02
1.035000000000000000e+03 4.650000000000000000e+02
1.035000000000000000e+03 4.670000000000000000e+02
1.030000000000000000e+03 4.670000000000000000e+02
1.029000000000000000e+03 4.690000000000000000e+02
1.029000000000000000e+03 4.670000000000000000e+02
1.027000000000000000e+03 4.690000000000000000e+02
1.024000000000000000e+03 4.660000000000000000e+02
1.025000000000000000e+03 4.660000000000000000e+02
1.021000000000000000e+03 4.680000000000000000e+02
1.022000000000000000e+03 4.670000000000000000e+02
1.023000000000000000e+03 4.660000000000000000e+02
1.023000000000000000e+03 4.650000000000000000e+02
1.022000000000000000e+03 4.620000000000000000e+02
1.019000000000000000e+03 4.670000000000000000e+02
1.021000000000000000e+03 4.660000000000000000e+02
1.022000000000000000e+03 4.640000000000000000e+02
1.021000000000000000e+03 4.640000000000000000e+02
1.023000000000000000e+03 4.630000000000000000e+02
1.022000000000000000e+03 4.600000000000000000e+02
1.024000000000000000e+03 4.610000000000000000e+02
1.022000000000000000e+03 4.630000000000000000e+02
1.020000000000000000e+03 4.600000000000000000e+02
1.019000000000000000e+03 4.600000000000000000e+02
1.018000000000000000e+03 4.600000000000000000e+02
1.020000000000000000e+03 4.550000000000000000e+02
1.020000000000000000e+03 4.550000000000000000e+02
1.019000000000000000e+03 4.550000000000000000e+02
1.021000000000000000e+03 4.530000000000000000e+02
1.022000000000000000e+03 4.520000000000000000e+02
1.021000000000000000e+03 4.490000000000000000e+02
1.022000000000000000e+03 4.490000000000000000e+02
1.019000000000000000e+03 4.510000000000000000e+02
1.019000000000000000e+03 4.510000000000000000e+02
1.021000000000000000e+03 4.520000000000000000e+02
1.020000000000000000e+03 4.550000000000000000e+02
1.021000000000000000e+03 4.580000000000000000e+02
1.021000000000000000e+03 4.600000000000000000e+02
1.020000000000000000e+03 4.610000000000000000e+02
1.019000000000000000e+03 4.600000000000000000e+02
1.015000000000000000e+03 4.630000000000000000e+02
1.016000000000000000e+03 4.620000000000000000e+02
1.009000000000000000e+03 4.650000000000000000e+02
1.007000000000000000e+03 4.660000000000000000e+02
1.007000000000000000e+03 4.670000000000000000e+02
1.009000000000000000e+03 4.680000000000000000e+02
1.009000000000000000e+03 4.720000000000000000e+02
1.008000000000000000e+03 4.740000000000000000e+02
1.008000000000000000e+03 4.710000000000000000e+02
1.009000000000000000e+03 4.680000000000000000e+02
1.006000000000000000e+03 4.640000000000000000e+02
1.010000000000000000e+03 4.590000000000000000e+02
1.011000000000000000e+03 4.570000000000000000e+02
1.010000000000000000e+03 4.580000000000000000e+02
1.008000000000000000e+03 4.580000000000000000e+02
1.008000000000000000e+03 4.600000000000000000e+02
1.006000000000000000e+03 4.580000000000000000e+02
1.007000000000000000e+03 4.550000000000000000e+02
1.008000000000000000e+03 4.580000000000000000e+02
1.008000000000000000e+03 4.550000000000000000e+02
1.006000000000000000e+03 4.590000000000000000e+02
1.008000000000000000e+03 4.590000000000000000e+02
1.009000000000000000e+03 4.620000000000000000e+02
1.009000000000000000e+03 4.610000000000000000e+02
1.006000000000000000e+03 4.610000000000000000e+02
1.004000000000000000e+03 4.600000000000000000e+02
1.005000000000000000e+03 4.570000000000000000e+02
1.006000000000000000e+03 4.620000000000000000e+02
1.005000000000000000e+03 4.630000000000000000e+02
1.009000000000000000e+03 4.640000000000000000e+02
1.009000000000000000e+03 4.680000000000000000e+02
1.007000000000000000e+03 4.690000000000000000e+02
1.006000000000000000e+03 4.700000000000000000e+02
1.007000000000000000e+03 4.690000000000000000e+02
1.005000000000000000e+03 4.650000000000000000e+02
1.008000000000000000e+03 4.680000000000000000e+02
1.009000000000000000e+03 4.700000000000000000e+02
1.008000000000000000e+03 4.720000000000000000e+02
1.009000000000000000e+03 4.700000000000000000e+02
1.010000000000000000e+03 4.720000000000000000e+02
1.008000000000000000e+03 4.750000000000000000e+02
1.007000000000000000e+03 4.750000000000000000e+02
1.007000000000000000e+03 4.740000000000000000e+02
1.006000000000000000e+03 4.720000000000000000e+02
1.010000000000000000e+03 4.690000000000000000e+02
1.011000000000000000e+03 4.690000000000000000e+02
1.013000000000000000e+03 4.720000000000000000e+02
1.015000000000000000e+03 4.740000000000000000e+02
1.013000000000000000e+03 4.790000000000000000e+02
1.010000000000000000e+03 4.800000000000000000e+02
1.014000000000000000e+03 4.790000000000000000e+02
1.019000000000000000e+03 4.790000000000000000e+02
1.020000000000000000e+03 4.760000000000000000e+02
1.025000000000000000e+03 4.750000000000000000e+02
1.026000000000000000e+03 4.750000000000000000e+02
1.027000000000000000e+03 4.740000000000000000e+02
1.029000000000000000e+03 4.750000000000000000e+02
1.026000000000000000e+03 4.760000000000000000e+02
