# frames 76, center=[975, 388], duration=[0, 75], video=Pinza_3
9.750000000000000000e+02 3.880000000000000000e+02
9.750000000000000000e+02 3.880000000000000000e+02
9.750000000000000000e+02 3.880000000000000000e+02
9.760000000000000000e+02 3.880000000000000000e+02
9.760000000000000000e+02 3.870000000000000000e+02
9.760000000000000000e+02 3.880000000000000000e+02
9.760000000000000000e+02 3.880000000000000000e+02
9.760000000000000000e+02 3.890000000000000000e+02
9.760000000000000000e+02 3.880000000000000000e+02
9.750000000000000000e+02 3.880000000000000000e+02
9.750000000000000000e+02 3.880000000000000000e+02
9.750000000000000000e+02 3.880000000000000000e+02
9.740000000000000000e+02 3.880000000000000000e+02
9.740000000000000000e+02 3.880000000000000000e+02
9.750000000000000000e+02 3.880000000000000000e+02
9.750000000000000000e+02 3.880000000000000000e+02
9.740000000000000000e+02 3.870000000000000000e+02
9.740000000000000000e+02 3.870000000000000000e+02
9.750000000000000000e+02 3.880000000000000000e+02
9.750000000000000000e+02 3.880000000000000000e+02
9.740000000000000000e+02 3.880000000000000000e+02
9.750000000000000000e+02 3.890000000000000000e+02
9.750000000000000000e+02 3.880000000000000000e+02
9.750000000000000000e+02 3.880000000000000000e+02
9.760000000000000000e+02 3.890000000000000000e+02
9.770000000000000000e+02 3.880000000000000000e+02
9.770000000000000000e+02 3.880000000000000000e+02
9.780000000000000000e+02 3.890000000000000000e+02
9.770000000000000000e+02 3.890000000000000000e+02
9.760000000000000000e+02 3.880000000000000000e+02
9.770000000000000000e+02 3.890000000000000000e+02
9.770000000000000000e+02 3.880000000000000000e+02
9.760000000000000000e+02 3.890000000000000000e+02
9.770000000000000000e+02 3.880000000000000000e+02
9.760000000000000000e+02 3.880000000000000000e+02
9.750000000000000000e+02 3.880000000000000000e+02
9.750000000000000000e+02 3.880000000000000000e+02
9.770000000000000000e+02 3.890000000000000000e+02
9.750000000000000000e+02 3.880000000000000000e+02
9.760000000000000000e+02 3.880000000000000000e+02
9.750000000000000000e+02 3.870000000000000000e+02
9.760000000000000000e+02 3.870000000000000000e+02
9.750000000000000000e+02 3.880000000000000000e+02
9.750000000000000000e+02 3.870000000000000000e+02
9.750000000000000000e+02 3.880000000000000000e+02
9.750000000000000000e+02 3.890000000000000000e+02
9.740000000000000000e+02 3.890000000000000000e+02
9.740000000000000000e+02 3.890000000000000000e+02
9.740000000000000000e+02 3.890000000000000000e+02
9.740000000000000000e+02 3.890000000000000000e+02
9.750000000000000000e+02 3.890000000000000000e+02
9.750000000000000000e+02 3.890000000000000000e+02
9.750000000000000000e+02 3.890000000000000000e+02
9.750000000000000000e+02 3.890000000000000000e+02
9.740000000000000000e+02 3.900000000000000000e+02
9.740000000000000000e+02 3.890000000000000000e+02
9.740000000000000000e+02 3.880000000000000000e+02
9.750000000000000000e+02 3.880000000000000000e+02
9.740000000000000000e+02 3.890000000000000000e+02
9.740000000000000000e+02 3.890000000000000000e+02
9.740000000000000000e+02 3.890000000000000000e+02
9.740000000000000000e+02 3.890000000000000000e+02
9.730000000000000000e+02 3.900000000000000000e+02
9.730000000000000000e+02 3.900000000000000000e+02
9.730000000000000000e+02 3.900000000000000000e+02
9.750000000000000000e+02 3.900000000000000000e+02
9.760000000000000000e+02 3.900000000000000000e+02
9.760000000000000000e+02 3.890000000000000000e+02
9.750000000000000000e+02 3.890000000000000000e+02
9.760000000000000000e+02 3.890000000000000000e+02
9.750000000000000000e+02 3.900000000000000000e+02
9.750000000000000000e+02 3.900000000000000000e+02
9.750000000000000000e+02 3.900000000000000000e+02
9.730000000000000000e+02 3.900000000000000000e+02
9.740000000000000000e+02 3.900000000000000000e+02
9.740000000000000000e+02 3.900000000000000000e+02
