# frames 106, center=[958, 690], duration=[0, 105], video=Browniano
9.580000000000000000e+02 6.900000000000000000e+02
9.580000000000000000e+02 6.900000000000000000e+02
9.580000000000000000e+02 6.900000000000000000e+02
9.620000000000000000e+02 6.910000000000000000e+02
9.620000000000000000e+02 6.880000000000000000e+02
9.640000000000000000e+02 6.890000000000000000e+02
9.610000000000000000e+02 6.870000000000000000e+02
9.630000000000000000e+02 6.870000000000000000e+02
9.650000000000000000e+02 6.900000000000000000e+02
9.610000000000000000e+02 6.880000000000000000e+02
9.630000000000000000e+02 6.880000000000000000e+02
9.610000000000000000e+02 6.890000000000000000e+02
9.610000000000000000e+02 6.890000000000000000e+02
9.620000000000000000e+02 6.920000000000000000e+02
9.610000000000000000e+02 6.910000000000000000e+02
9.610000000000000000e+02 6.910000000000000000e+02
9.590000000000000000e+02 6.900000000000000000e+02
9.580000000000000000e+02 6.920000000000000000e+02
9.610000000000000000e+02 6.920000000000000000e+02
9.560000000000000000e+02 6.890000000000000000e+02
9.580000000000000000e+02 6.890000000000000000e+02
9.590000000000000000e+02 6.890000000000000000e+02
9.580000000000000000e+02 6.880000000000000000e+02
9.580000000000000000e+02 6.890000000000000000e+02
9.580000000000000000e+02 6.910000000000000000e+02
9.590000000000000000e+02 6.910000000000000000e+02
9.580000000000000000e+02 6.920000000000000000e+02
9.580000000000000000e+02 6.890000000000000000e+02
9.590000000000000000e+02 6.890000000000000000e+02
9.550000000000000000e+02 6.890000000000000000e+02
9.540000000000000000e+02 6.880000000000000000e+02
9.560000000000000000e+02 6.920000000000000000e+02
9.530000000000000000e+02 6.890000000000000000e+02
9.520000000000000000e+02 6.900000000000000000e+02
9.540000000000000000e+02 6.920000000000000000e+02
9.540000000000000000e+02 6.930000000000000000e+02
9.570000000000000000e+02 6.940000000000000000e+02
9.570000000000000000e+02 6.940000000000000000e+02
9.550000000000000000e+02 6.910000000000000000e+02
9.550000000000000000e+02 6.930000000000000000e+02
9.520000000000000000e+02 6.920000000000000000e+02
9.550000000000000000e+02 6.940000000000000000e+02
9.530000000000000000e+02 6.930000000000000000e+02
9.540000000000000000e+02 6.940000000000000000e+02
9.540000000000000000e+02 6.950000000000000000e+02
9.560000000000000000e+02 6.950000000000000000e+02
9.560000000000000000e+02 6.980000000000000000e+02
9.540000000000000000e+02 6.990000000000000000e+02
9.510000000000000000e+02 6.980000000000000000e+02
9.550000000000000000e+02 6.990000000000000000e+02
9.520000000000000000e+02 6.980000000000000000e+02
9.550000000000000000e+02 7.010000000000000000e+02
9.540000000000000000e+02 7.010000000000000000e+02
9.540000000000000000e+02 7.010000000000000000e+02
9.540000000000000000e+02 7.020000000000000000e+02
9.560000000000000000e+02 7.020000000000000000e+02
9.560000000000000000e+02 7.010000000000000000e+02
9.530000000000000000e+02 7.010000000000000000e+02
9.540000000000000000e+02 7.020000000000000000e+02
9.510000000000000000e+02 7.010000000000000000e+02
9.520000000000000000e+02 7.000000000000000000e+02
9.540000000000000000e+02 7.020000000000000000e+02
9.530000000000000000e+02 7.020000000000000000e+02
9.560000000000000000e+02 7.020000000000000000e+02
9.510000000000000000e+02 7.000000000000000000e+02
9.540000000000000000e+02 6.990000000000000000e+02
9.550000000000000000e+02 6.990000000000000000e+02
9.510000000000000000e+02 6.950000000000000000e+02
9.500000000000000000e+02 6.970000000000000000e+02
9.470000000000000000e+02 6.960000000000000000e+02
9.470000000000000000e+02 6.950000000000000000e+02
9.510000000000000000e+02 6.960000000000000000e+02
9.490000000000000000e+02 6.960000000000000000e+02
9.500000000000000000e+02 6.970000000000000000e+02
9.510000000000000000e+02 6.960000000000000000e+02
9.500000000000000000e+02 6.950000000000000000e+02
9.500000000000000000e+02 6.970000000000000000e+02
9.500000000000000000e+02 6.940000000000000000e+02
9.500000000000000000e+02 6.920000000000000000e+02
9.520000000000000000e+02 6.930000000000000000e+02
9.480000000000000000e+02 6.920000000000000000e+02
9.500000000000000000e+02 6.930000000000000000e+02
9.480000000000000000e+02 6.940000000000000000e+02
9.480000000000000000e+02 6.940000000000000000e+02
9.510000000000000000e+02 6.960000000000000000e+02
9.500000000000000000e+02 6.950000000000000000e+02
9.510000000000000000e+02 6.950000000000000000e+02
9.510000000000000000e+02 6.950000000000000000e+02
9.520000000000000000e+02 6.960000000000000000e+02
9.500000000000000000e+02 6.970000000000000000e+02
9.500000000000000000e+02 7.000000000000000000e+02
9.490000000000000000e+02 7.000000000000000000e+02
9.510000000000000000e+02 6.970000000000000000e+02
9.530000000000000000e+02 6.970000000000000000e+02
9.540000000000000000e+02 6.960000000000000000e+02
9.560000000000000000e+02 6.950000000000000000e+02
9.560000000000000000e+02 6.960000000000000000e+02
9.520000000000000000e+02 6.940000000000000000e+02
9.550000000000000000e+02 6.950000000000000000e+02
9.520000000000000000e+02 6.940000000000000000e+02
9.520000000000000000e+02 6.960000000000000000e+02
9.530000000000000000e+02 6.990000000000000000e+02
9.520000000000000000e+02 6.960000000000000000e+02
9.520000000000000000e+02 6.980000000000000000e+02
9.510000000000000000e+02 6.980000000000000000e+02
9.510000000000000000e+02 6.970000000000000000e+02
