# frames 101, center=[949, 125], duration=[200, 300], video=videos browniano 1/Browniano
9.490000000000000000e+02 1.250000000000000000e+02
9.490000000000000000e+02 1.250000000000000000e+02
9.490000000000000000e+02 1.250000000000000000e+02
9.490000000000000000e+02 1.250000000000000000e+02
9.520000000000000000e+02 1.260000000000000000e+02
9.490000000000000000e+02 1.250000000000000000e+02
9.520000000000000000e+02 1.290000000000000000e+02
9.510000000000000000e+02 1.300000000000000000e+02
9.500000000000000000e+02 1.290000000000000000e+02
9.510000000000000000e+02 1.310000000000000000e+02
9.510000000000000000e+02 1.290000000000000000e+02
9.520000000000000000e+02 1.280000000000000000e+02
9.500000000000000000e+02 1.270000000000000000e+02
9.500000000000000000e+02 1.260000000000000000e+02
9.520000000000000000e+02 1.260000000000000000e+02
9.490000000000000000e+02 1.250000000000000000e+02
9.490000000000000000e+02 1.240000000000000000e+02
9.510000000000000000e+02 1.230000000000000000e+02
9.530000000000000000e+02 1.230000000000000000e+02
9.550000000000000000e+02 1.240000000000000000e+02
9.530000000000000000e+02 1.230000000000000000e+02
9.530000000000000000e+02 1.230000000000000000e+02
9.540000000000000000e+02 1.240000000000000000e+02
9.520000000000000000e+02 1.230000000000000000e+02
9.530000000000000000e+02 1.230000000000000000e+02
9.520000000000000000e+02 1.240000000000000000e+02
9.520000000000000000e+02 1.240000000000000000e+02
9.510000000000000000e+02 1.250000000000000000e+02
9.490000000000000000e+02 1.240000000000000000e+02
9.500000000000000000e+02 1.250000000000000000e+02
9.520000000000000000e+02 1.270000000000000000e+02
9.500000000000000000e+02 1.280000000000000000e+02
9.520000000000000000e+02 1.330000000000000000e+02
9.470000000000000000e+02 1.310000000000000000e+02
9.500000000000000000e+02 1.320000000000000000e+02
9.490000000000000000e+02 1.320000000000000000e+02
9.470000000000000000e+02 1.290000000000000000e+02
9.490000000000000000e+02 1.320000000000000000e+02
9.470000000000000000e+02 1.330000000000000000e+02
9.440000000000000000e+02 1.340000000000000000e+02
9.460000000000000000e+02 1.350000000000000000e+02
9.450000000000000000e+02 1.370000000000000000e+02
9.450000000000000000e+02 1.370000000000000000e+02
9.470000000000000000e+02 1.390000000000000000e+02
9.460000000000000000e+02 1.370000000000000000e+02
9.480000000000000000e+02 1.380000000000000000e+02
9.480000000000000000e+02 1.370000000000000000e+02
9.500000000000000000e+02 1.380000000000000000e+02
9.520000000000000000e+02 1.370000000000000000e+02
9.490000000000000000e+02 1.360000000000000000e+02
9.510000000000000000e+02 1.390000000000000000e+02
9.490000000000000000e+02 1.360000000000000000e+02
9.510000000000000000e+02 1.340000000000000000e+02
9.520000000000000000e+02 1.360000000000000000e+02
9.500000000000000000e+02 1.360000000000000000e+02
9.500000000000000000e+02 1.380000000000000000e+02
9.500000000000000000e+02 1.390000000000000000e+02
9.510000000000000000e+02 1.390000000000000000e+02
9.520000000000000000e+02 1.440000000000000000e+02
9.490000000000000000e+02 1.450000000000000000e+02
9.500000000000000000e+02 1.470000000000000000e+02
9.490000000000000000e+02 1.440000000000000000e+02
9.510000000000000000e+02 1.450000000000000000e+02
9.520000000000000000e+02 1.490000000000000000e+02
9.480000000000000000e+02 1.490000000000000000e+02
9.500000000000000000e+02 1.490000000000000000e+02
9.500000000000000000e+02 1.500000000000000000e+02
9.460000000000000000e+02 1.500000000000000000e+02
9.470000000000000000e+02 1.520000000000000000e+02
9.440000000000000000e+02 1.490000000000000000e+02
9.430000000000000000e+02 1.490000000000000000e+02
9.490000000000000000e+02 1.500000000000000000e+02
9.490000000000000000e+02 1.500000000000000000e+02
9.460000000000000000e+02 1.490000000000000000e+02
9.440000000000000000e+02 1.470000000000000000e+02
9.440000000000000000e+02 1.470000000000000000e+02
9.440000000000000000e+02 1.490000000000000000e+02
9.450000000000000000e+02 1.510000000000000000e+02
9.470000000000000000e+02 1.530000000000000000e+02
9.430000000000000000e+02 1.530000000000000000e+02
9.450000000000000000e+02 1.520000000000000000e+02
9.460000000000000000e+02 1.560000000000000000e+02
9.440000000000000000e+02 1.540000000000000000e+02
9.470000000000000000e+02 1.530000000000000000e+02
9.440000000000000000e+02 1.520000000000000000e+02
9.450000000000000000e+02 1.490000000000000000e+02
9.420000000000000000e+02 1.510000000000000000e+02
9.420000000000000000e+02 1.500000000000000000e+02
9.420000000000000000e+02 1.500000000000000000e+02
9.440000000000000000e+02 1.510000000000000000e+02
9.400000000000000000e+02 1.500000000000000000e+02
9.430000000000000000e+02 1.510000000000000000e+02
9.420000000000000000e+02 1.490000000000000000e+02
9.410000000000000000e+02 1.490000000000000000e+02
9.410000000000000000e+02 1.500000000000000000e+02
9.390000000000000000e+02 1.490000000000000000e+02
9.420000000000000000e+02 1.500000000000000000e+02
9.410000000000000000e+02 1.470000000000000000e+02
9.420000000000000000e+02 1.480000000000000000e+02
9.430000000000000000e+02 1.480000000000000000e+02
9.420000000000000000e+02 1.480000000000000000e+02
