# frames 101, center=[980, 120], duration=[0, 100], video=videos browniano 1/Browniano
9.800000000000000000e+02 1.200000000000000000e+02
9.800000000000000000e+02 1.200000000000000000e+02
9.800000000000000000e+02 1.200000000000000000e+02
9.810000000000000000e+02 1.200000000000000000e+02
9.800000000000000000e+02 1.210000000000000000e+02
9.800000000000000000e+02 1.220000000000000000e+02
9.790000000000000000e+02 1.240000000000000000e+02
9.780000000000000000e+02 1.240000000000000000e+02
9.790000000000000000e+02 1.230000000000000000e+02
9.750000000000000000e+02 1.230000000000000000e+02
9.750000000000000000e+02 1.200000000000000000e+02
9.750000000000000000e+02 1.200000000000000000e+02
9.740000000000000000e+02 1.200000000000000000e+02
9.760000000000000000e+02 1.200000000000000000e+02
9.730000000000000000e+02 1.180000000000000000e+02
9.740000000000000000e+02 1.180000000000000000e+02
9.760000000000000000e+02 1.190000000000000000e+02
9.720000000000000000e+02 1.190000000000000000e+02
9.720000000000000000e+02 1.210000000000000000e+02
9.700000000000000000e+02 1.220000000000000000e+02
9.680000000000000000e+02 1.210000000000000000e+02
9.720000000000000000e+02 1.220000000000000000e+02
9.710000000000000000e+02 1.200000000000000000e+02
9.700000000000000000e+02 1.190000000000000000e+02
9.720000000000000000e+02 1.200000000000000000e+02
9.690000000000000000e+02 1.190000000000000000e+02
9.710000000000000000e+02 1.200000000000000000e+02
9.670000000000000000e+02 1.200000000000000000e+02
9.690000000000000000e+02 1.190000000000000000e+02
9.730000000000000000e+02 1.190000000000000000e+02
9.720000000000000000e+02 1.180000000000000000e+02
9.700000000000000000e+02 1.170000000000000000e+02
9.690000000000000000e+02 1.150000000000000000e+02
9.690000000000000000e+02 1.170000000000000000e+02
9.690000000000000000e+02 1.170000000000000000e+02
9.680000000000000000e+02 1.160000000000000000e+02
9.630000000000000000e+02 1.170000000000000000e+02
9.650000000000000000e+02 1.170000000000000000e+02
9.630000000000000000e+02 1.160000000000000000e+02
9.650000000000000000e+02 1.170000000000000000e+02
9.640000000000000000e+02 1.140000000000000000e+02
9.620000000000000000e+02 1.120000000000000000e+02
9.640000000000000000e+02 1.110000000000000000e+02
9.620000000000000000e+02 1.070000000000000000e+02
9.640000000000000000e+02 1.060000000000000000e+02
9.680000000000000000e+02 1.070000000000000000e+02
9.670000000000000000e+02 1.090000000000000000e+02
9.650000000000000000e+02 1.080000000000000000e+02
9.610000000000000000e+02 1.060000000000000000e+02
9.600000000000000000e+02 1.090000000000000000e+02
9.560000000000000000e+02 1.060000000000000000e+02
9.580000000000000000e+02 1.090000000000000000e+02
9.600000000000000000e+02 1.090000000000000000e+02
9.590000000000000000e+02 1.070000000000000000e+02
9.620000000000000000e+02 1.080000000000000000e+02
9.590000000000000000e+02 1.070000000000000000e+02
9.580000000000000000e+02 1.070000000000000000e+02
9.550000000000000000e+02 1.000000000000000000e+02
9.580000000000000000e+02 1.030000000000000000e+02
9.540000000000000000e+02 1.050000000000000000e+02
9.530000000000000000e+02 1.040000000000000000e+02
9.530000000000000000e+02 1.040000000000000000e+02
9.530000000000000000e+02 1.050000000000000000e+02
9.530000000000000000e+02 1.050000000000000000e+02
9.560000000000000000e+02 1.040000000000000000e+02
9.540000000000000000e+02 1.030000000000000000e+02
9.550000000000000000e+02 1.030000000000000000e+02
9.550000000000000000e+02 1.020000000000000000e+02
9.540000000000000000e+02 1.020000000000000000e+02
9.550000000000000000e+02 1.020000000000000000e+02
9.520000000000000000e+02 1.030000000000000000e+02
9.540000000000000000e+02 1.030000000000000000e+02
9.550000000000000000e+02 1.030000000000000000e+02
9.550000000000000000e+02 1.020000000000000000e+02
9.540000000000000000e+02 1.030000000000000000e+02
9.500000000000000000e+02 1.020000000000000000e+02
9.520000000000000000e+02 1.020000000000000000e+02
9.500000000000000000e+02 1.100000000000000000e+02
9.460000000000000000e+02 1.090000000000000000e+02
9.470000000000000000e+02 1.100000000000000000e+02
9.460000000000000000e+02 1.090000000000000000e+02
9.460000000000000000e+02 1.080000000000000000e+02
9.460000000000000000e+02 1.040000000000000000e+02
9.440000000000000000e+02 1.060000000000000000e+02
9.490000000000000000e+02 1.080000000000000000e+02
9.440000000000000000e+02 1.100000000000000000e+02
9.460000000000000000e+02 1.110000000000000000e+02
9.440000000000000000e+02 1.110000000000000000e+02
9.470000000000000000e+02 1.090000000000000000e+02
9.470000000000000000e+02 1.100000000000000000e+02
9.480000000000000000e+02 1.100000000000000000e+02
9.480000000000000000e+02 1.120000000000000000e+02
9.440000000000000000e+02 1.120000000000000000e+02
9.470000000000000000e+02 1.130000000000000000e+02
9.490000000000000000e+02 1.140000000000000000e+02
9.490000000000000000e+02 1.130000000000000000e+02
9.530000000000000000e+02 1.150000000000000000e+02
9.480000000000000000e+02 1.130000000000000000e+02
9.510000000000000000e+02 1.140000000000000000e+02
9.520000000000000000e+02 1.160000000000000000e+02
9.510000000000000000e+02 1.140000000000000000e+02
