# frames 101, center=[941, 149], duration=[300, 400], video=videos browniano 1/Browniano
9.410000000000000000e+02 1.490000000000000000e+02
9.410000000000000000e+02 1.490000000000000000e+02
9.410000000000000000e+02 1.490000000000000000e+02
9.410000000000000000e+02 1.510000000000000000e+02
9.370000000000000000e+02 1.510000000000000000e+02
9.390000000000000000e+02 1.540000000000000000e+02
9.370000000000000000e+02 1.530000000000000000e+02
9.350000000000000000e+02 1.540000000000000000e+02
9.340000000000000000e+02 1.590000000000000000e+02
9.340000000000000000e+02 1.600000000000000000e+02
9.320000000000000000e+02 1.610000000000000000e+02
9.340000000000000000e+02 1.610000000000000000e+02
9.330000000000000000e+02 1.590000000000000000e+02
9.340000000000000000e+02 1.600000000000000000e+02
9.320000000000000000e+02 1.610000000000000000e+02
9.310000000000000000e+02 1.600000000000000000e+02
9.350000000000000000e+02 1.590000000000000000e+02
9.330000000000000000e+02 1.570000000000000000e+02
9.350000000000000000e+02 1.580000000000000000e+02
9.340000000000000000e+02 1.550000000000000000e+02
9.340000000000000000e+02 1.560000000000000000e+02
9.330000000000000000e+02 1.580000000000000000e+02
9.300000000000000000e+02 1.530000000000000000e+02
9.320000000000000000e+02 1.560000000000000000e+02
9.310000000000000000e+02 1.570000000000000000e+02
9.260000000000000000e+02 1.560000000000000000e+02
9.290000000000000000e+02 1.560000000000000000e+02
9.280000000000000000e+02 1.550000000000000000e+02
9.290000000000000000e+02 1.540000000000000000e+02
9.290000000000000000e+02 1.560000000000000000e+02
9.270000000000000000e+02 1.550000000000000000e+02
9.340000000000000000e+02 1.570000000000000000e+02
9.320000000000000000e+02 1.560000000000000000e+02
9.310000000000000000e+02 1.560000000000000000e+02
9.320000000000000000e+02 1.590000000000000000e+02
9.330000000000000000e+02 1.590000000000000000e+02
9.350000000000000000e+02 1.620000000000000000e+02
9.320000000000000000e+02 1.630000000000000000e+02
9.320000000000000000e+02 1.620000000000000000e+02
9.330000000000000000e+02 1.610000000000000000e+02
9.320000000000000000e+02 1.600000000000000000e+02
9.330000000000000000e+02 1.630000000000000000e+02
9.350000000000000000e+02 1.620000000000000000e+02
9.340000000000000000e+02 1.610000000000000000e+02
9.360000000000000000e+02 1.620000000000000000e+02
9.320000000000000000e+02 1.610000000000000000e+02
9.330000000000000000e+02 1.610000000000000000e+02
9.340000000000000000e+02 1.610000000000000000e+02
9.340000000000000000e+02 1.600000000000000000e+02
9.380000000000000000e+02 1.610000000000000000e+02
9.360000000000000000e+02 1.610000000000000000e+02
9.400000000000000000e+02 1.610000000000000000e+02
9.430000000000000000e+02 1.630000000000000000e+02
9.410000000000000000e+02 1.640000000000000000e+02
9.400000000000000000e+02 1.640000000000000000e+02
9.360000000000000000e+02 1.620000000000000000e+02
9.380000000000000000e+02 1.620000000000000000e+02
9.400000000000000000e+02 1.600000000000000000e+02
9.390000000000000000e+02 1.600000000000000000e+02
9.390000000000000000e+02 1.580000000000000000e+02
9.350000000000000000e+02 1.580000000000000000e+02
9.340000000000000000e+02 1.550000000000000000e+02
9.350000000000000000e+02 1.560000000000000000e+02
9.330000000000000000e+02 1.560000000000000000e+02
9.350000000000000000e+02 1.590000000000000000e+02
9.340000000000000000e+02 1.620000000000000000e+02
9.330000000000000000e+02 1.620000000000000000e+02
9.340000000000000000e+02 1.630000000000000000e+02
9.340000000000000000e+02 1.620000000000000000e+02
9.360000000000000000e+02 1.630000000000000000e+02
9.360000000000000000e+02 1.620000000000000000e+02
9.330000000000000000e+02 1.610000000000000000e+02
9.340000000000000000e+02 1.600000000000000000e+02
9.320000000000000000e+02 1.590000000000000000e+02
9.330000000000000000e+02 1.590000000000000000e+02
9.340000000000000000e+02 1.600000000000000000e+02
9.330000000000000000e+02 1.560000000000000000e+02
9.340000000000000000e+02 1.590000000000000000e+02
9.330000000000000000e+02 1.580000000000000000e+02
9.340000000000000000e+02 1.560000000000000000e+02
9.340000000000000000e+02 1.580000000000000000e+02
9.290000000000000000e+02 1.560000000000000000e+02
9.300000000000000000e+02 1.590000000000000000e+02
9.280000000000000000e+02 1.590000000000000000e+02
9.280000000000000000e+02 1.590000000000000000e+02
9.290000000000000000e+02 1.590000000000000000e+02
9.290000000000000000e+02 1.590000000000000000e+02
9.290000000000000000e+02 1.600000000000000000e+02
9.310000000000000000e+02 1.610000000000000000e+02
9.320000000000000000e+02 1.590000000000000000e+02
9.320000000000000000e+02 1.600000000000000000e+02
9.280000000000000000e+02 1.610000000000000000e+02
9.270000000000000000e+02 1.620000000000000000e+02
9.280000000000000000e+02 1.620000000000000000e+02
9.310000000000000000e+02 1.610000000000000000e+02
9.310000000000000000e+02 1.610000000000000000e+02
9.300000000000000000e+02 1.610000000000000000e+02
9.310000000000000000e+02 1.610000000000000000e+02
9.320000000000000000e+02 1.660000000000000000e+02
9.280000000000000000e+02 1.620000000000000000e+02
9.310000000000000000e+02 1.650000000000000000e+02
