# frames 101, center=[948, 113], duration=[100, 200], video=videos browniano 1/Browniano
9.480000000000000000e+02 1.130000000000000000e+02
9.480000000000000000e+02 1.130000000000000000e+02
9.480000000000000000e+02 1.130000000000000000e+02
9.510000000000000000e+02 1.110000000000000000e+02
9.530000000000000000e+02 1.100000000000000000e+02
9.500000000000000000e+02 1.110000000000000000e+02
9.490000000000000000e+02 1.130000000000000000e+02
9.470000000000000000e+02 1.120000000000000000e+02
9.480000000000000000e+02 1.100000000000000000e+02
9.470000000000000000e+02 1.110000000000000000e+02
9.470000000000000000e+02 1.110000000000000000e+02
9.450000000000000000e+02 1.120000000000000000e+02
9.480000000000000000e+02 1.120000000000000000e+02
9.480000000000000000e+02 1.120000000000000000e+02
9.500000000000000000e+02 1.120000000000000000e+02
9.470000000000000000e+02 1.110000000000000000e+02
9.480000000000000000e+02 1.110000000000000000e+02
9.510000000000000000e+02 1.110000000000000000e+02
9.500000000000000000e+02 1.080000000000000000e+02
9.530000000000000000e+02 1.100000000000000000e+02
9.500000000000000000e+02 1.110000000000000000e+02
9.480000000000000000e+02 1.130000000000000000e+02
9.480000000000000000e+02 1.120000000000000000e+02
9.500000000000000000e+02 1.110000000000000000e+02
9.530000000000000000e+02 1.110000000000000000e+02
9.520000000000000000e+02 1.130000000000000000e+02
9.510000000000000000e+02 1.130000000000000000e+02
9.510000000000000000e+02 1.130000000000000000e+02
9.510000000000000000e+02 1.120000000000000000e+02
9.520000000000000000e+02 1.110000000000000000e+02
9.520000000000000000e+02 1.130000000000000000e+02
9.510000000000000000e+02 1.120000000000000000e+02
9.510000000000000000e+02 1.110000000000000000e+02
9.490000000000000000e+02 1.100000000000000000e+02
9.530000000000000000e+02 1.110000000000000000e+02
9.510000000000000000e+02 1.100000000000000000e+02
9.510000000000000000e+02 1.090000000000000000e+02
9.520000000000000000e+02 1.110000000000000000e+02
9.530000000000000000e+02 1.110000000000000000e+02
9.530000000000000000e+02 1.120000000000000000e+02
9.530000000000000000e+02 1.110000000000000000e+02
9.480000000000000000e+02 1.130000000000000000e+02
9.520000000000000000e+02 1.150000000000000000e+02
9.510000000000000000e+02 1.170000000000000000e+02
9.510000000000000000e+02 1.160000000000000000e+02
9.530000000000000000e+02 1.190000000000000000e+02
9.500000000000000000e+02 1.180000000000000000e+02
9.500000000000000000e+02 1.180000000000000000e+02
9.450000000000000000e+02 1.190000000000000000e+02
9.490000000000000000e+02 1.170000000000000000e+02
9.540000000000000000e+02 1.200000000000000000e+02
9.500000000000000000e+02 1.190000000000000000e+02
9.550000000000000000e+02 1.210000000000000000e+02
9.520000000000000000e+02 1.230000000000000000e+02
9.520000000000000000e+02 1.220000000000000000e+02
9.520000000000000000e+02 1.230000000000000000e+02
9.520000000000000000e+02 1.240000000000000000e+02
9.540000000000000000e+02 1.250000000000000000e+02
9.540000000000000000e+02 1.240000000000000000e+02
9.490000000000000000e+02 1.230000000000000000e+02
9.510000000000000000e+02 1.230000000000000000e+02
9.500000000000000000e+02 1.220000000000000000e+02
9.520000000000000000e+02 1.210000000000000000e+02
9.530000000000000000e+02 1.230000000000000000e+02
9.510000000000000000e+02 1.210000000000000000e+02
9.530000000000000000e+02 1.210000000000000000e+02
9.510000000000000000e+02 1.190000000000000000e+02
9.510000000000000000e+02 1.190000000000000000e+02
9.540000000000000000e+02 1.200000000000000000e+02
9.510000000000000000e+02 1.180000000000000000e+02
9.520000000000000000e+02 1.190000000000000000e+02
9.510000000000000000e+02 1.180000000000000000e+02
9.520000000000000000e+02 1.190000000000000000e+02
9.540000000000000000e+02 1.190000000000000000e+02
9.520000000000000000e+02 1.180000000000000000e+02
9.510000000000000000e+02 1.160000000000000000e+02
9.540000000000000000e+02 1.170000000000000000e+02
9.500000000000000000e+02 1.140000000000000000e+02
9.540000000000000000e+02 1.180000000000000000e+02
9.540000000000000000e+02 1.200000000000000000e+02
9.520000000000000000e+02 1.190000000000000000e+02
9.530000000000000000e+02 1.200000000000000000e+02
9.510000000000000000e+02 1.200000000000000000e+02
9.530000000000000000e+02 1.230000000000000000e+02
9.550000000000000000e+02 1.230000000000000000e+02
9.570000000000000000e+02 1.230000000000000000e+02
9.580000000000000000e+02 1.250000000000000000e+02
9.550000000000000000e+02 1.200000000000000000e+02
9.570000000000000000e+02 1.210000000000000000e+02
9.590000000000000000e+02 1.220000000000000000e+02
9.540000000000000000e+02 1.200000000000000000e+02
9.580000000000000000e+02 1.210000000000000000e+02
9.550000000000000000e+02 1.190000000000000000e+02
9.560000000000000000e+02 1.180000000000000000e+02
9.560000000000000000e+02 1.180000000000000000e+02
9.530000000000000000e+02 1.180000000000000000e+02
9.550000000000000000e+02 1.210000000000000000e+02
9.520000000000000000e+02 1.190000000000000000e+02
9.540000000000000000e+02 1.200000000000000000e+02
9.510000000000000000e+02 1.230000000000000000e+02
9.480000000000000000e+02 1.220000000000000000e+02
