# frames 101, center=[1113, 285], duration=[200, 300], video=videos browniano 1/Browniano
1.113000000000000000e+03 2.850000000000000000e+02
1.113000000000000000e+03 2.850000000000000000e+02
1.113000000000000000e+03 2.850000000000000000e+02
1.113000000000000000e+03 2.850000000000000000e+02
1.113000000000000000e+03 2.850000000000000000e+02
1.114000000000000000e+03 2.850000000000000000e+02
1.111000000000000000e+03 2.850000000000000000e+02
1.112000000000000000e+03 2.840000000000000000e+02
1.108000000000000000e+03 2.830000000000000000e+02
1.113000000000000000e+03 2.850000000000000000e+02
1.112000000000000000e+03 2.850000000000000000e+02
1.110000000000000000e+03 2.830000000000000000e+02
1.110000000000000000e+03 2.840000000000000000e+02
1.110000000000000000e+03 2.830000000000000000e+02
1.115000000000000000e+03 2.820000000000000000e+02
1.116000000000000000e+03 2.850000000000000000e+02
1.115000000000000000e+03 2.830000000000000000e+02
1.116000000000000000e+03 2.840000000000000000e+02
1.113000000000000000e+03 2.850000000000000000e+02
1.113000000000000000e+03 2.840000000000000000e+02
1.114000000000000000e+03 2.870000000000000000e+02
1.113000000000000000e+03 2.860000000000000000e+02
1.115000000000000000e+03 2.860000000000000000e+02
1.113000000000000000e+03 2.860000000000000000e+02
1.113000000000000000e+03 2.850000000000000000e+02
1.112000000000000000e+03 2.880000000000000000e+02
1.112000000000000000e+03 2.850000000000000000e+02
1.113000000000000000e+03 2.870000000000000000e+02
1.110000000000000000e+03 2.850000000000000000e+02
1.107000000000000000e+03 2.880000000000000000e+02
1.110000000000000000e+03 2.900000000000000000e+02
1.107000000000000000e+03 2.900000000000000000e+02
1.109000000000000000e+03 2.910000000000000000e+02
1.112000000000000000e+03 2.920000000000000000e+02
1.108000000000000000e+03 2.890000000000000000e+02
1.112000000000000000e+03 2.900000000000000000e+02
1.110000000000000000e+03 2.880000000000000000e+02
1.107000000000000000e+03 2.880000000000000000e+02
1.107000000000000000e+03 2.900000000000000000e+02
1.101000000000000000e+03 2.910000000000000000e+02
1.106000000000000000e+03 2.920000000000000000e+02
1.105000000000000000e+03 2.940000000000000000e+02
1.106000000000000000e+03 2.920000000000000000e+02
1.108000000000000000e+03 2.930000000000000000e+02
1.107000000000000000e+03 2.930000000000000000e+02
1.112000000000000000e+03 2.960000000000000000e+02
1.110000000000000000e+03 2.950000000000000000e+02
1.109000000000000000e+03 2.930000000000000000e+02
1.111000000000000000e+03 2.960000000000000000e+02
1.108000000000000000e+03 2.970000000000000000e+02
1.112000000000000000e+03 2.950000000000000000e+02
1.116000000000000000e+03 2.950000000000000000e+02
1.111000000000000000e+03 2.950000000000000000e+02
1.111000000000000000e+03 2.960000000000000000e+02
1.111000000000000000e+03 2.950000000000000000e+02
1.110000000000000000e+03 2.930000000000000000e+02
1.112000000000000000e+03 2.940000000000000000e+02
1.109000000000000000e+03 2.930000000000000000e+02
1.112000000000000000e+03 2.930000000000000000e+02
1.112000000000000000e+03 2.920000000000000000e+02
1.111000000000000000e+03 2.940000000000000000e+02
1.112000000000000000e+03 2.940000000000000000e+02
1.113000000000000000e+03 2.920000000000000000e+02
1.114000000000000000e+03 2.940000000000000000e+02
1.113000000000000000e+03 2.930000000000000000e+02
1.110000000000000000e+03 2.900000000000000000e+02
1.111000000000000000e+03 2.920000000000000000e+02
1.109000000000000000e+03 2.910000000000000000e+02
1.109000000000000000e+03 2.910000000000000000e+02
1.109000000000000000e+03 2.900000000000000000e+02
1.110000000000000000e+03 2.900000000000000000e+02
1.111000000000000000e+03 2.920000000000000000e+02
1.112000000000000000e+03 2.910000000000000000e+02
1.111000000000000000e+03 2.900000000000000000e+02
1.113000000000000000e+03 2.940000000000000000e+02
1.110000000000000000e+03 2.920000000000000000e+02
1.110000000000000000e+03 2.960000000000000000e+02
1.108000000000000000e+03 2.940000000000000000e+02
1.107000000000000000e+03 2.960000000000000000e+02
1.110000000000000000e+03 2.960000000000000000e+02
1.110000000000000000e+03 2.960000000000000000e+02
1.112000000000000000e+03 2.970000000000000000e+02
1.113000000000000000e+03 2.980000000000000000e+02
1.110000000000000000e+03 2.970000000000000000e+02
1.111000000000000000e+03 2.990000000000000000e+02
1.106000000000000000e+03 2.970000000000000000e+02
1.110000000000000000e+03 2.970000000000000000e+02
1.111000000000000000e+03 2.970000000000000000e+02
1.110000000000000000e+03 2.970000000000000000e+02
1.113000000000000000e+03 2.990000000000000000e+02
1.113000000000000000e+03 2.960000000000000000e+02
1.112000000000000000e+03 2.950000000000000000e+02
1.113000000000000000e+03 2.980000000000000000e+02
1.110000000000000000e+03 2.970000000000000000e+02
1.112000000000000000e+03 2.970000000000000000e+02
1.110000000000000000e+03 2.960000000000000000e+02
1.110000000000000000e+03 2.950000000000000000e+02
1.113000000000000000e+03 2.970000000000000000e+02
1.110000000000000000e+03 2.980000000000000000e+02
1.111000000000000000e+03 2.990000000000000000e+02
1.109000000000000000e+03 2.970000000000000000e+02
