# frames 101, center=[1097, 279], duration=[100, 200], video=videos browniano 1/Browniano
1.097000000000000000e+03 2.790000000000000000e+02
1.097000000000000000e+03 2.790000000000000000e+02
1.097000000000000000e+03 2.790000000000000000e+02
1.094000000000000000e+03 2.780000000000000000e+02
1.099000000000000000e+03 2.800000000000000000e+02
1.097000000000000000e+03 2.790000000000000000e+02
1.098000000000000000e+03 2.780000000000000000e+02
1.101000000000000000e+03 2.790000000000000000e+02
1.102000000000000000e+03 2.800000000000000000e+02
1.104000000000000000e+03 2.840000000000000000e+02
1.104000000000000000e+03 2.840000000000000000e+02
1.103000000000000000e+03 2.840000000000000000e+02
1.106000000000000000e+03 2.850000000000000000e+02
1.105000000000000000e+03 2.860000000000000000e+02
1.105000000000000000e+03 2.870000000000000000e+02
1.107000000000000000e+03 2.850000000000000000e+02
1.109000000000000000e+03 2.840000000000000000e+02
1.111000000000000000e+03 2.850000000000000000e+02
1.108000000000000000e+03 2.860000000000000000e+02
1.109000000000000000e+03 2.860000000000000000e+02
1.111000000000000000e+03 2.870000000000000000e+02
1.110000000000000000e+03 2.860000000000000000e+02
1.113000000000000000e+03 2.880000000000000000e+02
1.107000000000000000e+03 2.880000000000000000e+02
1.108000000000000000e+03 2.850000000000000000e+02
1.109000000000000000e+03 2.850000000000000000e+02
1.106000000000000000e+03 2.850000000000000000e+02
1.108000000000000000e+03 2.850000000000000000e+02
1.105000000000000000e+03 2.840000000000000000e+02
1.104000000000000000e+03 2.820000000000000000e+02
1.104000000000000000e+03 2.840000000000000000e+02
1.103000000000000000e+03 2.830000000000000000e+02
1.103000000000000000e+03 2.820000000000000000e+02
1.103000000000000000e+03 2.840000000000000000e+02
1.101000000000000000e+03 2.830000000000000000e+02
1.109000000000000000e+03 2.840000000000000000e+02
1.108000000000000000e+03 2.830000000000000000e+02
1.106000000000000000e+03 2.830000000000000000e+02
1.108000000000000000e+03 2.820000000000000000e+02
1.103000000000000000e+03 2.840000000000000000e+02
1.106000000000000000e+03 2.840000000000000000e+02
1.102000000000000000e+03 2.850000000000000000e+02
1.104000000000000000e+03 2.830000000000000000e+02
1.107000000000000000e+03 2.860000000000000000e+02
1.106000000000000000e+03 2.850000000000000000e+02
1.110000000000000000e+03 2.850000000000000000e+02
1.107000000000000000e+03 2.850000000000000000e+02
1.108000000000000000e+03 2.840000000000000000e+02
1.111000000000000000e+03 2.830000000000000000e+02
1.110000000000000000e+03 2.840000000000000000e+02
1.115000000000000000e+03 2.830000000000000000e+02
1.112000000000000000e+03 2.840000000000000000e+02
1.109000000000000000e+03 2.840000000000000000e+02
1.113000000000000000e+03 2.850000000000000000e+02
1.109000000000000000e+03 2.830000000000000000e+02
1.113000000000000000e+03 2.820000000000000000e+02
1.115000000000000000e+03 2.830000000000000000e+02
1.114000000000000000e+03 2.830000000000000000e+02
1.114000000000000000e+03 2.840000000000000000e+02
1.111000000000000000e+03 2.840000000000000000e+02
1.112000000000000000e+03 2.860000000000000000e+02
1.116000000000000000e+03 2.880000000000000000e+02
1.112000000000000000e+03 2.850000000000000000e+02
1.111000000000000000e+03 2.860000000000000000e+02
1.111000000000000000e+03 2.850000000000000000e+02
1.108000000000000000e+03 2.850000000000000000e+02
1.113000000000000000e+03 2.860000000000000000e+02
1.106000000000000000e+03 2.850000000000000000e+02
1.110000000000000000e+03 2.870000000000000000e+02
1.106000000000000000e+03 2.870000000000000000e+02
1.105000000000000000e+03 2.870000000000000000e+02
1.103000000000000000e+03 2.850000000000000000e+02
1.101000000000000000e+03 2.850000000000000000e+02
1.101000000000000000e+03 2.860000000000000000e+02
1.103000000000000000e+03 2.880000000000000000e+02
1.104000000000000000e+03 2.860000000000000000e+02
1.104000000000000000e+03 2.880000000000000000e+02
1.102000000000000000e+03 2.860000000000000000e+02
1.097000000000000000e+03 2.840000000000000000e+02
1.102000000000000000e+03 2.870000000000000000e+02
1.101000000000000000e+03 2.860000000000000000e+02
1.102000000000000000e+03 2.870000000000000000e+02
1.105000000000000000e+03 2.850000000000000000e+02
1.104000000000000000e+03 2.870000000000000000e+02
1.103000000000000000e+03 2.880000000000000000e+02
1.105000000000000000e+03 2.860000000000000000e+02
1.105000000000000000e+03 2.870000000000000000e+02
1.106000000000000000e+03 2.870000000000000000e+02
1.104000000000000000e+03 2.850000000000000000e+02
1.107000000000000000e+03 2.880000000000000000e+02
1.106000000000000000e+03 2.860000000000000000e+02
1.108000000000000000e+03 2.870000000000000000e+02
1.110000000000000000e+03 2.890000000000000000e+02
1.110000000000000000e+03 2.880000000000000000e+02
1.113000000000000000e+03 2.900000000000000000e+02
1.111000000000000000e+03 2.900000000000000000e+02
1.110000000000000000e+03 2.880000000000000000e+02
1.112000000000000000e+03 2.900000000000000000e+02
1.112000000000000000e+03 2.870000000000000000e+02
1.117000000000000000e+03 2.870000000000000000e+02
1.114000000000000000e+03 2.890000000000000000e+02
