# frames 101, center=[1100, 309], duration=[400, 500], video=videos browniano 1/Browniano
1.100000000000000000e+03 3.090000000000000000e+02
1.100000000000000000e+03 3.090000000000000000e+02
1.100000000000000000e+03 3.090000000000000000e+02
1.106000000000000000e+03 3.100000000000000000e+02
1.104000000000000000e+03 3.130000000000000000e+02
1.101000000000000000e+03 3.130000000000000000e+02
1.104000000000000000e+03 3.120000000000000000e+02
1.101000000000000000e+03 3.120000000000000000e+02
1.101000000000000000e+03 3.100000000000000000e+02
1.102000000000000000e+03 3.120000000000000000e+02
1.100000000000000000e+03 3.090000000000000000e+02
1.101000000000000000e+03 3.110000000000000000e+02
1.101000000000000000e+03 3.120000000000000000e+02
1.100000000000000000e+03 3.130000000000000000e+02
1.105000000000000000e+03 3.090000000000000000e+02
1.100000000000000000e+03 3.090000000000000000e+02
1.104000000000000000e+03 3.100000000000000000e+02
1.102000000000000000e+03 3.090000000000000000e+02
1.107000000000000000e+03 3.100000000000000000e+02
1.108000000000000000e+03 3.110000000000000000e+02
1.105000000000000000e+03 3.070000000000000000e+02
1.105000000000000000e+03 3.070000000000000000e+02
1.102000000000000000e+03 3.080000000000000000e+02
1.101000000000000000e+03 3.090000000000000000e+02
1.102000000000000000e+03 3.120000000000000000e+02
1.100000000000000000e+03 3.090000000000000000e+02
1.100000000000000000e+03 3.090000000000000000e+02
1.097000000000000000e+03 3.100000000000000000e+02
1.097000000000000000e+03 3.110000000000000000e+02
1.096000000000000000e+03 3.140000000000000000e+02
1.092000000000000000e+03 3.110000000000000000e+02
1.092000000000000000e+03 3.110000000000000000e+02
1.094000000000000000e+03 3.110000000000000000e+02
1.092000000000000000e+03 3.090000000000000000e+02
1.092000000000000000e+03 3.090000000000000000e+02
1.091000000000000000e+03 3.110000000000000000e+02
1.091000000000000000e+03 3.110000000000000000e+02
1.093000000000000000e+03 3.110000000000000000e+02
1.089000000000000000e+03 3.060000000000000000e+02
1.092000000000000000e+03 3.070000000000000000e+02
1.089000000000000000e+03 3.050000000000000000e+02
1.088000000000000000e+03 3.050000000000000000e+02
1.091000000000000000e+03 3.060000000000000000e+02
1.087000000000000000e+03 3.040000000000000000e+02
1.090000000000000000e+03 3.040000000000000000e+02
1.090000000000000000e+03 3.030000000000000000e+02
1.090000000000000000e+03 3.010000000000000000e+02
1.092000000000000000e+03 3.010000000000000000e+02
1.090000000000000000e+03 3.010000000000000000e+02
1.091000000000000000e+03 3.010000000000000000e+02
1.093000000000000000e+03 3.020000000000000000e+02
1.091000000000000000e+03 3.030000000000000000e+02
1.093000000000000000e+03 3.070000000000000000e+02
1.089000000000000000e+03 3.060000000000000000e+02
1.092000000000000000e+03 3.060000000000000000e+02
1.095000000000000000e+03 3.040000000000000000e+02
1.093000000000000000e+03 3.040000000000000000e+02
1.097000000000000000e+03 3.040000000000000000e+02
1.096000000000000000e+03 3.020000000000000000e+02
1.096000000000000000e+03 3.010000000000000000e+02
1.098000000000000000e+03 3.030000000000000000e+02
1.095000000000000000e+03 3.030000000000000000e+02
1.097000000000000000e+03 3.040000000000000000e+02
1.097000000000000000e+03 3.050000000000000000e+02
1.096000000000000000e+03 3.030000000000000000e+02
1.097000000000000000e+03 3.060000000000000000e+02
1.093000000000000000e+03 3.040000000000000000e+02
1.095000000000000000e+03 3.060000000000000000e+02
1.096000000000000000e+03 3.040000000000000000e+02
1.097000000000000000e+03 3.040000000000000000e+02
1.096000000000000000e+03 3.040000000000000000e+02
1.093000000000000000e+03 3.010000000000000000e+02
1.095000000000000000e+03 3.020000000000000000e+02
1.095000000000000000e+03 3.020000000000000000e+02
1.091000000000000000e+03 3.000000000000000000e+02
1.094000000000000000e+03 2.990000000000000000e+02
1.093000000000000000e+03 2.980000000000000000e+02
1.095000000000000000e+03 2.990000000000000000e+02
1.096000000000000000e+03 2.990000000000000000e+02
1.094000000000000000e+03 2.960000000000000000e+02
1.098000000000000000e+03 2.960000000000000000e+02
1.093000000000000000e+03 2.960000000000000000e+02
1.097000000000000000e+03 2.940000000000000000e+02
1.096000000000000000e+03 2.960000000000000000e+02
1.096000000000000000e+03 2.950000000000000000e+02
1.095000000000000000e+03 2.980000000000000000e+02
1.095000000000000000e+03 2.990000000000000000e+02
1.095000000000000000e+03 2.980000000000000000e+02
1.099000000000000000e+03 3.010000000000000000e+02
1.096000000000000000e+03 3.000000000000000000e+02
1.099000000000000000e+03 3.010000000000000000e+02
1.099000000000000000e+03 3.020000000000000000e+02
1.098000000000000000e+03 3.030000000000000000e+02
1.099000000000000000e+03 3.050000000000000000e+02
1.094000000000000000e+03 3.060000000000000000e+02
1.095000000000000000e+03 3.050000000000000000e+02
1.094000000000000000e+03 3.040000000000000000e+02
1.095000000000000000e+03 3.030000000000000000e+02
1.098000000000000000e+03 3.040000000000000000e+02
1.099000000000000000e+03 3.020000000000000000e+02
1.097000000000000000e+03 3.020000000000000000e+02
