# frames 101, center=[1096, 255], duration=[0, 100], video=videos browniano 1/Browniano
1.096000000000000000e+03 2.550000000000000000e+02
1.096000000000000000e+03 2.550000000000000000e+02
1.096000000000000000e+03 2.550000000000000000e+02
1.098000000000000000e+03 2.560000000000000000e+02
1.098000000000000000e+03 2.570000000000000000e+02
1.098000000000000000e+03 2.550000000000000000e+02
1.099000000000000000e+03 2.570000000000000000e+02
1.096000000000000000e+03 2.560000000000000000e+02
1.099000000000000000e+03 2.560000000000000000e+02
1.101000000000000000e+03 2.570000000000000000e+02
1.099000000000000000e+03 2.550000000000000000e+02
1.101000000000000000e+03 2.570000000000000000e+02
1.098000000000000000e+03 2.580000000000000000e+02
1.101000000000000000e+03 2.600000000000000000e+02
1.098000000000000000e+03 2.620000000000000000e+02
1.098000000000000000e+03 2.610000000000000000e+02
1.100000000000000000e+03 2.620000000000000000e+02
1.098000000000000000e+03 2.610000000000000000e+02
1.099000000000000000e+03 2.590000000000000000e+02
1.101000000000000000e+03 2.620000000000000000e+02
1.099000000000000000e+03 2.610000000000000000e+02
1.098000000000000000e+03 2.610000000000000000e+02
1.101000000000000000e+03 2.620000000000000000e+02
1.102000000000000000e+03 2.610000000000000000e+02
1.102000000000000000e+03 2.620000000000000000e+02
1.102000000000000000e+03 2.620000000000000000e+02
1.102000000000000000e+03 2.610000000000000000e+02
1.104000000000000000e+03 2.630000000000000000e+02
1.101000000000000000e+03 2.610000000000000000e+02
1.104000000000000000e+03 2.620000000000000000e+02
1.101000000000000000e+03 2.640000000000000000e+02
1.101000000000000000e+03 2.630000000000000000e+02
1.103000000000000000e+03 2.630000000000000000e+02
1.102000000000000000e+03 2.630000000000000000e+02
1.102000000000000000e+03 2.650000000000000000e+02
1.102000000000000000e+03 2.690000000000000000e+02
1.101000000000000000e+03 2.670000000000000000e+02
1.105000000000000000e+03 2.690000000000000000e+02
1.100000000000000000e+03 2.700000000000000000e+02
1.103000000000000000e+03 2.700000000000000000e+02
1.103000000000000000e+03 2.710000000000000000e+02
1.102000000000000000e+03 2.680000000000000000e+02
1.104000000000000000e+03 2.720000000000000000e+02
1.103000000000000000e+03 2.710000000000000000e+02
1.106000000000000000e+03 2.700000000000000000e+02
1.108000000000000000e+03 2.710000000000000000e+02
1.105000000000000000e+03 2.690000000000000000e+02
1.108000000000000000e+03 2.700000000000000000e+02
1.105000000000000000e+03 2.700000000000000000e+02
1.109000000000000000e+03 2.700000000000000000e+02
1.107000000000000000e+03 2.690000000000000000e+02
1.103000000000000000e+03 2.680000000000000000e+02
1.102000000000000000e+03 2.680000000000000000e+02
1.102000000000000000e+03 2.680000000000000000e+02
1.102000000000000000e+03 2.660000000000000000e+02
1.103000000000000000e+03 2.690000000000000000e+02
1.100000000000000000e+03 2.690000000000000000e+02
1.100000000000000000e+03 2.660000000000000000e+02
1.100000000000000000e+03 2.650000000000000000e+02
1.098000000000000000e+03 2.680000000000000000e+02
1.098000000000000000e+03 2.690000000000000000e+02
1.100000000000000000e+03 2.710000000000000000e+02
1.099000000000000000e+03 2.730000000000000000e+02
1.098000000000000000e+03 2.730000000000000000e+02
1.099000000000000000e+03 2.750000000000000000e+02
1.100000000000000000e+03 2.720000000000000000e+02
1.095000000000000000e+03 2.740000000000000000e+02
1.096000000000000000e+03 2.760000000000000000e+02
1.094000000000000000e+03 2.750000000000000000e+02
1.097000000000000000e+03 2.750000000000000000e+02
1.097000000000000000e+03 2.760000000000000000e+02
1.093000000000000000e+03 2.760000000000000000e+02
1.096000000000000000e+03 2.770000000000000000e+02
1.093000000000000000e+03 2.760000000000000000e+02
1.094000000000000000e+03 2.760000000000000000e+02
1.096000000000000000e+03 2.780000000000000000e+02
1.092000000000000000e+03 2.770000000000000000e+02
1.095000000000000000e+03 2.800000000000000000e+02
1.094000000000000000e+03 2.780000000000000000e+02
1.093000000000000000e+03 2.780000000000000000e+02
1.091000000000000000e+03 2.780000000000000000e+02
1.088000000000000000e+03 2.750000000000000000e+02
1.091000000000000000e+03 2.750000000000000000e+02
1.088000000000000000e+03 2.750000000000000000e+02
1.085000000000000000e+03 2.760000000000000000e+02
1.087000000000000000e+03 2.770000000000000000e+02
1.086000000000000000e+03 2.750000000000000000e+02
1.088000000000000000e+03 2.790000000000000000e+02
1.088000000000000000e+03 2.770000000000000000e+02
1.090000000000000000e+03 2.780000000000000000e+02
1.088000000000000000e+03 2.790000000000000000e+02
1.092000000000000000e+03 2.790000000000000000e+02
1.089000000000000000e+03 2.800000000000000000e+02
1.093000000000000000e+03 2.770000000000000000e+02
1.098000000000000000e+03 2.750000000000000000e+02
1.096000000000000000e+03 2.740000000000000000e+02
1.093000000000000000e+03 2.750000000000000000e+02
1.096000000000000000e+03 2.790000000000000000e+02
1.096000000000000000e+03 2.800000000000000000e+02
1.098000000000000000e+03 2.810000000000000000e+02
1.096000000000000000e+03 2.780000000000000000e+02
