# frames 101, center=[534, 417], duration=[100, 200], video=videos browniano 1/Calibracion_0
5.340000000000000000e+02 4.170000000000000000e+02
5.340000000000000000e+02 4.170000000000000000e+02
5.340000000000000000e+02 4.170000000000000000e+02
5.330000000000000000e+02 4.170000000000000000e+02
5.310000000000000000e+02 4.160000000000000000e+02
5.280000000000000000e+02 4.170000000000000000e+02
5.190000000000000000e+02 4.190000000000000000e+02
5.260000000000000000e+02 4.210000000000000000e+02
5.260000000000000000e+02 4.210000000000000000e+02
5.290000000000000000e+02 4.200000000000000000e+02
5.300000000000000000e+02 4.220000000000000000e+02
5.230000000000000000e+02 4.220000000000000000e+02
5.240000000000000000e+02 4.210000000000000000e+02
5.240000000000000000e+02 4.230000000000000000e+02
5.280000000000000000e+02 4.210000000000000000e+02
5.330000000000000000e+02 4.200000000000000000e+02
5.320000000000000000e+02 4.190000000000000000e+02
5.290000000000000000e+02 4.190000000000000000e+02
5.260000000000000000e+02 4.210000000000000000e+02
5.290000000000000000e+02 4.180000000000000000e+02
5.330000000000000000e+02 4.180000000000000000e+02
5.320000000000000000e+02 4.150000000000000000e+02
5.310000000000000000e+02 4.140000000000000000e+02
5.280000000000000000e+02 4.160000000000000000e+02
5.240000000000000000e+02 4.150000000000000000e+02
5.280000000000000000e+02 4.180000000000000000e+02
5.280000000000000000e+02 4.200000000000000000e+02
5.310000000000000000e+02 4.190000000000000000e+02
5.320000000000000000e+02 4.180000000000000000e+02
5.280000000000000000e+02 4.160000000000000000e+02
5.250000000000000000e+02 4.160000000000000000e+02
5.260000000000000000e+02 4.170000000000000000e+02
5.330000000000000000e+02 4.140000000000000000e+02
5.380000000000000000e+02 4.060000000000000000e+02
5.370000000000000000e+02 4.060000000000000000e+02
5.380000000000000000e+02 4.060000000000000000e+02
5.350000000000000000e+02 4.060000000000000000e+02
5.350000000000000000e+02 4.050000000000000000e+02
5.390000000000000000e+02 4.050000000000000000e+02
5.380000000000000000e+02 4.070000000000000000e+02
5.390000000000000000e+02 4.080000000000000000e+02
5.370000000000000000e+02 4.100000000000000000e+02
5.330000000000000000e+02 4.090000000000000000e+02
5.350000000000000000e+02 4.100000000000000000e+02
5.360000000000000000e+02 4.120000000000000000e+02
5.360000000000000000e+02 4.120000000000000000e+02
5.370000000000000000e+02 4.110000000000000000e+02
5.340000000000000000e+02 4.110000000000000000e+02
5.330000000000000000e+02 4.100000000000000000e+02
5.350000000000000000e+02 4.110000000000000000e+02
5.390000000000000000e+02 4.110000000000000000e+02
5.400000000000000000e+02 4.130000000000000000e+02
5.380000000000000000e+02 4.140000000000000000e+02
5.340000000000000000e+02 4.140000000000000000e+02
5.340000000000000000e+02 4.150000000000000000e+02
5.310000000000000000e+02 4.140000000000000000e+02
5.340000000000000000e+02 4.170000000000000000e+02
5.340000000000000000e+02 4.170000000000000000e+02
5.360000000000000000e+02 4.150000000000000000e+02
5.340000000000000000e+02 4.170000000000000000e+02
5.340000000000000000e+02 4.170000000000000000e+02
5.160000000000000000e+02 4.280000000000000000e+02
5.170000000000000000e+02 4.300000000000000000e+02
5.200000000000000000e+02 4.290000000000000000e+02
5.210000000000000000e+02 4.320000000000000000e+02
5.240000000000000000e+02 4.300000000000000000e+02
5.170000000000000000e+02 4.290000000000000000e+02
5.170000000000000000e+02 4.290000000000000000e+02
5.100000000000000000e+02 4.310000000000000000e+02
5.150000000000000000e+02 4.330000000000000000e+02
5.220000000000000000e+02 4.330000000000000000e+02
5.250000000000000000e+02 4.290000000000000000e+02
5.310000000000000000e+02 4.200000000000000000e+02
5.280000000000000000e+02 4.210000000000000000e+02
5.310000000000000000e+02 4.230000000000000000e+02
5.330000000000000000e+02 4.240000000000000000e+02
5.400000000000000000e+02 4.230000000000000000e+02
5.390000000000000000e+02 4.230000000000000000e+02
5.310000000000000000e+02 4.250000000000000000e+02
5.240000000000000000e+02 4.360000000000000000e+02
5.270000000000000000e+02 4.390000000000000000e+02
5.300000000000000000e+02 4.350000000000000000e+02
5.320000000000000000e+02 4.360000000000000000e+02
5.300000000000000000e+02 4.360000000000000000e+02
5.230000000000000000e+02 4.370000000000000000e+02
5.230000000000000000e+02 4.400000000000000000e+02
5.250000000000000000e+02 4.390000000000000000e+02
5.290000000000000000e+02 4.410000000000000000e+02
5.250000000000000000e+02 4.420000000000000000e+02
5.230000000000000000e+02 4.420000000000000000e+02
5.280000000000000000e+02 4.430000000000000000e+02
5.270000000000000000e+02 4.410000000000000000e+02
5.260000000000000000e+02 4.390000000000000000e+02
5.280000000000000000e+02 4.390000000000000000e+02
5.230000000000000000e+02 4.390000000000000000e+02
5.230000000000000000e+02 4.390000000000000000e+02
5.240000000000000000e+02 4.420000000000000000e+02
5.260000000000000000e+02 4.390000000000000000e+02
5.250000000000000000e+02 4.410000000000000000e+02
5.260000000000000000e+02 4.400000000000000000e+02
5.250000000000000000e+02 4.370000000000000000e+02
