# frames 101, center=[39, 487], duration=[300, 400], video=videos browniano 1/Browniano_0
3.900000000000000000e+01 4.870000000000000000e+02
3.900000000000000000e+01 4.870000000000000000e+02
3.900000000000000000e+01 4.870000000000000000e+02
4.100000000000000000e+01 4.910000000000000000e+02
4.000000000000000000e+01 4.890000000000000000e+02
4.100000000000000000e+01 4.900000000000000000e+02
4.400000000000000000e+01 4.910000000000000000e+02
4.200000000000000000e+01 4.900000000000000000e+02
4.200000000000000000e+01 4.900000000000000000e+02
4.100000000000000000e+01 4.910000000000000000e+02
4.100000000000000000e+01 4.900000000000000000e+02
4.300000000000000000e+01 4.920000000000000000e+02
4.200000000000000000e+01 4.900000000000000000e+02
4.300000000000000000e+01 4.910000000000000000e+02
4.300000000000000000e+01 4.900000000000000000e+02
4.300000000000000000e+01 4.910000000000000000e+02
4.100000000000000000e+01 4.900000000000000000e+02
4.200000000000000000e+01 4.910000000000000000e+02
4.300000000000000000e+01 4.940000000000000000e+02
4.200000000000000000e+01 4.910000000000000000e+02
4.300000000000000000e+01 4.930000000000000000e+02
4.200000000000000000e+01 4.940000000000000000e+02
4.300000000000000000e+01 4.940000000000000000e+02
4.400000000000000000e+01 4.950000000000000000e+02
4.300000000000000000e+01 4.940000000000000000e+02
4.200000000000000000e+01 4.930000000000000000e+02
4.200000000000000000e+01 4.920000000000000000e+02
4.100000000000000000e+01 4.920000000000000000e+02
4.200000000000000000e+01 4.920000000000000000e+02
4.200000000000000000e+01 4.910000000000000000e+02
4.200000000000000000e+01 4.940000000000000000e+02
4.100000000000000000e+01 4.930000000000000000e+02
4.200000000000000000e+01 4.920000000000000000e+02
4.300000000000000000e+01 4.920000000000000000e+02
4.100000000000000000e+01 4.900000000000000000e+02
4.400000000000000000e+01 4.920000000000000000e+02
4.300000000000000000e+01 4.920000000000000000e+02
4.200000000000000000e+01 4.930000000000000000e+02
4.400000000000000000e+01 4.940000000000000000e+02
4.200000000000000000e+01 4.910000000000000000e+02
4.300000000000000000e+01 4.930000000000000000e+02
4.300000000000000000e+01 4.940000000000000000e+02
4.300000000000000000e+01 4.910000000000000000e+02
4.400000000000000000e+01 4.920000000000000000e+02
4.300000000000000000e+01 4.910000000000000000e+02
4.500000000000000000e+01 4.930000000000000000e+02
4.400000000000000000e+01 4.930000000000000000e+02
4.400000000000000000e+01 4.920000000000000000e+02
4.600000000000000000e+01 4.940000000000000000e+02
4.700000000000000000e+01 4.920000000000000000e+02
4.500000000000000000e+01 4.920000000000000000e+02
4.500000000000000000e+01 4.930000000000000000e+02
4.400000000000000000e+01 4.930000000000000000e+02
4.500000000000000000e+01 4.950000000000000000e+02
4.400000000000000000e+01 4.970000000000000000e+02
4.500000000000000000e+01 4.970000000000000000e+02
4.400000000000000000e+01 4.970000000000000000e+02
4.300000000000000000e+01 4.950000000000000000e+02
4.400000000000000000e+01 4.960000000000000000e+02
4.300000000000000000e+01 4.960000000000000000e+02
4.400000000000000000e+01 4.950000000000000000e+02
4.300000000000000000e+01 4.930000000000000000e+02
4.300000000000000000e+01 4.950000000000000000e+02
4.400000000000000000e+01 4.950000000000000000e+02
4.200000000000000000e+01 4.950000000000000000e+02
4.200000000000000000e+01 4.960000000000000000e+02
4.300000000000000000e+01 4.950000000000000000e+02
4.300000000000000000e+01 4.960000000000000000e+02
4.300000000000000000e+01 4.970000000000000000e+02
4.100000000000000000e+01 4.940000000000000000e+02
4.300000000000000000e+01 4.970000000000000000e+02
4.100000000000000000e+01 4.960000000000000000e+02
4.200000000000000000e+01 4.950000000000000000e+02
4.100000000000000000e+01 4.960000000000000000e+02
3.800000000000000000e+01 4.930000000000000000e+02
3.900000000000000000e+01 4.950000000000000000e+02
3.800000000000000000e+01 4.940000000000000000e+02
3.900000000000000000e+01 4.930000000000000000e+02
4.100000000000000000e+01 4.950000000000000000e+02
3.900000000000000000e+01 4.930000000000000000e+02
3.800000000000000000e+01 4.940000000000000000e+02
3.500000000000000000e+01 4.940000000000000000e+02
3.600000000000000000e+01 4.930000000000000000e+02
3.600000000000000000e+01 4.930000000000000000e+02
3.600000000000000000e+01 4.920000000000000000e+02
3.500000000000000000e+01 4.910000000000000000e+02
3.400000000000000000e+01 4.910000000000000000e+02
3.400000000000000000e+01 4.920000000000000000e+02
3.600000000000000000e+01 4.930000000000000000e+02
3.300000000000000000e+01 4.930000000000000000e+02
3.400000000000000000e+01 4.940000000000000000e+02
3.300000000000000000e+01 4.950000000000000000e+02
3.600000000000000000e+01 4.940000000000000000e+02
3.600000000000000000e+01 4.950000000000000000e+02
3.700000000000000000e+01 4.950000000000000000e+02
3.800000000000000000e+01 4.950000000000000000e+02
3.900000000000000000e+01 4.960000000000000000e+02
3.800000000000000000e+01 4.970000000000000000e+02
3.800000000000000000e+01 5.000000000000000000e+02
3.800000000000000000e+01 4.990000000000000000e+02
3.800000000000000000e+01 4.990000000000000000e+02
