# frames 101, center=[35, 476], duration=[200, 300], video=videos browniano 1/Browniano_0
3.500000000000000000e+01 4.760000000000000000e+02
3.500000000000000000e+01 4.760000000000000000e+02
3.500000000000000000e+01 4.760000000000000000e+02
3.400000000000000000e+01 4.730000000000000000e+02
3.300000000000000000e+01 4.730000000000000000e+02
3.400000000000000000e+01 4.750000000000000000e+02
3.400000000000000000e+01 4.730000000000000000e+02
3.500000000000000000e+01 4.740000000000000000e+02
3.500000000000000000e+01 4.730000000000000000e+02
3.600000000000000000e+01 4.730000000000000000e+02
3.600000000000000000e+01 4.730000000000000000e+02
3.600000000000000000e+01 4.710000000000000000e+02
3.500000000000000000e+01 4.720000000000000000e+02
3.400000000000000000e+01 4.720000000000000000e+02
3.400000000000000000e+01 4.720000000000000000e+02
3.500000000000000000e+01 4.730000000000000000e+02
3.400000000000000000e+01 4.710000000000000000e+02
3.500000000000000000e+01 4.720000000000000000e+02
3.500000000000000000e+01 4.720000000000000000e+02
3.300000000000000000e+01 4.710000000000000000e+02
3.600000000000000000e+01 4.710000000000000000e+02
3.500000000000000000e+01 4.700000000000000000e+02
3.400000000000000000e+01 4.720000000000000000e+02
3.500000000000000000e+01 4.730000000000000000e+02
3.400000000000000000e+01 4.720000000000000000e+02
3.600000000000000000e+01 4.740000000000000000e+02
3.300000000000000000e+01 4.720000000000000000e+02
3.300000000000000000e+01 4.730000000000000000e+02
3.300000000000000000e+01 4.720000000000000000e+02
3.300000000000000000e+01 4.730000000000000000e+02
3.200000000000000000e+01 4.720000000000000000e+02
3.400000000000000000e+01 4.720000000000000000e+02
3.400000000000000000e+01 4.740000000000000000e+02
3.300000000000000000e+01 4.710000000000000000e+02
3.400000000000000000e+01 4.730000000000000000e+02
3.300000000000000000e+01 4.730000000000000000e+02
3.300000000000000000e+01 4.740000000000000000e+02
3.100000000000000000e+01 4.750000000000000000e+02
3.100000000000000000e+01 4.750000000000000000e+02
3.100000000000000000e+01 4.750000000000000000e+02
3.100000000000000000e+01 4.750000000000000000e+02
3.100000000000000000e+01 4.740000000000000000e+02
3.100000000000000000e+01 4.770000000000000000e+02
2.900000000000000000e+01 4.750000000000000000e+02
2.800000000000000000e+01 4.740000000000000000e+02
2.700000000000000000e+01 4.780000000000000000e+02
2.700000000000000000e+01 4.760000000000000000e+02
2.800000000000000000e+01 4.780000000000000000e+02
2.800000000000000000e+01 4.760000000000000000e+02
2.800000000000000000e+01 4.760000000000000000e+02
2.900000000000000000e+01 4.740000000000000000e+02
2.900000000000000000e+01 4.740000000000000000e+02
3.200000000000000000e+01 4.750000000000000000e+02
3.000000000000000000e+01 4.720000000000000000e+02
3.200000000000000000e+01 4.740000000000000000e+02
3.100000000000000000e+01 4.760000000000000000e+02
2.900000000000000000e+01 4.740000000000000000e+02
3.100000000000000000e+01 4.750000000000000000e+02
3.000000000000000000e+01 4.750000000000000000e+02
3.100000000000000000e+01 4.760000000000000000e+02
3.100000000000000000e+01 4.790000000000000000e+02
3.100000000000000000e+01 4.770000000000000000e+02
3.200000000000000000e+01 4.770000000000000000e+02
3.200000000000000000e+01 4.780000000000000000e+02
3.200000000000000000e+01 4.770000000000000000e+02
3.300000000000000000e+01 4.800000000000000000e+02
3.100000000000000000e+01 4.790000000000000000e+02
3.200000000000000000e+01 4.800000000000000000e+02
3.100000000000000000e+01 4.810000000000000000e+02
3.200000000000000000e+01 4.780000000000000000e+02
3.200000000000000000e+01 4.810000000000000000e+02
3.200000000000000000e+01 4.800000000000000000e+02
3.500000000000000000e+01 4.800000000000000000e+02
3.300000000000000000e+01 4.810000000000000000e+02
3.200000000000000000e+01 4.800000000000000000e+02
3.200000000000000000e+01 4.820000000000000000e+02
3.300000000000000000e+01 4.820000000000000000e+02
3.500000000000000000e+01 4.820000000000000000e+02
3.500000000000000000e+01 4.830000000000000000e+02
3.200000000000000000e+01 4.810000000000000000e+02
3.500000000000000000e+01 4.840000000000000000e+02
3.300000000000000000e+01 4.840000000000000000e+02
3.500000000000000000e+01 4.840000000000000000e+02
3.600000000000000000e+01 4.850000000000000000e+02
3.600000000000000000e+01 4.840000000000000000e+02
3.600000000000000000e+01 4.870000000000000000e+02
3.500000000000000000e+01 4.870000000000000000e+02
3.600000000000000000e+01 4.860000000000000000e+02
3.600000000000000000e+01 4.890000000000000000e+02
3.500000000000000000e+01 4.880000000000000000e+02
3.700000000000000000e+01 4.890000000000000000e+02
3.600000000000000000e+01 4.890000000000000000e+02
3.800000000000000000e+01 4.880000000000000000e+02
3.800000000000000000e+01 4.900000000000000000e+02
3.600000000000000000e+01 4.900000000000000000e+02
3.700000000000000000e+01 4.890000000000000000e+02
3.700000000000000000e+01 4.890000000000000000e+02
3.600000000000000000e+01 4.880000000000000000e+02
3.800000000000000000e+01 4.890000000000000000e+02
3.600000000000000000e+01 4.880000000000000000e+02
3.900000000000000000e+01 4.880000000000000000e+02
