# frames 101, center=[36, 505], duration=[400, 500], video=videos browniano 1/Browniano_0
3.600000000000000000e+01 5.050000000000000000e+02
3.600000000000000000e+01 5.050000000000000000e+02
3.600000000000000000e+01 5.050000000000000000e+02
3.900000000000000000e+01 5.070000000000000000e+02
3.900000000000000000e+01 5.080000000000000000e+02
3.900000000000000000e+01 5.080000000000000000e+02
3.800000000000000000e+01 5.090000000000000000e+02
3.700000000000000000e+01 5.100000000000000000e+02
3.700000000000000000e+01 5.090000000000000000e+02
3.600000000000000000e+01 5.090000000000000000e+02
3.600000000000000000e+01 5.080000000000000000e+02
3.600000000000000000e+01 5.080000000000000000e+02
3.700000000000000000e+01 5.070000000000000000e+02
3.700000000000000000e+01 5.080000000000000000e+02
3.500000000000000000e+01 5.080000000000000000e+02
3.500000000000000000e+01 5.080000000000000000e+02
3.600000000000000000e+01 5.110000000000000000e+02
3.600000000000000000e+01 5.100000000000000000e+02
3.800000000000000000e+01 5.120000000000000000e+02
3.800000000000000000e+01 5.120000000000000000e+02
3.900000000000000000e+01 5.110000000000000000e+02
3.900000000000000000e+01 5.110000000000000000e+02
3.700000000000000000e+01 5.100000000000000000e+02
3.900000000000000000e+01 5.110000000000000000e+02
3.800000000000000000e+01 5.120000000000000000e+02
3.800000000000000000e+01 5.100000000000000000e+02
3.500000000000000000e+01 5.140000000000000000e+02
3.600000000000000000e+01 5.120000000000000000e+02
3.500000000000000000e+01 5.120000000000000000e+02
3.600000000000000000e+01 5.130000000000000000e+02
3.500000000000000000e+01 5.110000000000000000e+02
3.500000000000000000e+01 5.140000000000000000e+02
3.600000000000000000e+01 5.120000000000000000e+02
3.500000000000000000e+01 5.130000000000000000e+02
3.600000000000000000e+01 5.150000000000000000e+02
3.500000000000000000e+01 5.130000000000000000e+02
3.600000000000000000e+01 5.150000000000000000e+02
3.800000000000000000e+01 5.120000000000000000e+02
3.700000000000000000e+01 5.130000000000000000e+02
3.500000000000000000e+01 5.140000000000000000e+02
3.500000000000000000e+01 5.130000000000000000e+02
3.500000000000000000e+01 5.160000000000000000e+02
3.800000000000000000e+01 5.130000000000000000e+02
3.500000000000000000e+01 5.150000000000000000e+02
3.500000000000000000e+01 5.160000000000000000e+02
3.600000000000000000e+01 5.140000000000000000e+02
3.600000000000000000e+01 5.160000000000000000e+02
3.600000000000000000e+01 5.130000000000000000e+02
3.500000000000000000e+01 5.140000000000000000e+02
3.700000000000000000e+01 5.150000000000000000e+02
3.900000000000000000e+01 5.110000000000000000e+02
3.900000000000000000e+01 5.130000000000000000e+02
4.200000000000000000e+01 5.120000000000000000e+02
3.900000000000000000e+01 5.110000000000000000e+02
4.100000000000000000e+01 5.120000000000000000e+02
3.900000000000000000e+01 5.110000000000000000e+02
3.900000000000000000e+01 5.140000000000000000e+02
4.100000000000000000e+01 5.130000000000000000e+02
3.900000000000000000e+01 5.140000000000000000e+02
4.000000000000000000e+01 5.160000000000000000e+02
4.000000000000000000e+01 5.140000000000000000e+02
3.900000000000000000e+01 5.150000000000000000e+02
4.100000000000000000e+01 5.130000000000000000e+02
3.900000000000000000e+01 5.110000000000000000e+02
3.900000000000000000e+01 5.130000000000000000e+02
4.000000000000000000e+01 5.130000000000000000e+02
3.900000000000000000e+01 5.150000000000000000e+02
4.100000000000000000e+01 5.140000000000000000e+02
3.900000000000000000e+01 5.140000000000000000e+02
4.000000000000000000e+01 5.150000000000000000e+02
4.200000000000000000e+01 5.140000000000000000e+02
4.000000000000000000e+01 5.140000000000000000e+02
4.200000000000000000e+01 5.130000000000000000e+02
4.000000000000000000e+01 5.130000000000000000e+02
4.200000000000000000e+01 5.130000000000000000e+02
4.200000000000000000e+01 5.130000000000000000e+02
4.300000000000000000e+01 5.130000000000000000e+02
4.500000000000000000e+01 5.140000000000000000e+02
4.400000000000000000e+01 5.140000000000000000e+02
4.500000000000000000e+01 5.160000000000000000e+02
4.600000000000000000e+01 5.150000000000000000e+02
4.500000000000000000e+01 5.150000000000000000e+02
4.600000000000000000e+01 5.160000000000000000e+02
4.400000000000000000e+01 5.140000000000000000e+02
4.500000000000000000e+01 5.130000000000000000e+02
4.400000000000000000e+01 5.140000000000000000e+02
4.300000000000000000e+01 5.120000000000000000e+02
4.500000000000000000e+01 5.130000000000000000e+02
4.400000000000000000e+01 5.130000000000000000e+02
4.500000000000000000e+01 5.120000000000000000e+02
4.500000000000000000e+01 5.120000000000000000e+02
4.400000000000000000e+01 5.110000000000000000e+02
4.400000000000000000e+01 5.110000000000000000e+02
4.400000000000000000e+01 5.130000000000000000e+02
4.400000000000000000e+01 5.130000000000000000e+02
4.300000000000000000e+01 5.130000000000000000e+02
4.100000000000000000e+01 5.110000000000000000e+02
4.200000000000000000e+01 5.140000000000000000e+02
4.100000000000000000e+01 5.140000000000000000e+02
4.000000000000000000e+01 5.120000000000000000e+02
4.100000000000000000e+01 5.140000000000000000e+02
