# frames 101, center=[31, 476], duration=[100, 200], video=videos browniano 1/Browniano_0
3.100000000000000000e+01 4.760000000000000000e+02
3.100000000000000000e+01 4.760000000000000000e+02
3.100000000000000000e+01 4.760000000000000000e+02
3.100000000000000000e+01 4.780000000000000000e+02
3.000000000000000000e+01 4.780000000000000000e+02
3.000000000000000000e+01 4.790000000000000000e+02
2.800000000000000000e+01 4.800000000000000000e+02
3.000000000000000000e+01 4.790000000000000000e+02
3.100000000000000000e+01 4.790000000000000000e+02
3.100000000000000000e+01 4.760000000000000000e+02
3.300000000000000000e+01 4.770000000000000000e+02
3.200000000000000000e+01 4.790000000000000000e+02
3.100000000000000000e+01 4.790000000000000000e+02
3.000000000000000000e+01 4.800000000000000000e+02
3.000000000000000000e+01 4.780000000000000000e+02
3.100000000000000000e+01 4.790000000000000000e+02
3.100000000000000000e+01 4.800000000000000000e+02
3.000000000000000000e+01 4.780000000000000000e+02
3.100000000000000000e+01 4.800000000000000000e+02
3.000000000000000000e+01 4.780000000000000000e+02
3.100000000000000000e+01 4.770000000000000000e+02
3.000000000000000000e+01 4.780000000000000000e+02
2.900000000000000000e+01 4.790000000000000000e+02
3.000000000000000000e+01 4.810000000000000000e+02
3.100000000000000000e+01 4.790000000000000000e+02
3.200000000000000000e+01 4.790000000000000000e+02
3.100000000000000000e+01 4.800000000000000000e+02
2.900000000000000000e+01 4.800000000000000000e+02
3.000000000000000000e+01 4.820000000000000000e+02
3.100000000000000000e+01 4.820000000000000000e+02
3.100000000000000000e+01 4.800000000000000000e+02
3.100000000000000000e+01 4.810000000000000000e+02
2.900000000000000000e+01 4.800000000000000000e+02
3.100000000000000000e+01 4.800000000000000000e+02
3.000000000000000000e+01 4.790000000000000000e+02
3.000000000000000000e+01 4.800000000000000000e+02
3.100000000000000000e+01 4.820000000000000000e+02
3.100000000000000000e+01 4.800000000000000000e+02
3.200000000000000000e+01 4.800000000000000000e+02
3.100000000000000000e+01 4.820000000000000000e+02
3.100000000000000000e+01 4.810000000000000000e+02
3.200000000000000000e+01 4.840000000000000000e+02
3.000000000000000000e+01 4.820000000000000000e+02
3.100000000000000000e+01 4.820000000000000000e+02
3.200000000000000000e+01 4.830000000000000000e+02
3.200000000000000000e+01 4.800000000000000000e+02
3.100000000000000000e+01 4.810000000000000000e+02
3.100000000000000000e+01 4.810000000000000000e+02
3.200000000000000000e+01 4.800000000000000000e+02
3.200000000000000000e+01 4.810000000000000000e+02
3.100000000000000000e+01 4.800000000000000000e+02
3.200000000000000000e+01 4.820000000000000000e+02
3.300000000000000000e+01 4.810000000000000000e+02
3.400000000000000000e+01 4.800000000000000000e+02
3.400000000000000000e+01 4.810000000000000000e+02
3.300000000000000000e+01 4.800000000000000000e+02
3.400000000000000000e+01 4.800000000000000000e+02
3.300000000000000000e+01 4.790000000000000000e+02
3.300000000000000000e+01 4.780000000000000000e+02
3.200000000000000000e+01 4.800000000000000000e+02
3.100000000000000000e+01 4.780000000000000000e+02
3.300000000000000000e+01 4.790000000000000000e+02
3.200000000000000000e+01 4.790000000000000000e+02
3.100000000000000000e+01 4.790000000000000000e+02
3.200000000000000000e+01 4.800000000000000000e+02
3.000000000000000000e+01 4.780000000000000000e+02
3.200000000000000000e+01 4.790000000000000000e+02
3.100000000000000000e+01 4.790000000000000000e+02
3.000000000000000000e+01 4.780000000000000000e+02
3.200000000000000000e+01 4.790000000000000000e+02
3.100000000000000000e+01 4.780000000000000000e+02
3.300000000000000000e+01 4.780000000000000000e+02
3.100000000000000000e+01 4.770000000000000000e+02
3.100000000000000000e+01 4.760000000000000000e+02
3.200000000000000000e+01 4.780000000000000000e+02
3.200000000000000000e+01 4.780000000000000000e+02
3.300000000000000000e+01 4.790000000000000000e+02
3.200000000000000000e+01 4.790000000000000000e+02
3.200000000000000000e+01 4.790000000000000000e+02
3.300000000000000000e+01 4.800000000000000000e+02
3.300000000000000000e+01 4.810000000000000000e+02
3.300000000000000000e+01 4.800000000000000000e+02
3.400000000000000000e+01 4.820000000000000000e+02
3.200000000000000000e+01 4.800000000000000000e+02
3.300000000000000000e+01 4.820000000000000000e+02
3.300000000000000000e+01 4.810000000000000000e+02
3.200000000000000000e+01 4.800000000000000000e+02
3.300000000000000000e+01 4.810000000000000000e+02
3.200000000000000000e+01 4.800000000000000000e+02
3.200000000000000000e+01 4.790000000000000000e+02
3.100000000000000000e+01 4.810000000000000000e+02
3.000000000000000000e+01 4.810000000000000000e+02
3.200000000000000000e+01 4.830000000000000000e+02
3.000000000000000000e+01 4.810000000000000000e+02
3.200000000000000000e+01 4.810000000000000000e+02
3.000000000000000000e+01 4.820000000000000000e+02
3.000000000000000000e+01 4.810000000000000000e+02
3.200000000000000000e+01 4.810000000000000000e+02
3.100000000000000000e+01 4.790000000000000000e+02
3.200000000000000000e+01 4.800000000000000000e+02
3.100000000000000000e+01 4.820000000000000000e+02
