# frames 101, center=[96, 212], duration=[200, 300], video=videos browniano 1/Browniano_0
9.600000000000000000e+01 2.120000000000000000e+02
9.600000000000000000e+01 2.120000000000000000e+02
9.600000000000000000e+01 2.120000000000000000e+02
9.700000000000000000e+01 2.130000000000000000e+02
9.800000000000000000e+01 2.130000000000000000e+02
9.500000000000000000e+01 2.100000000000000000e+02
9.700000000000000000e+01 2.120000000000000000e+02
9.700000000000000000e+01 2.120000000000000000e+02
9.700000000000000000e+01 2.120000000000000000e+02
9.900000000000000000e+01 2.120000000000000000e+02
9.700000000000000000e+01 2.110000000000000000e+02
9.800000000000000000e+01 2.120000000000000000e+02
9.700000000000000000e+01 2.120000000000000000e+02
9.700000000000000000e+01 2.120000000000000000e+02
9.800000000000000000e+01 2.120000000000000000e+02
9.600000000000000000e+01 2.100000000000000000e+02
9.700000000000000000e+01 2.100000000000000000e+02
9.600000000000000000e+01 2.090000000000000000e+02
9.500000000000000000e+01 2.090000000000000000e+02
9.600000000000000000e+01 2.100000000000000000e+02
9.500000000000000000e+01 2.090000000000000000e+02
9.600000000000000000e+01 2.090000000000000000e+02
9.400000000000000000e+01 2.110000000000000000e+02
9.500000000000000000e+01 2.090000000000000000e+02
9.500000000000000000e+01 2.110000000000000000e+02
9.400000000000000000e+01 2.110000000000000000e+02
9.500000000000000000e+01 2.130000000000000000e+02
9.400000000000000000e+01 2.140000000000000000e+02
9.600000000000000000e+01 2.150000000000000000e+02
9.500000000000000000e+01 2.150000000000000000e+02
9.500000000000000000e+01 2.140000000000000000e+02
9.500000000000000000e+01 2.160000000000000000e+02
9.200000000000000000e+01 2.140000000000000000e+02
9.500000000000000000e+01 2.150000000000000000e+02
9.400000000000000000e+01 2.150000000000000000e+02
9.500000000000000000e+01 2.140000000000000000e+02
9.600000000000000000e+01 2.160000000000000000e+02
9.400000000000000000e+01 2.150000000000000000e+02
9.500000000000000000e+01 2.160000000000000000e+02
9.600000000000000000e+01 2.150000000000000000e+02
9.600000000000000000e+01 2.140000000000000000e+02
9.600000000000000000e+01 2.170000000000000000e+02
9.600000000000000000e+01 2.140000000000000000e+02
9.700000000000000000e+01 2.160000000000000000e+02
9.400000000000000000e+01 2.170000000000000000e+02
9.400000000000000000e+01 2.150000000000000000e+02
9.500000000000000000e+01 2.150000000000000000e+02
9.300000000000000000e+01 2.130000000000000000e+02
9.400000000000000000e+01 2.130000000000000000e+02
9.500000000000000000e+01 2.140000000000000000e+02
9.400000000000000000e+01 2.130000000000000000e+02
9.600000000000000000e+01 2.150000000000000000e+02
9.500000000000000000e+01 2.150000000000000000e+02
9.600000000000000000e+01 2.160000000000000000e+02
9.600000000000000000e+01 2.180000000000000000e+02
9.600000000000000000e+01 2.150000000000000000e+02
9.600000000000000000e+01 2.170000000000000000e+02
9.400000000000000000e+01 2.160000000000000000e+02
9.400000000000000000e+01 2.180000000000000000e+02
9.400000000000000000e+01 2.190000000000000000e+02
9.300000000000000000e+01 2.180000000000000000e+02
9.400000000000000000e+01 2.180000000000000000e+02
9.300000000000000000e+01 2.200000000000000000e+02
9.300000000000000000e+01 2.200000000000000000e+02
9.300000000000000000e+01 2.210000000000000000e+02
9.100000000000000000e+01 2.210000000000000000e+02
9.200000000000000000e+01 2.230000000000000000e+02
9.100000000000000000e+01 2.220000000000000000e+02
9.100000000000000000e+01 2.200000000000000000e+02
9.200000000000000000e+01 2.230000000000000000e+02
9.100000000000000000e+01 2.210000000000000000e+02
9.200000000000000000e+01 2.220000000000000000e+02
9.000000000000000000e+01 2.230000000000000000e+02
9.000000000000000000e+01 2.240000000000000000e+02
9.100000000000000000e+01 2.250000000000000000e+02
9.000000000000000000e+01 2.230000000000000000e+02
8.900000000000000000e+01 2.230000000000000000e+02
9.000000000000000000e+01 2.240000000000000000e+02
8.900000000000000000e+01 2.220000000000000000e+02
9.100000000000000000e+01 2.240000000000000000e+02
8.900000000000000000e+01 2.220000000000000000e+02
9.100000000000000000e+01 2.220000000000000000e+02
9.200000000000000000e+01 2.230000000000000000e+02
9.100000000000000000e+01 2.210000000000000000e+02
9.200000000000000000e+01 2.240000000000000000e+02
9.200000000000000000e+01 2.250000000000000000e+02
9.200000000000000000e+01 2.230000000000000000e+02
9.300000000000000000e+01 2.250000000000000000e+02
9.300000000000000000e+01 2.240000000000000000e+02
9.200000000000000000e+01 2.250000000000000000e+02
9.000000000000000000e+01 2.250000000000000000e+02
9.200000000000000000e+01 2.230000000000000000e+02
9.100000000000000000e+01 2.240000000000000000e+02
9.000000000000000000e+01 2.240000000000000000e+02
9.200000000000000000e+01 2.250000000000000000e+02
9.100000000000000000e+01 2.240000000000000000e+02
9.100000000000000000e+01 2.230000000000000000e+02
9.200000000000000000e+01 2.270000000000000000e+02
9.100000000000000000e+01 2.250000000000000000e+02
9.200000000000000000e+01 2.260000000000000000e+02
9.200000000000000000e+01 2.260000000000000000e+02
