# frames 101, center=[114, 215], duration=[0, 100], video=videos browniano 1/Browniano_0
1.140000000000000000e+02 2.150000000000000000e+02
1.140000000000000000e+02 2.150000000000000000e+02
1.140000000000000000e+02 2.150000000000000000e+02
1.140000000000000000e+02 2.130000000000000000e+02
1.140000000000000000e+02 2.140000000000000000e+02
1.140000000000000000e+02 2.150000000000000000e+02
1.150000000000000000e+02 2.140000000000000000e+02
1.150000000000000000e+02 2.170000000000000000e+02
1.140000000000000000e+02 2.160000000000000000e+02
1.140000000000000000e+02 2.160000000000000000e+02
1.140000000000000000e+02 2.160000000000000000e+02
1.120000000000000000e+02 2.140000000000000000e+02
1.130000000000000000e+02 2.160000000000000000e+02
1.110000000000000000e+02 2.160000000000000000e+02
1.130000000000000000e+02 2.170000000000000000e+02
1.130000000000000000e+02 2.170000000000000000e+02
1.130000000000000000e+02 2.160000000000000000e+02
1.130000000000000000e+02 2.180000000000000000e+02
1.130000000000000000e+02 2.170000000000000000e+02
1.120000000000000000e+02 2.150000000000000000e+02
1.110000000000000000e+02 2.150000000000000000e+02
1.080000000000000000e+02 2.150000000000000000e+02
1.100000000000000000e+02 2.150000000000000000e+02
1.100000000000000000e+02 2.150000000000000000e+02
1.100000000000000000e+02 2.130000000000000000e+02
1.130000000000000000e+02 2.160000000000000000e+02
1.100000000000000000e+02 2.150000000000000000e+02
1.110000000000000000e+02 2.170000000000000000e+02
1.130000000000000000e+02 2.150000000000000000e+02
1.120000000000000000e+02 2.120000000000000000e+02
1.120000000000000000e+02 2.140000000000000000e+02
1.100000000000000000e+02 2.130000000000000000e+02
1.100000000000000000e+02 2.120000000000000000e+02
1.090000000000000000e+02 2.150000000000000000e+02
1.090000000000000000e+02 2.140000000000000000e+02
1.120000000000000000e+02 2.120000000000000000e+02
1.110000000000000000e+02 2.110000000000000000e+02
1.110000000000000000e+02 2.130000000000000000e+02
1.110000000000000000e+02 2.140000000000000000e+02
1.090000000000000000e+02 2.130000000000000000e+02
1.120000000000000000e+02 2.130000000000000000e+02
1.110000000000000000e+02 2.140000000000000000e+02
1.100000000000000000e+02 2.120000000000000000e+02
1.110000000000000000e+02 2.130000000000000000e+02
1.080000000000000000e+02 2.130000000000000000e+02
1.100000000000000000e+02 2.130000000000000000e+02
1.110000000000000000e+02 2.110000000000000000e+02
1.080000000000000000e+02 2.100000000000000000e+02
1.080000000000000000e+02 2.130000000000000000e+02
1.090000000000000000e+02 2.100000000000000000e+02
1.090000000000000000e+02 2.100000000000000000e+02
1.100000000000000000e+02 2.110000000000000000e+02
1.090000000000000000e+02 2.090000000000000000e+02
1.100000000000000000e+02 2.120000000000000000e+02
1.080000000000000000e+02 2.110000000000000000e+02
1.070000000000000000e+02 2.110000000000000000e+02
1.080000000000000000e+02 2.120000000000000000e+02
1.070000000000000000e+02 2.090000000000000000e+02
1.080000000000000000e+02 2.110000000000000000e+02
1.050000000000000000e+02 2.100000000000000000e+02
1.070000000000000000e+02 2.090000000000000000e+02
1.080000000000000000e+02 2.130000000000000000e+02
1.070000000000000000e+02 2.120000000000000000e+02
1.090000000000000000e+02 2.120000000000000000e+02
1.070000000000000000e+02 2.130000000000000000e+02
1.060000000000000000e+02 2.110000000000000000e+02
1.070000000000000000e+02 2.130000000000000000e+02
1.060000000000000000e+02 2.110000000000000000e+02
1.070000000000000000e+02 2.120000000000000000e+02
1.060000000000000000e+02 2.120000000000000000e+02
1.050000000000000000e+02 2.110000000000000000e+02
1.060000000000000000e+02 2.150000000000000000e+02
1.040000000000000000e+02 2.140000000000000000e+02
1.060000000000000000e+02 2.140000000000000000e+02
1.060000000000000000e+02 2.140000000000000000e+02
1.050000000000000000e+02 2.130000000000000000e+02
1.060000000000000000e+02 2.130000000000000000e+02
1.040000000000000000e+02 2.130000000000000000e+02
1.040000000000000000e+02 2.130000000000000000e+02
1.050000000000000000e+02 2.150000000000000000e+02
1.040000000000000000e+02 2.130000000000000000e+02
1.040000000000000000e+02 2.150000000000000000e+02
1.030000000000000000e+02 2.140000000000000000e+02
1.050000000000000000e+02 2.130000000000000000e+02
1.030000000000000000e+02 2.140000000000000000e+02
1.020000000000000000e+02 2.130000000000000000e+02
1.020000000000000000e+02 2.150000000000000000e+02
1.020000000000000000e+02 2.150000000000000000e+02
1.020000000000000000e+02 2.130000000000000000e+02
1.030000000000000000e+02 2.150000000000000000e+02
1.000000000000000000e+02 2.120000000000000000e+02
1.020000000000000000e+02 2.130000000000000000e+02
1.000000000000000000e+02 2.150000000000000000e+02
1.000000000000000000e+02 2.130000000000000000e+02
1.030000000000000000e+02 2.140000000000000000e+02
1.010000000000000000e+02 2.120000000000000000e+02
1.020000000000000000e+02 2.130000000000000000e+02
1.020000000000000000e+02 2.150000000000000000e+02
1.030000000000000000e+02 2.120000000000000000e+02
1.040000000000000000e+02 2.130000000000000000e+02
1.030000000000000000e+02 2.120000000000000000e+02
