# frames 101, center=[90, 225], duration=[300, 400], video=videos browniano 1/Browniano_0
9.000000000000000000e+01 2.250000000000000000e+02
9.000000000000000000e+01 2.250000000000000000e+02
9.000000000000000000e+01 2.250000000000000000e+02
8.600000000000000000e+01 2.230000000000000000e+02
8.800000000000000000e+01 2.230000000000000000e+02
8.900000000000000000e+01 2.240000000000000000e+02
8.800000000000000000e+01 2.220000000000000000e+02
8.900000000000000000e+01 2.240000000000000000e+02
8.900000000000000000e+01 2.240000000000000000e+02
8.900000000000000000e+01 2.230000000000000000e+02
9.000000000000000000e+01 2.240000000000000000e+02
8.900000000000000000e+01 2.210000000000000000e+02
8.900000000000000000e+01 2.230000000000000000e+02
8.900000000000000000e+01 2.210000000000000000e+02
9.000000000000000000e+01 2.220000000000000000e+02
8.800000000000000000e+01 2.200000000000000000e+02
8.900000000000000000e+01 2.210000000000000000e+02
8.900000000000000000e+01 2.210000000000000000e+02
8.800000000000000000e+01 2.210000000000000000e+02
9.000000000000000000e+01 2.230000000000000000e+02
8.800000000000000000e+01 2.210000000000000000e+02
8.800000000000000000e+01 2.220000000000000000e+02
9.000000000000000000e+01 2.220000000000000000e+02
8.900000000000000000e+01 2.210000000000000000e+02
8.900000000000000000e+01 2.220000000000000000e+02
8.900000000000000000e+01 2.220000000000000000e+02
8.900000000000000000e+01 2.220000000000000000e+02
9.000000000000000000e+01 2.240000000000000000e+02
9.000000000000000000e+01 2.230000000000000000e+02
8.900000000000000000e+01 2.240000000000000000e+02
9.000000000000000000e+01 2.230000000000000000e+02
9.100000000000000000e+01 2.210000000000000000e+02
9.100000000000000000e+01 2.230000000000000000e+02
9.000000000000000000e+01 2.210000000000000000e+02
9.100000000000000000e+01 2.220000000000000000e+02
9.000000000000000000e+01 2.220000000000000000e+02
9.000000000000000000e+01 2.210000000000000000e+02
9.300000000000000000e+01 2.200000000000000000e+02
9.200000000000000000e+01 2.200000000000000000e+02
9.300000000000000000e+01 2.220000000000000000e+02
9.200000000000000000e+01 2.220000000000000000e+02
9.300000000000000000e+01 2.220000000000000000e+02
9.400000000000000000e+01 2.230000000000000000e+02
9.200000000000000000e+01 2.200000000000000000e+02
9.400000000000000000e+01 2.220000000000000000e+02
9.300000000000000000e+01 2.210000000000000000e+02
9.300000000000000000e+01 2.200000000000000000e+02
9.500000000000000000e+01 2.210000000000000000e+02
9.300000000000000000e+01 2.200000000000000000e+02
9.400000000000000000e+01 2.200000000000000000e+02
9.500000000000000000e+01 2.200000000000000000e+02
9.400000000000000000e+01 2.190000000000000000e+02
9.400000000000000000e+01 2.200000000000000000e+02
9.300000000000000000e+01 2.190000000000000000e+02
9.300000000000000000e+01 2.200000000000000000e+02
9.300000000000000000e+01 2.210000000000000000e+02
9.200000000000000000e+01 2.190000000000000000e+02
9.300000000000000000e+01 2.200000000000000000e+02
9.200000000000000000e+01 2.190000000000000000e+02
9.200000000000000000e+01 2.190000000000000000e+02
9.300000000000000000e+01 2.200000000000000000e+02
9.500000000000000000e+01 2.220000000000000000e+02
9.500000000000000000e+01 2.230000000000000000e+02
9.400000000000000000e+01 2.210000000000000000e+02
9.600000000000000000e+01 2.220000000000000000e+02
9.400000000000000000e+01 2.190000000000000000e+02
9.500000000000000000e+01 2.210000000000000000e+02
9.500000000000000000e+01 2.220000000000000000e+02
9.400000000000000000e+01 2.210000000000000000e+02
9.400000000000000000e+01 2.240000000000000000e+02
9.400000000000000000e+01 2.230000000000000000e+02
9.600000000000000000e+01 2.240000000000000000e+02
9.600000000000000000e+01 2.260000000000000000e+02
9.500000000000000000e+01 2.240000000000000000e+02
9.500000000000000000e+01 2.260000000000000000e+02
9.400000000000000000e+01 2.250000000000000000e+02
9.500000000000000000e+01 2.250000000000000000e+02
9.300000000000000000e+01 2.250000000000000000e+02
9.200000000000000000e+01 2.240000000000000000e+02
9.200000000000000000e+01 2.250000000000000000e+02
9.100000000000000000e+01 2.260000000000000000e+02
9.300000000000000000e+01 2.260000000000000000e+02
9.200000000000000000e+01 2.270000000000000000e+02
9.100000000000000000e+01 2.250000000000000000e+02
9.200000000000000000e+01 2.260000000000000000e+02
8.900000000000000000e+01 2.260000000000000000e+02
8.900000000000000000e+01 2.260000000000000000e+02
9.000000000000000000e+01 2.260000000000000000e+02
9.000000000000000000e+01 2.260000000000000000e+02
9.100000000000000000e+01 2.260000000000000000e+02
8.900000000000000000e+01 2.270000000000000000e+02
8.900000000000000000e+01 2.260000000000000000e+02
9.200000000000000000e+01 2.270000000000000000e+02
9.000000000000000000e+01 2.260000000000000000e+02
9.100000000000000000e+01 2.260000000000000000e+02
9.200000000000000000e+01 2.270000000000000000e+02
9.200000000000000000e+01 2.260000000000000000e+02
9.200000000000000000e+01 2.280000000000000000e+02
9.100000000000000000e+01 2.260000000000000000e+02
9.300000000000000000e+01 2.260000000000000000e+02
9.300000000000000000e+01 2.270000000000000000e+02
