# frames 101, center=[102, 210], duration=[100, 200], video=videos browniano 1/Browniano_0
1.020000000000000000e+02 2.100000000000000000e+02
1.020000000000000000e+02 2.100000000000000000e+02
1.020000000000000000e+02 2.100000000000000000e+02
1.000000000000000000e+02 2.080000000000000000e+02
1.000000000000000000e+02 2.090000000000000000e+02
9.800000000000000000e+01 2.090000000000000000e+02
9.900000000000000000e+01 2.080000000000000000e+02
1.010000000000000000e+02 2.080000000000000000e+02
1.010000000000000000e+02 2.060000000000000000e+02
1.030000000000000000e+02 2.070000000000000000e+02
1.000000000000000000e+02 2.080000000000000000e+02
1.020000000000000000e+02 2.090000000000000000e+02
1.030000000000000000e+02 2.090000000000000000e+02
1.030000000000000000e+02 2.080000000000000000e+02
1.020000000000000000e+02 2.070000000000000000e+02
1.040000000000000000e+02 2.080000000000000000e+02
1.030000000000000000e+02 2.070000000000000000e+02
1.050000000000000000e+02 2.090000000000000000e+02
1.040000000000000000e+02 2.080000000000000000e+02
1.040000000000000000e+02 2.090000000000000000e+02
1.040000000000000000e+02 2.090000000000000000e+02
1.050000000000000000e+02 2.080000000000000000e+02
1.050000000000000000e+02 2.090000000000000000e+02
1.040000000000000000e+02 2.080000000000000000e+02
1.040000000000000000e+02 2.080000000000000000e+02
1.050000000000000000e+02 2.090000000000000000e+02
1.040000000000000000e+02 2.070000000000000000e+02
1.050000000000000000e+02 2.090000000000000000e+02
1.050000000000000000e+02 2.090000000000000000e+02
1.050000000000000000e+02 2.090000000000000000e+02
1.050000000000000000e+02 2.110000000000000000e+02
1.030000000000000000e+02 2.090000000000000000e+02
1.050000000000000000e+02 2.100000000000000000e+02
1.040000000000000000e+02 2.100000000000000000e+02
1.040000000000000000e+02 2.090000000000000000e+02
1.030000000000000000e+02 2.110000000000000000e+02
1.030000000000000000e+02 2.090000000000000000e+02
1.040000000000000000e+02 2.100000000000000000e+02
1.010000000000000000e+02 2.120000000000000000e+02
1.000000000000000000e+02 2.120000000000000000e+02
1.020000000000000000e+02 2.140000000000000000e+02
1.020000000000000000e+02 2.120000000000000000e+02
1.030000000000000000e+02 2.130000000000000000e+02
1.030000000000000000e+02 2.130000000000000000e+02
1.020000000000000000e+02 2.100000000000000000e+02
1.010000000000000000e+02 2.140000000000000000e+02
9.900000000000000000e+01 2.130000000000000000e+02
1.000000000000000000e+02 2.120000000000000000e+02
1.000000000000000000e+02 2.120000000000000000e+02
1.000000000000000000e+02 2.100000000000000000e+02
1.020000000000000000e+02 2.130000000000000000e+02
9.900000000000000000e+01 2.100000000000000000e+02
1.020000000000000000e+02 2.110000000000000000e+02
1.020000000000000000e+02 2.130000000000000000e+02
1.000000000000000000e+02 2.110000000000000000e+02
1.010000000000000000e+02 2.130000000000000000e+02
1.010000000000000000e+02 2.120000000000000000e+02
1.000000000000000000e+02 2.120000000000000000e+02
1.000000000000000000e+02 2.140000000000000000e+02
9.900000000000000000e+01 2.130000000000000000e+02
1.010000000000000000e+02 2.140000000000000000e+02
1.000000000000000000e+02 2.130000000000000000e+02
1.010000000000000000e+02 2.130000000000000000e+02
1.010000000000000000e+02 2.140000000000000000e+02
1.000000000000000000e+02 2.130000000000000000e+02
1.010000000000000000e+02 2.140000000000000000e+02
1.010000000000000000e+02 2.140000000000000000e+02
1.010000000000000000e+02 2.120000000000000000e+02
1.000000000000000000e+02 2.110000000000000000e+02
9.800000000000000000e+01 2.110000000000000000e+02
9.900000000000000000e+01 2.120000000000000000e+02
9.900000000000000000e+01 2.120000000000000000e+02
9.900000000000000000e+01 2.120000000000000000e+02
9.900000000000000000e+01 2.140000000000000000e+02
9.800000000000000000e+01 2.130000000000000000e+02
9.800000000000000000e+01 2.140000000000000000e+02
9.800000000000000000e+01 2.150000000000000000e+02
9.500000000000000000e+01 2.130000000000000000e+02
9.600000000000000000e+01 2.160000000000000000e+02
9.500000000000000000e+01 2.160000000000000000e+02
9.500000000000000000e+01 2.150000000000000000e+02
9.500000000000000000e+01 2.150000000000000000e+02
9.400000000000000000e+01 2.130000000000000000e+02
9.500000000000000000e+01 2.150000000000000000e+02
9.500000000000000000e+01 2.150000000000000000e+02
9.500000000000000000e+01 2.140000000000000000e+02
9.500000000000000000e+01 2.160000000000000000e+02
9.300000000000000000e+01 2.150000000000000000e+02
9.500000000000000000e+01 2.160000000000000000e+02
9.600000000000000000e+01 2.160000000000000000e+02
9.500000000000000000e+01 2.140000000000000000e+02
9.700000000000000000e+01 2.150000000000000000e+02
9.400000000000000000e+01 2.120000000000000000e+02
9.500000000000000000e+01 2.140000000000000000e+02
9.400000000000000000e+01 2.140000000000000000e+02
9.600000000000000000e+01 2.110000000000000000e+02
9.700000000000000000e+01 2.130000000000000000e+02
9.500000000000000000e+01 2.110000000000000000e+02
9.600000000000000000e+01 2.110000000000000000e+02
9.600000000000000000e+01 2.110000000000000000e+02
9.600000000000000000e+01 2.080000000000000000e+02
