# frames 101, center=[654, 130], duration=[400, 500], video=videos browniano 1/Browniano_0
6.540000000000000000e+02 1.300000000000000000e+02
6.540000000000000000e+02 1.300000000000000000e+02
6.540000000000000000e+02 1.300000000000000000e+02
6.530000000000000000e+02 1.300000000000000000e+02
6.530000000000000000e+02 1.320000000000000000e+02
6.510000000000000000e+02 1.310000000000000000e+02
6.530000000000000000e+02 1.320000000000000000e+02
6.540000000000000000e+02 1.340000000000000000e+02
6.520000000000000000e+02 1.320000000000000000e+02
6.520000000000000000e+02 1.320000000000000000e+02
6.520000000000000000e+02 1.320000000000000000e+02
6.520000000000000000e+02 1.320000000000000000e+02
6.520000000000000000e+02 1.330000000000000000e+02
6.510000000000000000e+02 1.330000000000000000e+02
6.520000000000000000e+02 1.340000000000000000e+02
6.500000000000000000e+02 1.340000000000000000e+02
6.510000000000000000e+02 1.340000000000000000e+02
6.500000000000000000e+02 1.350000000000000000e+02
6.480000000000000000e+02 1.340000000000000000e+02
6.470000000000000000e+02 1.350000000000000000e+02
6.490000000000000000e+02 1.350000000000000000e+02
6.480000000000000000e+02 1.340000000000000000e+02
6.490000000000000000e+02 1.340000000000000000e+02
6.480000000000000000e+02 1.340000000000000000e+02
6.520000000000000000e+02 1.320000000000000000e+02
6.490000000000000000e+02 1.360000000000000000e+02
6.500000000000000000e+02 1.340000000000000000e+02
6.520000000000000000e+02 1.350000000000000000e+02
6.490000000000000000e+02 1.340000000000000000e+02
6.490000000000000000e+02 1.330000000000000000e+02
6.480000000000000000e+02 1.370000000000000000e+02
6.490000000000000000e+02 1.340000000000000000e+02
6.510000000000000000e+02 1.360000000000000000e+02
6.510000000000000000e+02 1.380000000000000000e+02
6.520000000000000000e+02 1.350000000000000000e+02
6.510000000000000000e+02 1.380000000000000000e+02
6.510000000000000000e+02 1.360000000000000000e+02
6.510000000000000000e+02 1.370000000000000000e+02
6.530000000000000000e+02 1.380000000000000000e+02
6.530000000000000000e+02 1.360000000000000000e+02
6.510000000000000000e+02 1.380000000000000000e+02
6.520000000000000000e+02 1.360000000000000000e+02
6.520000000000000000e+02 1.360000000000000000e+02
6.510000000000000000e+02 1.380000000000000000e+02
6.530000000000000000e+02 1.360000000000000000e+02
6.520000000000000000e+02 1.410000000000000000e+02
6.520000000000000000e+02 1.390000000000000000e+02
6.520000000000000000e+02 1.400000000000000000e+02
6.510000000000000000e+02 1.410000000000000000e+02
6.520000000000000000e+02 1.390000000000000000e+02
6.520000000000000000e+02 1.420000000000000000e+02
6.540000000000000000e+02 1.380000000000000000e+02
6.540000000000000000e+02 1.380000000000000000e+02
6.530000000000000000e+02 1.400000000000000000e+02
6.540000000000000000e+02 1.360000000000000000e+02
6.540000000000000000e+02 1.400000000000000000e+02
6.560000000000000000e+02 1.360000000000000000e+02
6.550000000000000000e+02 1.380000000000000000e+02
6.560000000000000000e+02 1.400000000000000000e+02
6.560000000000000000e+02 1.360000000000000000e+02
6.550000000000000000e+02 1.390000000000000000e+02
6.550000000000000000e+02 1.370000000000000000e+02
6.550000000000000000e+02 1.380000000000000000e+02
6.550000000000000000e+02 1.390000000000000000e+02
6.560000000000000000e+02 1.360000000000000000e+02
6.570000000000000000e+02 1.390000000000000000e+02
6.570000000000000000e+02 1.390000000000000000e+02
6.560000000000000000e+02 1.390000000000000000e+02
6.550000000000000000e+02 1.420000000000000000e+02
6.570000000000000000e+02 1.400000000000000000e+02
6.560000000000000000e+02 1.410000000000000000e+02
6.580000000000000000e+02 1.400000000000000000e+02
6.570000000000000000e+02 1.410000000000000000e+02
6.560000000000000000e+02 1.430000000000000000e+02
6.560000000000000000e+02 1.400000000000000000e+02
6.590000000000000000e+02 1.430000000000000000e+02
6.580000000000000000e+02 1.430000000000000000e+02
6.560000000000000000e+02 1.420000000000000000e+02
6.580000000000000000e+02 1.420000000000000000e+02
6.600000000000000000e+02 1.410000000000000000e+02
6.590000000000000000e+02 1.430000000000000000e+02
6.590000000000000000e+02 1.440000000000000000e+02
6.590000000000000000e+02 1.420000000000000000e+02
6.600000000000000000e+02 1.420000000000000000e+02
6.580000000000000000e+02 1.410000000000000000e+02
6.600000000000000000e+02 1.420000000000000000e+02
6.610000000000000000e+02 1.430000000000000000e+02
6.590000000000000000e+02 1.410000000000000000e+02
6.610000000000000000e+02 1.430000000000000000e+02
6.610000000000000000e+02 1.420000000000000000e+02
6.610000000000000000e+02 1.430000000000000000e+02
6.610000000000000000e+02 1.440000000000000000e+02
6.600000000000000000e+02 1.420000000000000000e+02
6.610000000000000000e+02 1.420000000000000000e+02
6.610000000000000000e+02 1.410000000000000000e+02
6.610000000000000000e+02 1.410000000000000000e+02
6.620000000000000000e+02 1.420000000000000000e+02
6.620000000000000000e+02 1.400000000000000000e+02
6.640000000000000000e+02 1.410000000000000000e+02
6.620000000000000000e+02 1.400000000000000000e+02
6.620000000000000000e+02 1.390000000000000000e+02
