# frames 101, center=[590, 84], duration=[400, 500], video=videos browniano 1/Browniano_0
5.900000000000000000e+02 8.400000000000000000e+01
5.900000000000000000e+02 8.400000000000000000e+01
5.900000000000000000e+02 8.400000000000000000e+01
5.890000000000000000e+02 8.200000000000000000e+01
5.900000000000000000e+02 8.500000000000000000e+01
5.900000000000000000e+02 8.400000000000000000e+01
5.900000000000000000e+02 8.400000000000000000e+01
5.920000000000000000e+02 8.400000000000000000e+01
5.900000000000000000e+02 8.000000000000000000e+01
5.910000000000000000e+02 8.100000000000000000e+01
5.890000000000000000e+02 8.100000000000000000e+01
5.920000000000000000e+02 8.200000000000000000e+01
5.920000000000000000e+02 8.200000000000000000e+01
5.900000000000000000e+02 8.100000000000000000e+01
5.910000000000000000e+02 8.100000000000000000e+01
5.910000000000000000e+02 8.100000000000000000e+01
5.910000000000000000e+02 8.000000000000000000e+01
5.920000000000000000e+02 8.000000000000000000e+01
5.930000000000000000e+02 7.800000000000000000e+01
5.930000000000000000e+02 7.900000000000000000e+01
5.930000000000000000e+02 8.000000000000000000e+01
5.920000000000000000e+02 8.100000000000000000e+01
5.920000000000000000e+02 8.100000000000000000e+01
5.900000000000000000e+02 8.200000000000000000e+01
5.920000000000000000e+02 8.100000000000000000e+01
5.900000000000000000e+02 8.300000000000000000e+01
5.910000000000000000e+02 7.900000000000000000e+01
5.900000000000000000e+02 8.000000000000000000e+01
5.890000000000000000e+02 7.800000000000000000e+01
5.900000000000000000e+02 7.700000000000000000e+01
5.910000000000000000e+02 8.000000000000000000e+01
5.920000000000000000e+02 7.800000000000000000e+01
5.940000000000000000e+02 7.900000000000000000e+01
5.920000000000000000e+02 7.800000000000000000e+01
5.940000000000000000e+02 7.700000000000000000e+01
5.920000000000000000e+02 7.800000000000000000e+01
5.930000000000000000e+02 7.600000000000000000e+01
5.920000000000000000e+02 7.900000000000000000e+01
5.920000000000000000e+02 7.800000000000000000e+01
5.930000000000000000e+02 7.800000000000000000e+01
5.930000000000000000e+02 8.000000000000000000e+01
5.930000000000000000e+02 7.800000000000000000e+01
5.920000000000000000e+02 8.000000000000000000e+01
5.950000000000000000e+02 8.200000000000000000e+01
5.950000000000000000e+02 8.200000000000000000e+01
5.930000000000000000e+02 8.500000000000000000e+01
5.940000000000000000e+02 8.100000000000000000e+01
5.950000000000000000e+02 8.400000000000000000e+01
5.960000000000000000e+02 8.400000000000000000e+01
5.960000000000000000e+02 8.400000000000000000e+01
5.960000000000000000e+02 8.600000000000000000e+01
5.950000000000000000e+02 8.300000000000000000e+01
5.940000000000000000e+02 8.600000000000000000e+01
5.930000000000000000e+02 8.500000000000000000e+01
5.940000000000000000e+02 8.200000000000000000e+01
5.940000000000000000e+02 8.500000000000000000e+01
5.950000000000000000e+02 8.100000000000000000e+01
5.950000000000000000e+02 8.300000000000000000e+01
5.960000000000000000e+02 8.300000000000000000e+01
5.960000000000000000e+02 8.100000000000000000e+01
5.960000000000000000e+02 7.900000000000000000e+01
5.960000000000000000e+02 8.200000000000000000e+01
5.950000000000000000e+02 8.500000000000000000e+01
5.970000000000000000e+02 8.500000000000000000e+01
5.970000000000000000e+02 8.100000000000000000e+01
5.950000000000000000e+02 8.500000000000000000e+01
5.960000000000000000e+02 8.300000000000000000e+01
5.960000000000000000e+02 8.500000000000000000e+01
5.950000000000000000e+02 8.600000000000000000e+01
5.960000000000000000e+02 8.500000000000000000e+01
5.950000000000000000e+02 8.800000000000000000e+01
5.950000000000000000e+02 8.700000000000000000e+01
5.950000000000000000e+02 8.900000000000000000e+01
5.970000000000000000e+02 9.100000000000000000e+01
5.970000000000000000e+02 8.800000000000000000e+01
5.980000000000000000e+02 8.900000000000000000e+01
5.970000000000000000e+02 8.900000000000000000e+01
5.970000000000000000e+02 8.900000000000000000e+01
5.980000000000000000e+02 8.900000000000000000e+01
5.970000000000000000e+02 8.800000000000000000e+01
5.970000000000000000e+02 9.100000000000000000e+01
5.980000000000000000e+02 9.200000000000000000e+01
5.970000000000000000e+02 9.000000000000000000e+01
5.980000000000000000e+02 9.100000000000000000e+01
5.970000000000000000e+02 9.000000000000000000e+01
5.970000000000000000e+02 9.000000000000000000e+01
5.970000000000000000e+02 9.100000000000000000e+01
5.970000000000000000e+02 9.000000000000000000e+01
6.000000000000000000e+02 9.100000000000000000e+01
5.990000000000000000e+02 9.000000000000000000e+01
5.990000000000000000e+02 9.200000000000000000e+01
5.990000000000000000e+02 9.200000000000000000e+01
5.990000000000000000e+02 9.100000000000000000e+01
6.000000000000000000e+02 9.100000000000000000e+01
5.960000000000000000e+02 8.900000000000000000e+01
5.970000000000000000e+02 9.000000000000000000e+01
5.980000000000000000e+02 9.200000000000000000e+01
5.980000000000000000e+02 9.000000000000000000e+01
5.990000000000000000e+02 9.200000000000000000e+01
5.980000000000000000e+02 9.100000000000000000e+01
5.980000000000000000e+02 9.200000000000000000e+01
