# frames 101, center=[701, 556], duration=[400, 500], video=videos browniano 1/Browniano_0
7.010000000000000000e+02 5.560000000000000000e+02
7.010000000000000000e+02 5.560000000000000000e+02
7.010000000000000000e+02 5.560000000000000000e+02
7.020000000000000000e+02 5.580000000000000000e+02
7.030000000000000000e+02 5.580000000000000000e+02
7.030000000000000000e+02 5.580000000000000000e+02
7.030000000000000000e+02 5.590000000000000000e+02
7.030000000000000000e+02 5.580000000000000000e+02
7.020000000000000000e+02 5.580000000000000000e+02
7.010000000000000000e+02 5.580000000000000000e+02
7.010000000000000000e+02 5.570000000000000000e+02
7.020000000000000000e+02 5.580000000000000000e+02
7.010000000000000000e+02 5.570000000000000000e+02
7.010000000000000000e+02 5.570000000000000000e+02
7.000000000000000000e+02 5.570000000000000000e+02
7.000000000000000000e+02 5.560000000000000000e+02
7.020000000000000000e+02 5.590000000000000000e+02
7.010000000000000000e+02 5.570000000000000000e+02
7.010000000000000000e+02 5.580000000000000000e+02
7.010000000000000000e+02 5.580000000000000000e+02
7.010000000000000000e+02 5.570000000000000000e+02
7.010000000000000000e+02 5.580000000000000000e+02
6.980000000000000000e+02 5.570000000000000000e+02
7.000000000000000000e+02 5.570000000000000000e+02
7.010000000000000000e+02 5.600000000000000000e+02
7.010000000000000000e+02 5.560000000000000000e+02
7.000000000000000000e+02 5.580000000000000000e+02
7.010000000000000000e+02 5.570000000000000000e+02
7.000000000000000000e+02 5.580000000000000000e+02
7.000000000000000000e+02 5.580000000000000000e+02
7.000000000000000000e+02 5.560000000000000000e+02
7.000000000000000000e+02 5.580000000000000000e+02
7.020000000000000000e+02 5.570000000000000000e+02
7.010000000000000000e+02 5.570000000000000000e+02
7.010000000000000000e+02 5.580000000000000000e+02
7.010000000000000000e+02 5.560000000000000000e+02
7.000000000000000000e+02 5.580000000000000000e+02
7.010000000000000000e+02 5.560000000000000000e+02
7.010000000000000000e+02 5.560000000000000000e+02
7.010000000000000000e+02 5.560000000000000000e+02
7.030000000000000000e+02 5.550000000000000000e+02
7.010000000000000000e+02 5.580000000000000000e+02
7.020000000000000000e+02 5.560000000000000000e+02
7.010000000000000000e+02 5.560000000000000000e+02
7.010000000000000000e+02 5.590000000000000000e+02
7.020000000000000000e+02 5.570000000000000000e+02
7.000000000000000000e+02 5.600000000000000000e+02
7.010000000000000000e+02 5.590000000000000000e+02
6.990000000000000000e+02 5.590000000000000000e+02
7.010000000000000000e+02 5.600000000000000000e+02
7.010000000000000000e+02 5.580000000000000000e+02
7.000000000000000000e+02 5.590000000000000000e+02
7.020000000000000000e+02 5.590000000000000000e+02
7.000000000000000000e+02 5.580000000000000000e+02
7.010000000000000000e+02 5.590000000000000000e+02
7.010000000000000000e+02 5.570000000000000000e+02
7.000000000000000000e+02 5.590000000000000000e+02
7.030000000000000000e+02 5.580000000000000000e+02
7.000000000000000000e+02 5.580000000000000000e+02
7.000000000000000000e+02 5.590000000000000000e+02
7.020000000000000000e+02 5.570000000000000000e+02
7.000000000000000000e+02 5.590000000000000000e+02
7.010000000000000000e+02 5.580000000000000000e+02
6.980000000000000000e+02 5.570000000000000000e+02
6.980000000000000000e+02 5.580000000000000000e+02
7.000000000000000000e+02 5.560000000000000000e+02
6.980000000000000000e+02 5.570000000000000000e+02
7.010000000000000000e+02 5.560000000000000000e+02
7.000000000000000000e+02 5.540000000000000000e+02
7.020000000000000000e+02 5.560000000000000000e+02
7.030000000000000000e+02 5.540000000000000000e+02
7.010000000000000000e+02 5.550000000000000000e+02
7.030000000000000000e+02 5.540000000000000000e+02
7.000000000000000000e+02 5.530000000000000000e+02
7.010000000000000000e+02 5.550000000000000000e+02
7.010000000000000000e+02 5.560000000000000000e+02
7.020000000000000000e+02 5.540000000000000000e+02
7.030000000000000000e+02 5.540000000000000000e+02
7.010000000000000000e+02 5.550000000000000000e+02
7.010000000000000000e+02 5.550000000000000000e+02
7.030000000000000000e+02 5.540000000000000000e+02
7.020000000000000000e+02 5.530000000000000000e+02
7.030000000000000000e+02 5.550000000000000000e+02
7.020000000000000000e+02 5.540000000000000000e+02
7.040000000000000000e+02 5.540000000000000000e+02
7.040000000000000000e+02 5.550000000000000000e+02
7.030000000000000000e+02 5.540000000000000000e+02
7.030000000000000000e+02 5.540000000000000000e+02
7.010000000000000000e+02 5.550000000000000000e+02
7.030000000000000000e+02 5.540000000000000000e+02
7.030000000000000000e+02 5.540000000000000000e+02
7.010000000000000000e+02 5.550000000000000000e+02
7.020000000000000000e+02 5.550000000000000000e+02
7.020000000000000000e+02 5.550000000000000000e+02
7.020000000000000000e+02 5.540000000000000000e+02
7.040000000000000000e+02 5.540000000000000000e+02
7.020000000000000000e+02 5.520000000000000000e+02
7.020000000000000000e+02 5.530000000000000000e+02
7.030000000000000000e+02 5.530000000000000000e+02
7.020000000000000000e+02 5.520000000000000000e+02
7.040000000000000000e+02 5.540000000000000000e+02
