# frames 101, center=[698, 557], duration=[300, 400], video=videos browniano 1/Browniano_0
6.980000000000000000e+02 5.570000000000000000e+02
6.980000000000000000e+02 5.570000000000000000e+02
6.980000000000000000e+02 5.570000000000000000e+02
7.000000000000000000e+02 5.590000000000000000e+02
6.990000000000000000e+02 5.590000000000000000e+02
7.000000000000000000e+02 5.580000000000000000e+02
7.030000000000000000e+02 5.590000000000000000e+02
7.030000000000000000e+02 5.580000000000000000e+02
7.030000000000000000e+02 5.590000000000000000e+02
7.020000000000000000e+02 5.590000000000000000e+02
7.020000000000000000e+02 5.580000000000000000e+02
7.020000000000000000e+02 5.590000000000000000e+02
7.020000000000000000e+02 5.570000000000000000e+02
7.030000000000000000e+02 5.590000000000000000e+02
7.020000000000000000e+02 5.570000000000000000e+02
7.030000000000000000e+02 5.580000000000000000e+02
7.010000000000000000e+02 5.560000000000000000e+02
7.020000000000000000e+02 5.570000000000000000e+02
7.030000000000000000e+02 5.570000000000000000e+02
7.010000000000000000e+02 5.550000000000000000e+02
7.030000000000000000e+02 5.570000000000000000e+02
7.020000000000000000e+02 5.550000000000000000e+02
7.020000000000000000e+02 5.550000000000000000e+02
7.020000000000000000e+02 5.560000000000000000e+02
7.010000000000000000e+02 5.550000000000000000e+02
7.020000000000000000e+02 5.560000000000000000e+02
7.000000000000000000e+02 5.570000000000000000e+02
7.010000000000000000e+02 5.570000000000000000e+02
7.020000000000000000e+02 5.580000000000000000e+02
7.010000000000000000e+02 5.560000000000000000e+02
7.010000000000000000e+02 5.580000000000000000e+02
7.000000000000000000e+02 5.590000000000000000e+02
7.000000000000000000e+02 5.580000000000000000e+02
7.010000000000000000e+02 5.590000000000000000e+02
6.990000000000000000e+02 5.580000000000000000e+02
7.010000000000000000e+02 5.590000000000000000e+02
7.000000000000000000e+02 5.590000000000000000e+02
7.000000000000000000e+02 5.580000000000000000e+02
7.010000000000000000e+02 5.590000000000000000e+02
7.010000000000000000e+02 5.580000000000000000e+02
7.030000000000000000e+02 5.590000000000000000e+02
7.020000000000000000e+02 5.610000000000000000e+02
7.010000000000000000e+02 5.580000000000000000e+02
7.030000000000000000e+02 5.600000000000000000e+02
7.000000000000000000e+02 5.580000000000000000e+02
7.010000000000000000e+02 5.570000000000000000e+02
7.010000000000000000e+02 5.590000000000000000e+02
7.000000000000000000e+02 5.580000000000000000e+02
7.010000000000000000e+02 5.590000000000000000e+02
7.020000000000000000e+02 5.580000000000000000e+02
7.020000000000000000e+02 5.570000000000000000e+02
7.030000000000000000e+02 5.580000000000000000e+02
7.020000000000000000e+02 5.580000000000000000e+02
7.040000000000000000e+02 5.590000000000000000e+02
7.030000000000000000e+02 5.590000000000000000e+02
7.030000000000000000e+02 5.580000000000000000e+02
7.040000000000000000e+02 5.590000000000000000e+02
7.020000000000000000e+02 5.580000000000000000e+02
7.040000000000000000e+02 5.590000000000000000e+02
7.040000000000000000e+02 5.590000000000000000e+02
7.040000000000000000e+02 5.580000000000000000e+02
7.030000000000000000e+02 5.570000000000000000e+02
7.020000000000000000e+02 5.570000000000000000e+02
7.020000000000000000e+02 5.580000000000000000e+02
7.020000000000000000e+02 5.560000000000000000e+02
7.020000000000000000e+02 5.580000000000000000e+02
7.010000000000000000e+02 5.570000000000000000e+02
7.010000000000000000e+02 5.570000000000000000e+02
7.020000000000000000e+02 5.580000000000000000e+02
7.010000000000000000e+02 5.570000000000000000e+02
7.020000000000000000e+02 5.580000000000000000e+02
7.020000000000000000e+02 5.580000000000000000e+02
7.010000000000000000e+02 5.580000000000000000e+02
7.010000000000000000e+02 5.590000000000000000e+02
7.000000000000000000e+02 5.570000000000000000e+02
7.010000000000000000e+02 5.580000000000000000e+02
7.010000000000000000e+02 5.580000000000000000e+02
7.000000000000000000e+02 5.560000000000000000e+02
7.010000000000000000e+02 5.570000000000000000e+02
7.000000000000000000e+02 5.540000000000000000e+02
7.010000000000000000e+02 5.560000000000000000e+02
7.000000000000000000e+02 5.560000000000000000e+02
7.010000000000000000e+02 5.550000000000000000e+02
7.020000000000000000e+02 5.570000000000000000e+02
7.010000000000000000e+02 5.560000000000000000e+02
7.020000000000000000e+02 5.560000000000000000e+02
7.020000000000000000e+02 5.570000000000000000e+02
7.010000000000000000e+02 5.560000000000000000e+02
7.010000000000000000e+02 5.570000000000000000e+02
7.000000000000000000e+02 5.550000000000000000e+02
7.010000000000000000e+02 5.560000000000000000e+02
7.010000000000000000e+02 5.570000000000000000e+02
7.000000000000000000e+02 5.570000000000000000e+02
7.010000000000000000e+02 5.570000000000000000e+02
7.000000000000000000e+02 5.560000000000000000e+02
7.000000000000000000e+02 5.550000000000000000e+02
7.010000000000000000e+02 5.570000000000000000e+02
6.990000000000000000e+02 5.550000000000000000e+02
7.000000000000000000e+02 5.560000000000000000e+02
7.000000000000000000e+02 5.550000000000000000e+02
7.010000000000000000e+02 5.560000000000000000e+02
