# frames 101, center=[126, 230], duration=[400, 500], video=videos browniano 1/Browniano_0
1.260000000000000000e+02 2.300000000000000000e+02
1.140000000000000000e+02 2.200000000000000000e+02
1.220000000000000000e+02 2.310000000000000000e+02
1.210000000000000000e+02 2.320000000000000000e+02
1.200000000000000000e+02 2.300000000000000000e+02
1.200000000000000000e+02 2.330000000000000000e+02
1.210000000000000000e+02 2.300000000000000000e+02
1.210000000000000000e+02 2.300000000000000000e+02
1.210000000000000000e+02 2.300000000000000000e+02
1.220000000000000000e+02 2.280000000000000000e+02
1.220000000000000000e+02 2.300000000000000000e+02
1.240000000000000000e+02 2.280000000000000000e+02
1.210000000000000000e+02 2.290000000000000000e+02
1.210000000000000000e+02 2.290000000000000000e+02
1.240000000000000000e+02 2.280000000000000000e+02
1.210000000000000000e+02 2.310000000000000000e+02
1.230000000000000000e+02 2.310000000000000000e+02
1.230000000000000000e+02 2.280000000000000000e+02
1.220000000000000000e+02 2.320000000000000000e+02
1.240000000000000000e+02 2.310000000000000000e+02
1.200000000000000000e+02 2.280000000000000000e+02
1.210000000000000000e+02 2.290000000000000000e+02
1.210000000000000000e+02 2.270000000000000000e+02
1.210000000000000000e+02 2.300000000000000000e+02
1.180000000000000000e+02 2.290000000000000000e+02
1.180000000000000000e+02 2.290000000000000000e+02
1.180000000000000000e+02 2.300000000000000000e+02
1.170000000000000000e+02 2.270000000000000000e+02
1.200000000000000000e+02 2.280000000000000000e+02
1.190000000000000000e+02 2.270000000000000000e+02
1.210000000000000000e+02 2.270000000000000000e+02
1.170000000000000000e+02 2.290000000000000000e+02
1.190000000000000000e+02 2.260000000000000000e+02
1.190000000000000000e+02 2.290000000000000000e+02
1.170000000000000000e+02 2.270000000000000000e+02
1.210000000000000000e+02 2.300000000000000000e+02
1.180000000000000000e+02 2.290000000000000000e+02
1.180000000000000000e+02 2.280000000000000000e+02
1.200000000000000000e+02 2.320000000000000000e+02
1.200000000000000000e+02 2.280000000000000000e+02
1.200000000000000000e+02 2.300000000000000000e+02
1.190000000000000000e+02 2.300000000000000000e+02
1.200000000000000000e+02 2.290000000000000000e+02
1.220000000000000000e+02 2.320000000000000000e+02
1.210000000000000000e+02 2.280000000000000000e+02
1.230000000000000000e+02 2.300000000000000000e+02
1.210000000000000000e+02 2.290000000000000000e+02
1.250000000000000000e+02 2.310000000000000000e+02
1.240000000000000000e+02 2.290000000000000000e+02
1.200000000000000000e+02 2.290000000000000000e+02
1.240000000000000000e+02 2.300000000000000000e+02
1.220000000000000000e+02 2.320000000000000000e+02
1.210000000000000000e+02 2.330000000000000000e+02
1.230000000000000000e+02 2.330000000000000000e+02
1.210000000000000000e+02 2.330000000000000000e+02
1.160000000000000000e+02 2.350000000000000000e+02
1.190000000000000000e+02 2.340000000000000000e+02
1.220000000000000000e+02 2.330000000000000000e+02
1.240000000000000000e+02 2.340000000000000000e+02
1.230000000000000000e+02 2.340000000000000000e+02
1.250000000000000000e+02 2.350000000000000000e+02
1.210000000000000000e+02 2.330000000000000000e+02
1.210000000000000000e+02 2.330000000000000000e+02
1.240000000000000000e+02 2.350000000000000000e+02
1.220000000000000000e+02 2.340000000000000000e+02
1.230000000000000000e+02 2.360000000000000000e+02
1.220000000000000000e+02 2.350000000000000000e+02
1.200000000000000000e+02 2.360000000000000000e+02
1.230000000000000000e+02 2.350000000000000000e+02
1.200000000000000000e+02 2.370000000000000000e+02
1.220000000000000000e+02 2.360000000000000000e+02
1.200000000000000000e+02 2.360000000000000000e+02
1.200000000000000000e+02 2.360000000000000000e+02
1.220000000000000000e+02 2.370000000000000000e+02
1.190000000000000000e+02 2.390000000000000000e+02
1.220000000000000000e+02 2.360000000000000000e+02
1.220000000000000000e+02 2.370000000000000000e+02
1.210000000000000000e+02 2.380000000000000000e+02
1.240000000000000000e+02 2.390000000000000000e+02
1.220000000000000000e+02 2.360000000000000000e+02
1.230000000000000000e+02 2.360000000000000000e+02
1.230000000000000000e+02 2.360000000000000000e+02
1.220000000000000000e+02 2.390000000000000000e+02
1.230000000000000000e+02 2.360000000000000000e+02
1.220000000000000000e+02 2.360000000000000000e+02
1.220000000000000000e+02 2.340000000000000000e+02
1.230000000000000000e+02 2.340000000000000000e+02
1.220000000000000000e+02 2.350000000000000000e+02
1.240000000000000000e+02 2.330000000000000000e+02
1.220000000000000000e+02 2.310000000000000000e+02
1.240000000000000000e+02 2.340000000000000000e+02
1.230000000000000000e+02 2.330000000000000000e+02
1.220000000000000000e+02 2.350000000000000000e+02
1.210000000000000000e+02 2.320000000000000000e+02
1.200000000000000000e+02 2.330000000000000000e+02
1.230000000000000000e+02 2.330000000000000000e+02
1.230000000000000000e+02 2.330000000000000000e+02
1.210000000000000000e+02 2.320000000000000000e+02
1.220000000000000000e+02 2.330000000000000000e+02
1.210000000000000000e+02 2.320000000000000000e+02
1.220000000000000000e+02 2.320000000000000000e+02
