# frames 101, center=[69, 255], duration=[0, 100], video=videos browniano 1/Browniano_0
6.900000000000000000e+01 2.550000000000000000e+02
6.900000000000000000e+01 2.550000000000000000e+02
7.100000000000000000e+01 2.510000000000000000e+02
7.400000000000000000e+01 2.530000000000000000e+02
7.100000000000000000e+01 2.490000000000000000e+02
6.800000000000000000e+01 2.510000000000000000e+02
7.100000000000000000e+01 2.490000000000000000e+02
7.200000000000000000e+01 2.460000000000000000e+02
7.100000000000000000e+01 2.510000000000000000e+02
7.500000000000000000e+01 2.510000000000000000e+02
7.400000000000000000e+01 2.500000000000000000e+02
7.200000000000000000e+01 2.490000000000000000e+02
7.300000000000000000e+01 2.470000000000000000e+02
7.200000000000000000e+01 2.500000000000000000e+02
7.500000000000000000e+01 2.510000000000000000e+02
7.500000000000000000e+01 2.470000000000000000e+02
7.500000000000000000e+01 2.510000000000000000e+02
7.500000000000000000e+01 2.470000000000000000e+02
7.500000000000000000e+01 2.530000000000000000e+02
7.500000000000000000e+01 2.480000000000000000e+02
7.500000000000000000e+01 2.470000000000000000e+02
7.600000000000000000e+01 2.500000000000000000e+02
7.700000000000000000e+01 2.480000000000000000e+02
7.700000000000000000e+01 2.480000000000000000e+02
7.700000000000000000e+01 2.470000000000000000e+02
7.800000000000000000e+01 2.460000000000000000e+02
7.800000000000000000e+01 2.470000000000000000e+02
8.100000000000000000e+01 2.480000000000000000e+02
8.000000000000000000e+01 2.490000000000000000e+02
8.000000000000000000e+01 2.480000000000000000e+02
8.400000000000000000e+01 2.500000000000000000e+02
8.200000000000000000e+01 2.480000000000000000e+02
8.100000000000000000e+01 2.460000000000000000e+02
8.300000000000000000e+01 2.480000000000000000e+02
8.200000000000000000e+01 2.490000000000000000e+02
8.400000000000000000e+01 2.540000000000000000e+02
8.100000000000000000e+01 2.490000000000000000e+02
8.100000000000000000e+01 2.450000000000000000e+02
8.400000000000000000e+01 2.500000000000000000e+02
8.400000000000000000e+01 2.500000000000000000e+02
8.300000000000000000e+01 2.480000000000000000e+02
8.100000000000000000e+01 2.470000000000000000e+02
8.300000000000000000e+01 2.490000000000000000e+02
8.500000000000000000e+01 2.510000000000000000e+02
8.400000000000000000e+01 2.510000000000000000e+02
8.700000000000000000e+01 2.520000000000000000e+02
8.400000000000000000e+01 2.500000000000000000e+02
8.700000000000000000e+01 2.490000000000000000e+02
8.700000000000000000e+01 2.500000000000000000e+02
8.900000000000000000e+01 2.550000000000000000e+02
8.700000000000000000e+01 2.500000000000000000e+02
8.400000000000000000e+01 2.530000000000000000e+02
8.500000000000000000e+01 2.500000000000000000e+02
8.700000000000000000e+01 2.500000000000000000e+02
8.500000000000000000e+01 2.510000000000000000e+02
8.500000000000000000e+01 2.470000000000000000e+02
8.400000000000000000e+01 2.500000000000000000e+02
8.300000000000000000e+01 2.470000000000000000e+02
8.400000000000000000e+01 2.440000000000000000e+02
8.300000000000000000e+01 2.470000000000000000e+02
8.600000000000000000e+01 2.460000000000000000e+02
8.300000000000000000e+01 2.450000000000000000e+02
8.300000000000000000e+01 2.470000000000000000e+02
8.500000000000000000e+01 2.460000000000000000e+02
8.400000000000000000e+01 2.470000000000000000e+02
8.500000000000000000e+01 2.460000000000000000e+02
8.500000000000000000e+01 2.460000000000000000e+02
8.300000000000000000e+01 2.470000000000000000e+02
8.500000000000000000e+01 2.450000000000000000e+02
8.600000000000000000e+01 2.450000000000000000e+02
8.600000000000000000e+01 2.440000000000000000e+02
8.700000000000000000e+01 2.440000000000000000e+02
8.500000000000000000e+01 2.450000000000000000e+02
8.800000000000000000e+01 2.440000000000000000e+02
8.400000000000000000e+01 2.420000000000000000e+02
8.700000000000000000e+01 2.440000000000000000e+02
8.900000000000000000e+01 2.390000000000000000e+02
8.700000000000000000e+01 2.430000000000000000e+02
9.000000000000000000e+01 2.440000000000000000e+02
9.000000000000000000e+01 2.430000000000000000e+02
9.200000000000000000e+01 2.410000000000000000e+02
9.200000000000000000e+01 2.390000000000000000e+02
9.400000000000000000e+01 2.440000000000000000e+02
9.500000000000000000e+01 2.430000000000000000e+02
9.300000000000000000e+01 2.410000000000000000e+02
9.300000000000000000e+01 2.420000000000000000e+02
9.300000000000000000e+01 2.390000000000000000e+02
9.200000000000000000e+01 2.420000000000000000e+02
9.200000000000000000e+01 2.420000000000000000e+02
9.300000000000000000e+01 2.450000000000000000e+02
9.100000000000000000e+01 2.430000000000000000e+02
9.200000000000000000e+01 2.400000000000000000e+02
9.300000000000000000e+01 2.450000000000000000e+02
9.500000000000000000e+01 2.460000000000000000e+02
9.200000000000000000e+01 2.420000000000000000e+02
9.400000000000000000e+01 2.430000000000000000e+02
9.500000000000000000e+01 2.410000000000000000e+02
9.500000000000000000e+01 2.460000000000000000e+02
9.300000000000000000e+01 2.450000000000000000e+02
9.200000000000000000e+01 2.440000000000000000e+02
9.300000000000000000e+01 2.450000000000000000e+02
