# frames 101, center=[470, 25], duration=[400, 500], video=videos browniano 1/Browniano_0
4.700000000000000000e+02 2.500000000000000000e+01
4.700000000000000000e+02 2.500000000000000000e+01
4.670000000000000000e+02 2.500000000000000000e+01
4.670000000000000000e+02 2.500000000000000000e+01
4.640000000000000000e+02 2.600000000000000000e+01
4.660000000000000000e+02 2.400000000000000000e+01
4.650000000000000000e+02 2.800000000000000000e+01
4.670000000000000000e+02 2.400000000000000000e+01
4.640000000000000000e+02 2.600000000000000000e+01
4.670000000000000000e+02 2.700000000000000000e+01
4.650000000000000000e+02 2.600000000000000000e+01
4.640000000000000000e+02 2.700000000000000000e+01
4.650000000000000000e+02 2.800000000000000000e+01
4.640000000000000000e+02 2.800000000000000000e+01
4.670000000000000000e+02 2.900000000000000000e+01
4.670000000000000000e+02 2.800000000000000000e+01
4.650000000000000000e+02 2.800000000000000000e+01
4.670000000000000000e+02 2.700000000000000000e+01
4.690000000000000000e+02 2.700000000000000000e+01
4.650000000000000000e+02 2.600000000000000000e+01
4.670000000000000000e+02 2.600000000000000000e+01
4.660000000000000000e+02 2.600000000000000000e+01
4.670000000000000000e+02 2.600000000000000000e+01
4.670000000000000000e+02 2.500000000000000000e+01
4.650000000000000000e+02 2.800000000000000000e+01
4.660000000000000000e+02 2.600000000000000000e+01
4.670000000000000000e+02 2.500000000000000000e+01
4.670000000000000000e+02 2.300000000000000000e+01
4.660000000000000000e+02 2.600000000000000000e+01
4.640000000000000000e+02 2.500000000000000000e+01
4.650000000000000000e+02 2.700000000000000000e+01
4.640000000000000000e+02 2.700000000000000000e+01
4.640000000000000000e+02 2.300000000000000000e+01
4.670000000000000000e+02 2.400000000000000000e+01
4.640000000000000000e+02 2.500000000000000000e+01
4.660000000000000000e+02 2.200000000000000000e+01
4.660000000000000000e+02 2.300000000000000000e+01
4.630000000000000000e+02 2.400000000000000000e+01
4.670000000000000000e+02 2.300000000000000000e+01
4.670000000000000000e+02 2.400000000000000000e+01
4.680000000000000000e+02 2.200000000000000000e+01
4.660000000000000000e+02 2.300000000000000000e+01
4.670000000000000000e+02 2.300000000000000000e+01
4.690000000000000000e+02 2.600000000000000000e+01
4.660000000000000000e+02 2.500000000000000000e+01
4.640000000000000000e+02 2.300000000000000000e+01
4.670000000000000000e+02 2.500000000000000000e+01
4.640000000000000000e+02 2.500000000000000000e+01
4.660000000000000000e+02 2.600000000000000000e+01
4.640000000000000000e+02 2.500000000000000000e+01
4.670000000000000000e+02 2.500000000000000000e+01
4.680000000000000000e+02 2.500000000000000000e+01
4.670000000000000000e+02 2.600000000000000000e+01
4.670000000000000000e+02 2.600000000000000000e+01
4.660000000000000000e+02 2.500000000000000000e+01
4.660000000000000000e+02 2.700000000000000000e+01
4.670000000000000000e+02 2.600000000000000000e+01
4.650000000000000000e+02 2.600000000000000000e+01
4.660000000000000000e+02 2.700000000000000000e+01
4.660000000000000000e+02 2.500000000000000000e+01
4.670000000000000000e+02 2.600000000000000000e+01
4.670000000000000000e+02 2.500000000000000000e+01
4.640000000000000000e+02 2.600000000000000000e+01
4.670000000000000000e+02 2.600000000000000000e+01
4.670000000000000000e+02 2.600000000000000000e+01
4.640000000000000000e+02 2.700000000000000000e+01
4.650000000000000000e+02 2.700000000000000000e+01
4.630000000000000000e+02 2.500000000000000000e+01
4.650000000000000000e+02 2.700000000000000000e+01
4.630000000000000000e+02 2.600000000000000000e+01
4.640000000000000000e+02 2.700000000000000000e+01
4.640000000000000000e+02 2.700000000000000000e+01
4.630000000000000000e+02 2.700000000000000000e+01
4.620000000000000000e+02 2.800000000000000000e+01
4.640000000000000000e+02 2.600000000000000000e+01
4.640000000000000000e+02 2.700000000000000000e+01
4.620000000000000000e+02 2.700000000000000000e+01
4.640000000000000000e+02 2.700000000000000000e+01
4.640000000000000000e+02 2.800000000000000000e+01
4.660000000000000000e+02 2.800000000000000000e+01
4.620000000000000000e+02 2.700000000000000000e+01
4.660000000000000000e+02 2.300000000000000000e+01
4.650000000000000000e+02 2.500000000000000000e+01
4.650000000000000000e+02 2.600000000000000000e+01
4.670000000000000000e+02 2.400000000000000000e+01
4.640000000000000000e+02 2.600000000000000000e+01
4.650000000000000000e+02 2.600000000000000000e+01
4.670000000000000000e+02 2.400000000000000000e+01
4.640000000000000000e+02 2.700000000000000000e+01
4.650000000000000000e+02 2.700000000000000000e+01
4.630000000000000000e+02 2.700000000000000000e+01
4.640000000000000000e+02 2.600000000000000000e+01
4.640000000000000000e+02 2.700000000000000000e+01
4.640000000000000000e+02 2.800000000000000000e+01
4.660000000000000000e+02 2.900000000000000000e+01
4.620000000000000000e+02 3.100000000000000000e+01
4.640000000000000000e+02 3.100000000000000000e+01
4.650000000000000000e+02 3.000000000000000000e+01
4.640000000000000000e+02 3.000000000000000000e+01
4.660000000000000000e+02 2.800000000000000000e+01
4.640000000000000000e+02 3.100000000000000000e+01
