# frames 101, center=[471, 29], duration=[300, 400], video=videos browniano 1/Browniano_0
4.710000000000000000e+02 2.900000000000000000e+01
4.710000000000000000e+02 2.900000000000000000e+01
4.650000000000000000e+02 2.700000000000000000e+01
4.630000000000000000e+02 2.700000000000000000e+01
4.630000000000000000e+02 2.900000000000000000e+01
4.680000000000000000e+02 3.600000000000000000e+01
4.660000000000000000e+02 3.600000000000000000e+01
4.710000000000000000e+02 3.500000000000000000e+01
4.670000000000000000e+02 3.500000000000000000e+01
4.660000000000000000e+02 3.600000000000000000e+01
4.700000000000000000e+02 3.400000000000000000e+01
4.680000000000000000e+02 3.600000000000000000e+01
4.710000000000000000e+02 3.400000000000000000e+01
4.680000000000000000e+02 3.500000000000000000e+01
4.720000000000000000e+02 3.600000000000000000e+01
4.700000000000000000e+02 3.600000000000000000e+01
4.680000000000000000e+02 3.600000000000000000e+01
4.700000000000000000e+02 3.400000000000000000e+01
4.680000000000000000e+02 3.500000000000000000e+01
4.720000000000000000e+02 3.600000000000000000e+01
4.670000000000000000e+02 3.500000000000000000e+01
4.630000000000000000e+02 2.900000000000000000e+01
4.700000000000000000e+02 3.500000000000000000e+01
4.680000000000000000e+02 3.700000000000000000e+01
4.690000000000000000e+02 3.500000000000000000e+01
4.670000000000000000e+02 3.400000000000000000e+01
4.660000000000000000e+02 2.800000000000000000e+01
4.650000000000000000e+02 2.800000000000000000e+01
4.690000000000000000e+02 3.500000000000000000e+01
4.720000000000000000e+02 3.400000000000000000e+01
4.680000000000000000e+02 3.400000000000000000e+01
4.690000000000000000e+02 3.500000000000000000e+01
4.700000000000000000e+02 3.400000000000000000e+01
4.650000000000000000e+02 3.500000000000000000e+01
4.690000000000000000e+02 3.500000000000000000e+01
4.690000000000000000e+02 3.400000000000000000e+01
4.670000000000000000e+02 3.600000000000000000e+01
4.690000000000000000e+02 3.500000000000000000e+01
4.700000000000000000e+02 3.500000000000000000e+01
4.700000000000000000e+02 3.500000000000000000e+01
4.700000000000000000e+02 3.400000000000000000e+01
4.710000000000000000e+02 3.700000000000000000e+01
4.680000000000000000e+02 3.500000000000000000e+01
4.690000000000000000e+02 3.500000000000000000e+01
4.700000000000000000e+02 3.700000000000000000e+01
4.690000000000000000e+02 3.500000000000000000e+01
4.660000000000000000e+02 3.600000000000000000e+01
4.700000000000000000e+02 3.500000000000000000e+01
4.670000000000000000e+02 3.400000000000000000e+01
4.630000000000000000e+02 2.900000000000000000e+01
4.670000000000000000e+02 3.300000000000000000e+01
4.690000000000000000e+02 3.500000000000000000e+01
4.690000000000000000e+02 3.400000000000000000e+01
4.700000000000000000e+02 3.200000000000000000e+01
4.660000000000000000e+02 2.700000000000000000e+01
4.660000000000000000e+02 2.600000000000000000e+01
4.640000000000000000e+02 2.600000000000000000e+01
4.680000000000000000e+02 3.200000000000000000e+01
4.700000000000000000e+02 3.200000000000000000e+01
4.710000000000000000e+02 3.300000000000000000e+01
4.680000000000000000e+02 3.200000000000000000e+01
4.710000000000000000e+02 3.300000000000000000e+01
4.700000000000000000e+02 3.400000000000000000e+01
4.680000000000000000e+02 3.200000000000000000e+01
4.700000000000000000e+02 2.900000000000000000e+01
4.730000000000000000e+02 3.200000000000000000e+01
4.700000000000000000e+02 3.400000000000000000e+01
4.710000000000000000e+02 3.100000000000000000e+01
4.710000000000000000e+02 3.300000000000000000e+01
4.710000000000000000e+02 3.400000000000000000e+01
4.710000000000000000e+02 3.300000000000000000e+01
4.710000000000000000e+02 3.400000000000000000e+01
4.700000000000000000e+02 3.000000000000000000e+01
4.710000000000000000e+02 3.400000000000000000e+01
4.720000000000000000e+02 3.200000000000000000e+01
4.760000000000000000e+02 3.100000000000000000e+01
4.700000000000000000e+02 3.400000000000000000e+01
4.710000000000000000e+02 3.200000000000000000e+01
4.690000000000000000e+02 3.300000000000000000e+01
4.710000000000000000e+02 3.100000000000000000e+01
4.700000000000000000e+02 3.400000000000000000e+01
4.680000000000000000e+02 3.600000000000000000e+01
4.700000000000000000e+02 3.500000000000000000e+01
4.700000000000000000e+02 3.400000000000000000e+01
4.720000000000000000e+02 3.300000000000000000e+01
4.670000000000000000e+02 3.100000000000000000e+01
4.700000000000000000e+02 3.400000000000000000e+01
4.710000000000000000e+02 3.300000000000000000e+01
4.710000000000000000e+02 3.400000000000000000e+01
4.730000000000000000e+02 3.400000000000000000e+01
4.680000000000000000e+02 3.100000000000000000e+01
4.660000000000000000e+02 3.400000000000000000e+01
4.720000000000000000e+02 3.400000000000000000e+01
4.690000000000000000e+02 3.300000000000000000e+01
4.700000000000000000e+02 3.400000000000000000e+01
4.710000000000000000e+02 3.300000000000000000e+01
4.710000000000000000e+02 3.300000000000000000e+01
4.680000000000000000e+02 3.200000000000000000e+01
4.660000000000000000e+02 2.800000000000000000e+01
4.710000000000000000e+02 3.300000000000000000e+01
4.720000000000000000e+02 3.400000000000000000e+01
