# frames 101, center=[473, 26], duration=[0, 100], video=videos browniano 1/Browniano_0
4.730000000000000000e+02 2.600000000000000000e+01
4.730000000000000000e+02 2.600000000000000000e+01
4.740000000000000000e+02 2.900000000000000000e+01
4.760000000000000000e+02 3.100000000000000000e+01
4.740000000000000000e+02 3.000000000000000000e+01
4.760000000000000000e+02 2.700000000000000000e+01
4.710000000000000000e+02 2.800000000000000000e+01
4.760000000000000000e+02 3.000000000000000000e+01
4.760000000000000000e+02 2.700000000000000000e+01
4.760000000000000000e+02 3.000000000000000000e+01
4.760000000000000000e+02 2.800000000000000000e+01
4.760000000000000000e+02 2.900000000000000000e+01
4.760000000000000000e+02 2.900000000000000000e+01
4.770000000000000000e+02 3.000000000000000000e+01
4.710000000000000000e+02 2.800000000000000000e+01
4.770000000000000000e+02 2.800000000000000000e+01
4.780000000000000000e+02 3.000000000000000000e+01
4.760000000000000000e+02 3.000000000000000000e+01
4.760000000000000000e+02 2.900000000000000000e+01
4.770000000000000000e+02 3.000000000000000000e+01
4.760000000000000000e+02 2.700000000000000000e+01
4.770000000000000000e+02 3.000000000000000000e+01
4.750000000000000000e+02 2.800000000000000000e+01
4.780000000000000000e+02 3.000000000000000000e+01
4.760000000000000000e+02 3.100000000000000000e+01
4.760000000000000000e+02 3.000000000000000000e+01
4.740000000000000000e+02 2.600000000000000000e+01
4.680000000000000000e+02 2.700000000000000000e+01
4.800000000000000000e+02 3.100000000000000000e+01
4.750000000000000000e+02 2.900000000000000000e+01
4.760000000000000000e+02 2.700000000000000000e+01
4.760000000000000000e+02 2.700000000000000000e+01
4.730000000000000000e+02 2.700000000000000000e+01
4.760000000000000000e+02 2.400000000000000000e+01
4.780000000000000000e+02 2.900000000000000000e+01
4.800000000000000000e+02 3.200000000000000000e+01
4.800000000000000000e+02 3.000000000000000000e+01
4.770000000000000000e+02 3.000000000000000000e+01
4.760000000000000000e+02 2.900000000000000000e+01
4.780000000000000000e+02 3.000000000000000000e+01
4.790000000000000000e+02 3.000000000000000000e+01
4.760000000000000000e+02 2.700000000000000000e+01
4.770000000000000000e+02 2.900000000000000000e+01
4.780000000000000000e+02 2.700000000000000000e+01
4.760000000000000000e+02 2.700000000000000000e+01
4.760000000000000000e+02 2.800000000000000000e+01
4.800000000000000000e+02 2.700000000000000000e+01
4.770000000000000000e+02 2.700000000000000000e+01
4.760000000000000000e+02 2.700000000000000000e+01
4.750000000000000000e+02 2.600000000000000000e+01
4.740000000000000000e+02 2.800000000000000000e+01
4.760000000000000000e+02 2.700000000000000000e+01
4.750000000000000000e+02 3.000000000000000000e+01
4.710000000000000000e+02 2.500000000000000000e+01
4.690000000000000000e+02 2.200000000000000000e+01
4.740000000000000000e+02 2.600000000000000000e+01
4.750000000000000000e+02 2.500000000000000000e+01
4.740000000000000000e+02 2.600000000000000000e+01
4.750000000000000000e+02 2.600000000000000000e+01
4.760000000000000000e+02 2.700000000000000000e+01
4.730000000000000000e+02 2.600000000000000000e+01
4.740000000000000000e+02 2.600000000000000000e+01
4.740000000000000000e+02 2.700000000000000000e+01
4.750000000000000000e+02 2.700000000000000000e+01
4.760000000000000000e+02 2.600000000000000000e+01
4.690000000000000000e+02 2.500000000000000000e+01
4.700000000000000000e+02 2.500000000000000000e+01
4.740000000000000000e+02 2.700000000000000000e+01
4.740000000000000000e+02 2.700000000000000000e+01
4.730000000000000000e+02 2.600000000000000000e+01
4.730000000000000000e+02 2.700000000000000000e+01
4.760000000000000000e+02 2.700000000000000000e+01
4.720000000000000000e+02 2.400000000000000000e+01
4.740000000000000000e+02 2.700000000000000000e+01
4.730000000000000000e+02 2.600000000000000000e+01
4.740000000000000000e+02 2.600000000000000000e+01
4.720000000000000000e+02 2.500000000000000000e+01
4.720000000000000000e+02 2.500000000000000000e+01
4.750000000000000000e+02 2.600000000000000000e+01
4.730000000000000000e+02 2.400000000000000000e+01
4.690000000000000000e+02 2.200000000000000000e+01
4.750000000000000000e+02 2.700000000000000000e+01
4.720000000000000000e+02 2.300000000000000000e+01
4.740000000000000000e+02 3.000000000000000000e+01
4.760000000000000000e+02 2.700000000000000000e+01
4.750000000000000000e+02 2.800000000000000000e+01
4.750000000000000000e+02 2.800000000000000000e+01
4.730000000000000000e+02 2.600000000000000000e+01
4.730000000000000000e+02 2.800000000000000000e+01
4.740000000000000000e+02 2.700000000000000000e+01
4.700000000000000000e+02 2.500000000000000000e+01
4.700000000000000000e+02 2.600000000000000000e+01
4.750000000000000000e+02 2.600000000000000000e+01
4.730000000000000000e+02 3.000000000000000000e+01
4.720000000000000000e+02 2.800000000000000000e+01
4.740000000000000000e+02 2.900000000000000000e+01
4.680000000000000000e+02 2.700000000000000000e+01
4.760000000000000000e+02 2.900000000000000000e+01
4.720000000000000000e+02 2.800000000000000000e+01
4.730000000000000000e+02 3.000000000000000000e+01
4.760000000000000000e+02 2.700000000000000000e+01
