# frames 101, center=[833, 111], duration=[400, 500], video=videos browniano 1/Browniano_0
8.330000000000000000e+02 1.110000000000000000e+02
8.330000000000000000e+02 1.110000000000000000e+02
8.370000000000000000e+02 1.140000000000000000e+02
8.370000000000000000e+02 1.160000000000000000e+02
8.360000000000000000e+02 1.170000000000000000e+02
8.360000000000000000e+02 1.150000000000000000e+02
8.340000000000000000e+02 1.180000000000000000e+02
8.370000000000000000e+02 1.150000000000000000e+02
8.380000000000000000e+02 1.080000000000000000e+02
8.360000000000000000e+02 1.160000000000000000e+02
8.360000000000000000e+02 1.160000000000000000e+02
8.320000000000000000e+02 1.160000000000000000e+02
8.360000000000000000e+02 1.150000000000000000e+02
8.320000000000000000e+02 1.170000000000000000e+02
8.370000000000000000e+02 1.140000000000000000e+02
8.380000000000000000e+02 1.140000000000000000e+02
8.360000000000000000e+02 1.160000000000000000e+02
8.330000000000000000e+02 1.160000000000000000e+02
8.350000000000000000e+02 1.150000000000000000e+02
8.340000000000000000e+02 1.160000000000000000e+02
8.350000000000000000e+02 1.150000000000000000e+02
8.340000000000000000e+02 1.180000000000000000e+02
8.370000000000000000e+02 1.160000000000000000e+02
8.440000000000000000e+02 1.140000000000000000e+02
8.300000000000000000e+02 1.180000000000000000e+02
8.330000000000000000e+02 1.170000000000000000e+02
8.350000000000000000e+02 1.200000000000000000e+02
8.330000000000000000e+02 1.170000000000000000e+02
8.380000000000000000e+02 1.100000000000000000e+02
8.340000000000000000e+02 1.090000000000000000e+02
8.380000000000000000e+02 1.080000000000000000e+02
8.380000000000000000e+02 1.080000000000000000e+02
8.350000000000000000e+02 1.150000000000000000e+02
8.330000000000000000e+02 1.180000000000000000e+02
8.330000000000000000e+02 1.170000000000000000e+02
8.330000000000000000e+02 1.180000000000000000e+02
8.340000000000000000e+02 1.180000000000000000e+02
8.280000000000000000e+02 1.160000000000000000e+02
8.320000000000000000e+02 1.180000000000000000e+02
8.310000000000000000e+02 1.180000000000000000e+02
8.380000000000000000e+02 1.150000000000000000e+02
8.330000000000000000e+02 1.190000000000000000e+02
8.310000000000000000e+02 1.170000000000000000e+02
8.350000000000000000e+02 1.180000000000000000e+02
8.320000000000000000e+02 1.170000000000000000e+02
8.340000000000000000e+02 1.180000000000000000e+02
8.350000000000000000e+02 1.170000000000000000e+02
8.330000000000000000e+02 1.170000000000000000e+02
8.360000000000000000e+02 1.160000000000000000e+02
8.300000000000000000e+02 1.160000000000000000e+02
8.330000000000000000e+02 1.170000000000000000e+02
8.310000000000000000e+02 1.170000000000000000e+02
8.330000000000000000e+02 1.170000000000000000e+02
8.300000000000000000e+02 1.180000000000000000e+02
8.280000000000000000e+02 1.160000000000000000e+02
8.310000000000000000e+02 1.150000000000000000e+02
8.320000000000000000e+02 1.140000000000000000e+02
8.290000000000000000e+02 1.150000000000000000e+02
8.280000000000000000e+02 1.170000000000000000e+02
8.310000000000000000e+02 1.170000000000000000e+02
8.290000000000000000e+02 1.150000000000000000e+02
8.280000000000000000e+02 1.160000000000000000e+02
8.270000000000000000e+02 1.150000000000000000e+02
8.310000000000000000e+02 1.170000000000000000e+02
8.280000000000000000e+02 1.180000000000000000e+02
8.310000000000000000e+02 1.170000000000000000e+02
8.300000000000000000e+02 1.190000000000000000e+02
8.260000000000000000e+02 1.160000000000000000e+02
8.310000000000000000e+02 1.180000000000000000e+02
8.280000000000000000e+02 1.160000000000000000e+02
8.280000000000000000e+02 1.170000000000000000e+02
8.270000000000000000e+02 1.160000000000000000e+02
8.280000000000000000e+02 1.170000000000000000e+02
8.320000000000000000e+02 1.160000000000000000e+02
8.310000000000000000e+02 1.170000000000000000e+02
8.280000000000000000e+02 1.200000000000000000e+02
8.270000000000000000e+02 1.170000000000000000e+02
8.270000000000000000e+02 1.170000000000000000e+02
8.290000000000000000e+02 1.160000000000000000e+02
8.280000000000000000e+02 1.180000000000000000e+02
8.270000000000000000e+02 1.160000000000000000e+02
8.300000000000000000e+02 1.140000000000000000e+02
8.280000000000000000e+02 1.150000000000000000e+02
8.330000000000000000e+02 1.160000000000000000e+02
8.290000000000000000e+02 1.140000000000000000e+02
8.370000000000000000e+02 1.140000000000000000e+02
8.350000000000000000e+02 1.040000000000000000e+02
8.310000000000000000e+02 1.140000000000000000e+02
8.320000000000000000e+02 1.160000000000000000e+02
8.300000000000000000e+02 1.140000000000000000e+02
8.320000000000000000e+02 1.160000000000000000e+02
8.350000000000000000e+02 1.130000000000000000e+02
8.360000000000000000e+02 1.160000000000000000e+02
8.350000000000000000e+02 1.170000000000000000e+02
8.320000000000000000e+02 1.150000000000000000e+02
8.310000000000000000e+02 1.150000000000000000e+02
8.310000000000000000e+02 1.160000000000000000e+02
8.320000000000000000e+02 1.160000000000000000e+02
8.330000000000000000e+02 1.190000000000000000e+02
8.350000000000000000e+02 1.160000000000000000e+02
8.390000000000000000e+02 1.130000000000000000e+02
