# frames 101, center=[829, 127], duration=[0, 100], video=videos browniano 1/Browniano_0
8.290000000000000000e+02 1.270000000000000000e+02
8.290000000000000000e+02 1.270000000000000000e+02
8.230000000000000000e+02 1.300000000000000000e+02
8.210000000000000000e+02 1.300000000000000000e+02
8.210000000000000000e+02 1.330000000000000000e+02
8.220000000000000000e+02 1.310000000000000000e+02
8.210000000000000000e+02 1.330000000000000000e+02
8.210000000000000000e+02 1.320000000000000000e+02
8.190000000000000000e+02 1.340000000000000000e+02
8.210000000000000000e+02 1.330000000000000000e+02
8.210000000000000000e+02 1.300000000000000000e+02
8.190000000000000000e+02 1.280000000000000000e+02
8.220000000000000000e+02 1.290000000000000000e+02
8.200000000000000000e+02 1.310000000000000000e+02
8.210000000000000000e+02 1.310000000000000000e+02
8.210000000000000000e+02 1.240000000000000000e+02
8.200000000000000000e+02 1.310000000000000000e+02
8.230000000000000000e+02 1.310000000000000000e+02
8.230000000000000000e+02 1.310000000000000000e+02
8.230000000000000000e+02 1.290000000000000000e+02
8.250000000000000000e+02 1.290000000000000000e+02
8.220000000000000000e+02 1.280000000000000000e+02
8.220000000000000000e+02 1.300000000000000000e+02
8.230000000000000000e+02 1.270000000000000000e+02
8.210000000000000000e+02 1.290000000000000000e+02
8.210000000000000000e+02 1.290000000000000000e+02
8.200000000000000000e+02 1.280000000000000000e+02
8.220000000000000000e+02 1.300000000000000000e+02
8.230000000000000000e+02 1.310000000000000000e+02
8.190000000000000000e+02 1.330000000000000000e+02
8.210000000000000000e+02 1.290000000000000000e+02
8.200000000000000000e+02 1.310000000000000000e+02
8.200000000000000000e+02 1.310000000000000000e+02
8.210000000000000000e+02 1.310000000000000000e+02
8.190000000000000000e+02 1.340000000000000000e+02
8.200000000000000000e+02 1.310000000000000000e+02
8.210000000000000000e+02 1.330000000000000000e+02
8.200000000000000000e+02 1.330000000000000000e+02
8.230000000000000000e+02 1.300000000000000000e+02
8.210000000000000000e+02 1.330000000000000000e+02
8.230000000000000000e+02 1.330000000000000000e+02
8.200000000000000000e+02 1.320000000000000000e+02
8.210000000000000000e+02 1.300000000000000000e+02
8.230000000000000000e+02 1.290000000000000000e+02
8.220000000000000000e+02 1.320000000000000000e+02
8.240000000000000000e+02 1.330000000000000000e+02
8.220000000000000000e+02 1.360000000000000000e+02
8.210000000000000000e+02 1.330000000000000000e+02
8.220000000000000000e+02 1.310000000000000000e+02
8.210000000000000000e+02 1.340000000000000000e+02
8.230000000000000000e+02 1.310000000000000000e+02
8.220000000000000000e+02 1.330000000000000000e+02
8.200000000000000000e+02 1.330000000000000000e+02
8.220000000000000000e+02 1.290000000000000000e+02
8.200000000000000000e+02 1.330000000000000000e+02
8.220000000000000000e+02 1.300000000000000000e+02
8.230000000000000000e+02 1.310000000000000000e+02
8.210000000000000000e+02 1.310000000000000000e+02
8.240000000000000000e+02 1.260000000000000000e+02
8.220000000000000000e+02 1.280000000000000000e+02
8.220000000000000000e+02 1.300000000000000000e+02
8.230000000000000000e+02 1.290000000000000000e+02
8.230000000000000000e+02 1.280000000000000000e+02
8.240000000000000000e+02 1.290000000000000000e+02
8.230000000000000000e+02 1.300000000000000000e+02
8.200000000000000000e+02 1.310000000000000000e+02
8.210000000000000000e+02 1.310000000000000000e+02
8.230000000000000000e+02 1.290000000000000000e+02
8.230000000000000000e+02 1.330000000000000000e+02
8.220000000000000000e+02 1.340000000000000000e+02
8.190000000000000000e+02 1.350000000000000000e+02
8.200000000000000000e+02 1.350000000000000000e+02
8.200000000000000000e+02 1.360000000000000000e+02
8.230000000000000000e+02 1.370000000000000000e+02
8.220000000000000000e+02 1.330000000000000000e+02
8.200000000000000000e+02 1.300000000000000000e+02
8.210000000000000000e+02 1.330000000000000000e+02
8.190000000000000000e+02 1.350000000000000000e+02
8.190000000000000000e+02 1.340000000000000000e+02
8.220000000000000000e+02 1.310000000000000000e+02
8.190000000000000000e+02 1.340000000000000000e+02
8.210000000000000000e+02 1.310000000000000000e+02
8.190000000000000000e+02 1.340000000000000000e+02
8.190000000000000000e+02 1.400000000000000000e+02
8.210000000000000000e+02 1.350000000000000000e+02
8.190000000000000000e+02 1.350000000000000000e+02
8.210000000000000000e+02 1.370000000000000000e+02
8.210000000000000000e+02 1.330000000000000000e+02
8.220000000000000000e+02 1.360000000000000000e+02
8.220000000000000000e+02 1.320000000000000000e+02
8.190000000000000000e+02 1.350000000000000000e+02
8.210000000000000000e+02 1.370000000000000000e+02
8.220000000000000000e+02 1.370000000000000000e+02
8.210000000000000000e+02 1.400000000000000000e+02
8.230000000000000000e+02 1.330000000000000000e+02
8.220000000000000000e+02 1.370000000000000000e+02
8.190000000000000000e+02 1.360000000000000000e+02
8.220000000000000000e+02 1.330000000000000000e+02
8.230000000000000000e+02 1.330000000000000000e+02
8.230000000000000000e+02 1.330000000000000000e+02
8.200000000000000000e+02 1.320000000000000000e+02
