# frames 101, center=[831, 136], duration=[200, 300], video=videos browniano 1/Browniano_0
8.310000000000000000e+02 1.360000000000000000e+02
8.310000000000000000e+02 1.360000000000000000e+02
8.250000000000000000e+02 1.300000000000000000e+02
8.280000000000000000e+02 1.310000000000000000e+02
8.280000000000000000e+02 1.290000000000000000e+02
8.250000000000000000e+02 1.310000000000000000e+02
8.290000000000000000e+02 1.280000000000000000e+02
8.290000000000000000e+02 1.310000000000000000e+02
8.290000000000000000e+02 1.300000000000000000e+02
8.290000000000000000e+02 1.280000000000000000e+02
8.280000000000000000e+02 1.290000000000000000e+02
8.290000000000000000e+02 1.280000000000000000e+02
8.280000000000000000e+02 1.280000000000000000e+02
8.280000000000000000e+02 1.300000000000000000e+02
8.290000000000000000e+02 1.270000000000000000e+02
8.280000000000000000e+02 1.270000000000000000e+02
8.280000000000000000e+02 1.240000000000000000e+02
8.270000000000000000e+02 1.250000000000000000e+02
8.280000000000000000e+02 1.270000000000000000e+02
8.290000000000000000e+02 1.250000000000000000e+02
8.280000000000000000e+02 1.250000000000000000e+02
8.280000000000000000e+02 1.250000000000000000e+02
8.290000000000000000e+02 1.260000000000000000e+02
8.280000000000000000e+02 1.270000000000000000e+02
8.280000000000000000e+02 1.260000000000000000e+02
8.260000000000000000e+02 1.270000000000000000e+02
8.260000000000000000e+02 1.280000000000000000e+02
8.290000000000000000e+02 1.260000000000000000e+02
8.280000000000000000e+02 1.250000000000000000e+02
8.280000000000000000e+02 1.260000000000000000e+02
8.310000000000000000e+02 1.260000000000000000e+02
8.300000000000000000e+02 1.260000000000000000e+02
8.290000000000000000e+02 1.280000000000000000e+02
8.280000000000000000e+02 1.270000000000000000e+02
8.260000000000000000e+02 1.290000000000000000e+02
8.280000000000000000e+02 1.290000000000000000e+02
8.280000000000000000e+02 1.280000000000000000e+02
8.280000000000000000e+02 1.300000000000000000e+02
8.260000000000000000e+02 1.290000000000000000e+02
8.260000000000000000e+02 1.280000000000000000e+02
8.280000000000000000e+02 1.280000000000000000e+02
8.250000000000000000e+02 1.250000000000000000e+02
8.250000000000000000e+02 1.270000000000000000e+02
8.240000000000000000e+02 1.260000000000000000e+02
8.240000000000000000e+02 1.230000000000000000e+02
8.230000000000000000e+02 1.280000000000000000e+02
8.260000000000000000e+02 1.260000000000000000e+02
8.240000000000000000e+02 1.290000000000000000e+02
8.260000000000000000e+02 1.280000000000000000e+02
8.250000000000000000e+02 1.260000000000000000e+02
8.260000000000000000e+02 1.280000000000000000e+02
8.280000000000000000e+02 1.260000000000000000e+02
8.280000000000000000e+02 1.250000000000000000e+02
8.260000000000000000e+02 1.280000000000000000e+02
8.250000000000000000e+02 1.260000000000000000e+02
8.240000000000000000e+02 1.270000000000000000e+02
8.250000000000000000e+02 1.240000000000000000e+02
8.240000000000000000e+02 1.240000000000000000e+02
8.240000000000000000e+02 1.270000000000000000e+02
8.230000000000000000e+02 1.280000000000000000e+02
8.240000000000000000e+02 1.270000000000000000e+02
8.250000000000000000e+02 1.260000000000000000e+02
8.240000000000000000e+02 1.260000000000000000e+02
8.250000000000000000e+02 1.260000000000000000e+02
8.260000000000000000e+02 1.240000000000000000e+02
8.260000000000000000e+02 1.250000000000000000e+02
8.250000000000000000e+02 1.270000000000000000e+02
8.260000000000000000e+02 1.270000000000000000e+02
8.260000000000000000e+02 1.270000000000000000e+02
8.280000000000000000e+02 1.250000000000000000e+02
8.270000000000000000e+02 1.270000000000000000e+02
8.290000000000000000e+02 1.260000000000000000e+02
8.310000000000000000e+02 1.260000000000000000e+02
8.310000000000000000e+02 1.270000000000000000e+02
8.320000000000000000e+02 1.240000000000000000e+02
8.320000000000000000e+02 1.250000000000000000e+02
8.310000000000000000e+02 1.250000000000000000e+02
8.310000000000000000e+02 1.250000000000000000e+02
8.310000000000000000e+02 1.260000000000000000e+02
8.310000000000000000e+02 1.240000000000000000e+02
8.310000000000000000e+02 1.260000000000000000e+02
8.310000000000000000e+02 1.250000000000000000e+02
8.310000000000000000e+02 1.200000000000000000e+02
8.280000000000000000e+02 1.230000000000000000e+02
8.310000000000000000e+02 1.210000000000000000e+02
8.320000000000000000e+02 1.230000000000000000e+02
8.310000000000000000e+02 1.220000000000000000e+02
8.310000000000000000e+02 1.180000000000000000e+02
8.300000000000000000e+02 1.200000000000000000e+02
8.310000000000000000e+02 1.210000000000000000e+02
8.310000000000000000e+02 1.200000000000000000e+02
8.310000000000000000e+02 1.220000000000000000e+02
8.310000000000000000e+02 1.200000000000000000e+02
8.300000000000000000e+02 1.230000000000000000e+02
8.310000000000000000e+02 1.210000000000000000e+02
8.290000000000000000e+02 1.210000000000000000e+02
8.280000000000000000e+02 1.220000000000000000e+02
8.300000000000000000e+02 1.210000000000000000e+02
8.280000000000000000e+02 1.210000000000000000e+02
8.280000000000000000e+02 1.230000000000000000e+02
8.270000000000000000e+02 1.220000000000000000e+02
