# frames 101, center=[1070, 46], duration=[200, 300], video=videos browniano 1/Browniano_0
1.070000000000000000e+03 4.600000000000000000e+01
1.070000000000000000e+03 4.600000000000000000e+01
1.064000000000000000e+03 4.900000000000000000e+01
1.066000000000000000e+03 5.000000000000000000e+01
1.066000000000000000e+03 5.000000000000000000e+01
1.061000000000000000e+03 5.000000000000000000e+01
1.062000000000000000e+03 5.000000000000000000e+01
1.063000000000000000e+03 4.900000000000000000e+01
1.063000000000000000e+03 4.900000000000000000e+01
1.063000000000000000e+03 4.900000000000000000e+01
1.066000000000000000e+03 4.900000000000000000e+01
1.064000000000000000e+03 4.800000000000000000e+01
1.066000000000000000e+03 4.700000000000000000e+01
1.064000000000000000e+03 4.600000000000000000e+01
1.063000000000000000e+03 4.600000000000000000e+01
1.064000000000000000e+03 4.600000000000000000e+01
1.061000000000000000e+03 4.700000000000000000e+01
1.064000000000000000e+03 4.300000000000000000e+01
1.064000000000000000e+03 4.500000000000000000e+01
1.064000000000000000e+03 4.400000000000000000e+01
1.064000000000000000e+03 4.400000000000000000e+01
1.064000000000000000e+03 4.600000000000000000e+01
1.066000000000000000e+03 4.300000000000000000e+01
1.066000000000000000e+03 4.600000000000000000e+01
1.064000000000000000e+03 4.500000000000000000e+01
1.064000000000000000e+03 4.400000000000000000e+01
1.064000000000000000e+03 4.400000000000000000e+01
1.066000000000000000e+03 4.500000000000000000e+01
1.064000000000000000e+03 4.600000000000000000e+01
1.064000000000000000e+03 4.600000000000000000e+01
1.060000000000000000e+03 4.600000000000000000e+01
1.060000000000000000e+03 4.600000000000000000e+01
1.062000000000000000e+03 4.600000000000000000e+01
1.062000000000000000e+03 4.600000000000000000e+01
1.062000000000000000e+03 4.500000000000000000e+01
1.060000000000000000e+03 4.600000000000000000e+01
1.065000000000000000e+03 4.200000000000000000e+01
1.064000000000000000e+03 4.400000000000000000e+01
1.064000000000000000e+03 4.300000000000000000e+01
1.065000000000000000e+03 4.100000000000000000e+01
1.064000000000000000e+03 4.300000000000000000e+01
1.064000000000000000e+03 4.000000000000000000e+01
1.064000000000000000e+03 4.400000000000000000e+01
1.064000000000000000e+03 4.300000000000000000e+01
1.068000000000000000e+03 3.900000000000000000e+01
1.066000000000000000e+03 4.100000000000000000e+01
1.066000000000000000e+03 4.000000000000000000e+01
1.066000000000000000e+03 3.900000000000000000e+01
1.068000000000000000e+03 3.800000000000000000e+01
1.069000000000000000e+03 3.700000000000000000e+01
1.064000000000000000e+03 4.000000000000000000e+01
1.068000000000000000e+03 4.000000000000000000e+01
1.068000000000000000e+03 3.800000000000000000e+01
1.066000000000000000e+03 4.000000000000000000e+01
1.070000000000000000e+03 4.000000000000000000e+01
1.064000000000000000e+03 4.200000000000000000e+01
1.068000000000000000e+03 3.700000000000000000e+01
1.064000000000000000e+03 3.800000000000000000e+01
1.065000000000000000e+03 3.800000000000000000e+01
1.066000000000000000e+03 3.900000000000000000e+01
1.066000000000000000e+03 4.000000000000000000e+01
1.065000000000000000e+03 4.100000000000000000e+01
1.063000000000000000e+03 3.900000000000000000e+01
1.066000000000000000e+03 4.000000000000000000e+01
1.067000000000000000e+03 3.900000000000000000e+01
1.066000000000000000e+03 3.900000000000000000e+01
1.066000000000000000e+03 3.900000000000000000e+01
1.066000000000000000e+03 3.900000000000000000e+01
1.064000000000000000e+03 4.100000000000000000e+01
1.064000000000000000e+03 4.000000000000000000e+01
1.068000000000000000e+03 3.800000000000000000e+01
1.068000000000000000e+03 4.200000000000000000e+01
1.066000000000000000e+03 3.900000000000000000e+01
1.065000000000000000e+03 3.900000000000000000e+01
1.070000000000000000e+03 3.800000000000000000e+01
1.064000000000000000e+03 4.200000000000000000e+01
1.066000000000000000e+03 3.900000000000000000e+01
1.069000000000000000e+03 4.000000000000000000e+01
1.069000000000000000e+03 4.100000000000000000e+01
1.065000000000000000e+03 4.100000000000000000e+01
1.068000000000000000e+03 3.900000000000000000e+01
1.066000000000000000e+03 4.200000000000000000e+01
1.066000000000000000e+03 4.000000000000000000e+01
1.066000000000000000e+03 4.000000000000000000e+01
1.066000000000000000e+03 4.000000000000000000e+01
1.067000000000000000e+03 3.700000000000000000e+01
1.067000000000000000e+03 3.700000000000000000e+01
1.068000000000000000e+03 3.400000000000000000e+01
1.067000000000000000e+03 3.700000000000000000e+01
1.068000000000000000e+03 3.800000000000000000e+01
1.065000000000000000e+03 3.600000000000000000e+01
1.065000000000000000e+03 4.000000000000000000e+01
1.069000000000000000e+03 3.700000000000000000e+01
1.069000000000000000e+03 3.700000000000000000e+01
1.067000000000000000e+03 3.900000000000000000e+01
1.070000000000000000e+03 3.900000000000000000e+01
1.070000000000000000e+03 3.900000000000000000e+01
1.072000000000000000e+03 3.800000000000000000e+01
1.073000000000000000e+03 3.900000000000000000e+01
1.070000000000000000e+03 3.900000000000000000e+01
1.071000000000000000e+03 3.900000000000000000e+01
