# frames 31, center=[1080, 21], duration=[400, 500], video=videos browniano 1/Browniano_0
1.080000000000000000e+03 2.100000000000000000e+01
1.080000000000000000e+03 2.100000000000000000e+01
1.075000000000000000e+03 2.300000000000000000e+01
1.075000000000000000e+03 2.400000000000000000e+01
1.074000000000000000e+03 2.500000000000000000e+01
1.076000000000000000e+03 2.300000000000000000e+01
1.076000000000000000e+03 2.400000000000000000e+01
1.076000000000000000e+03 2.500000000000000000e+01
1.077000000000000000e+03 2.400000000000000000e+01
1.077000000000000000e+03 2.200000000000000000e+01
1.076000000000000000e+03 2.300000000000000000e+01
1.077000000000000000e+03 2.200000000000000000e+01
1.076000000000000000e+03 2.300000000000000000e+01
1.074000000000000000e+03 2.100000000000000000e+01
1.073000000000000000e+03 2.100000000000000000e+01
1.073000000000000000e+03 2.300000000000000000e+01
1.072000000000000000e+03 2.300000000000000000e+01
1.076000000000000000e+03 2.300000000000000000e+01
1.074000000000000000e+03 2.100000000000000000e+01
1.074000000000000000e+03 2.300000000000000000e+01
1.075000000000000000e+03 2.200000000000000000e+01
1.074000000000000000e+03 2.200000000000000000e+01
1.072000000000000000e+03 2.000000000000000000e+01
1.074000000000000000e+03 2.000000000000000000e+01
1.070000000000000000e+03 2.100000000000000000e+01
1.070000000000000000e+03 1.700000000000000000e+01
1.070000000000000000e+03 1.300000000000000000e+01
1.070000000000000000e+03 9.000000000000000000e+00
1.070000000000000000e+03 5.000000000000000000e+00
1.070000000000000000e+03 1.000000000000000000e+00
1.070000000000000000e+03 -3.000000000000000000e+00
