# frames 101, center=[1077, 35], duration=[300, 400], video=videos browniano 1/Browniano_0
1.077000000000000000e+03 3.500000000000000000e+01
1.077000000000000000e+03 3.500000000000000000e+01
1.072000000000000000e+03 3.800000000000000000e+01
1.074000000000000000e+03 3.700000000000000000e+01
1.074000000000000000e+03 3.700000000000000000e+01
1.074000000000000000e+03 3.600000000000000000e+01
1.074000000000000000e+03 3.700000000000000000e+01
1.074000000000000000e+03 3.700000000000000000e+01
1.073000000000000000e+03 3.700000000000000000e+01
1.074000000000000000e+03 3.800000000000000000e+01
1.072000000000000000e+03 3.700000000000000000e+01
1.071000000000000000e+03 3.700000000000000000e+01
1.073000000000000000e+03 3.400000000000000000e+01
1.074000000000000000e+03 3.500000000000000000e+01
1.074000000000000000e+03 3.500000000000000000e+01
1.076000000000000000e+03 3.200000000000000000e+01
1.073000000000000000e+03 3.300000000000000000e+01
1.075000000000000000e+03 2.800000000000000000e+01
1.073000000000000000e+03 3.200000000000000000e+01
1.075000000000000000e+03 3.000000000000000000e+01
1.073000000000000000e+03 3.100000000000000000e+01
1.072000000000000000e+03 3.300000000000000000e+01
1.072000000000000000e+03 3.000000000000000000e+01
1.065000000000000000e+03 3.500000000000000000e+01
1.069000000000000000e+03 3.000000000000000000e+01
1.070000000000000000e+03 2.900000000000000000e+01
1.070000000000000000e+03 3.000000000000000000e+01
1.068000000000000000e+03 3.000000000000000000e+01
1.066000000000000000e+03 3.000000000000000000e+01
1.069000000000000000e+03 2.900000000000000000e+01
1.073000000000000000e+03 2.800000000000000000e+01
1.074000000000000000e+03 2.600000000000000000e+01
1.074000000000000000e+03 2.600000000000000000e+01
1.071000000000000000e+03 2.900000000000000000e+01
1.074000000000000000e+03 2.400000000000000000e+01
1.076000000000000000e+03 2.400000000000000000e+01
1.072000000000000000e+03 2.700000000000000000e+01
1.076000000000000000e+03 2.400000000000000000e+01
1.078000000000000000e+03 2.600000000000000000e+01
1.074000000000000000e+03 2.600000000000000000e+01
1.074000000000000000e+03 2.700000000000000000e+01
1.074000000000000000e+03 2.900000000000000000e+01
1.069000000000000000e+03 3.400000000000000000e+01
1.074000000000000000e+03 2.900000000000000000e+01
1.079000000000000000e+03 2.800000000000000000e+01
1.074000000000000000e+03 2.900000000000000000e+01
1.070000000000000000e+03 3.300000000000000000e+01
1.076000000000000000e+03 2.600000000000000000e+01
1.072000000000000000e+03 2.700000000000000000e+01
1.069000000000000000e+03 3.300000000000000000e+01
1.070000000000000000e+03 3.000000000000000000e+01
1.075000000000000000e+03 2.600000000000000000e+01
1.073000000000000000e+03 3.000000000000000000e+01
1.074000000000000000e+03 2.600000000000000000e+01
1.077000000000000000e+03 2.600000000000000000e+01
1.076000000000000000e+03 3.200000000000000000e+01
1.073000000000000000e+03 3.200000000000000000e+01
1.076000000000000000e+03 2.900000000000000000e+01
1.073000000000000000e+03 2.900000000000000000e+01
1.076000000000000000e+03 2.800000000000000000e+01
1.078000000000000000e+03 2.500000000000000000e+01
1.077000000000000000e+03 2.600000000000000000e+01
1.078000000000000000e+03 2.600000000000000000e+01
1.077000000000000000e+03 2.600000000000000000e+01
1.078000000000000000e+03 2.600000000000000000e+01
1.078000000000000000e+03 2.800000000000000000e+01
1.077000000000000000e+03 2.800000000000000000e+01
1.078000000000000000e+03 2.600000000000000000e+01
1.076000000000000000e+03 3.000000000000000000e+01
1.077000000000000000e+03 2.600000000000000000e+01
1.073000000000000000e+03 3.000000000000000000e+01
1.077000000000000000e+03 2.900000000000000000e+01
1.082000000000000000e+03 2.500000000000000000e+01
1.079000000000000000e+03 2.600000000000000000e+01
1.081000000000000000e+03 2.500000000000000000e+01
1.080000000000000000e+03 2.600000000000000000e+01
1.081000000000000000e+03 2.800000000000000000e+01
1.081000000000000000e+03 2.700000000000000000e+01
1.077000000000000000e+03 3.000000000000000000e+01
1.078000000000000000e+03 2.600000000000000000e+01
1.076000000000000000e+03 2.800000000000000000e+01
1.077000000000000000e+03 3.100000000000000000e+01
1.078000000000000000e+03 2.700000000000000000e+01
1.077000000000000000e+03 2.800000000000000000e+01
1.075000000000000000e+03 3.100000000000000000e+01
1.077000000000000000e+03 2.800000000000000000e+01
1.076000000000000000e+03 2.900000000000000000e+01
1.073000000000000000e+03 3.300000000000000000e+01
1.075000000000000000e+03 2.900000000000000000e+01
1.076000000000000000e+03 2.800000000000000000e+01
1.073000000000000000e+03 2.900000000000000000e+01
1.067000000000000000e+03 2.900000000000000000e+01
1.072000000000000000e+03 3.000000000000000000e+01
1.073000000000000000e+03 2.900000000000000000e+01
1.074000000000000000e+03 2.700000000000000000e+01
1.075000000000000000e+03 2.400000000000000000e+01
1.071000000000000000e+03 2.900000000000000000e+01
1.077000000000000000e+03 2.500000000000000000e+01
1.076000000000000000e+03 2.600000000000000000e+01
1.072000000000000000e+03 2.800000000000000000e+01
1.078000000000000000e+03 2.200000000000000000e+01
