# frames 73, center=[1129, 40], duration=[400, 500], video=videos browniano 1/Browniano_0
1.129000000000000000e+03 4.000000000000000000e+01
1.129000000000000000e+03 4.000000000000000000e+01
1.131000000000000000e+03 3.500000000000000000e+01
1.122000000000000000e+03 3.600000000000000000e+01
1.114000000000000000e+03 4.400000000000000000e+01
1.105000000000000000e+03 4.100000000000000000e+01
1.102000000000000000e+03 4.300000000000000000e+01
1.103000000000000000e+03 4.200000000000000000e+01
1.103000000000000000e+03 4.600000000000000000e+01
1.112000000000000000e+03 3.900000000000000000e+01
1.121000000000000000e+03 3.900000000000000000e+01
1.119000000000000000e+03 3.900000000000000000e+01
1.119000000000000000e+03 3.900000000000000000e+01
1.119000000000000000e+03 3.800000000000000000e+01
1.117000000000000000e+03 4.100000000000000000e+01
1.120000000000000000e+03 3.900000000000000000e+01
1.120000000000000000e+03 3.900000000000000000e+01
1.120000000000000000e+03 3.700000000000000000e+01
1.121000000000000000e+03 3.700000000000000000e+01
1.120000000000000000e+03 3.900000000000000000e+01
1.121000000000000000e+03 3.600000000000000000e+01
1.121000000000000000e+03 3.600000000000000000e+01
1.120000000000000000e+03 3.600000000000000000e+01
1.120000000000000000e+03 3.700000000000000000e+01
1.115000000000000000e+03 4.000000000000000000e+01
1.108000000000000000e+03 4.500000000000000000e+01
1.117000000000000000e+03 3.900000000000000000e+01
1.116000000000000000e+03 3.500000000000000000e+01
1.108000000000000000e+03 3.300000000000000000e+01
1.105000000000000000e+03 4.100000000000000000e+01
1.106000000000000000e+03 3.900000000000000000e+01
1.109000000000000000e+03 3.900000000000000000e+01
1.117000000000000000e+03 3.500000000000000000e+01
1.119000000000000000e+03 3.700000000000000000e+01
1.116000000000000000e+03 3.700000000000000000e+01
1.115000000000000000e+03 3.800000000000000000e+01
1.118000000000000000e+03 3.700000000000000000e+01
1.117000000000000000e+03 3.600000000000000000e+01
1.117000000000000000e+03 3.800000000000000000e+01
1.115000000000000000e+03 3.700000000000000000e+01
1.120000000000000000e+03 3.600000000000000000e+01
1.119000000000000000e+03 3.800000000000000000e+01
1.116000000000000000e+03 3.900000000000000000e+01
1.114000000000000000e+03 4.300000000000000000e+01
1.113000000000000000e+03 4.100000000000000000e+01
1.112000000000000000e+03 3.900000000000000000e+01
1.108000000000000000e+03 3.700000000000000000e+01
1.104000000000000000e+03 4.300000000000000000e+01
1.096000000000000000e+03 5.300000000000000000e+01
1.100000000000000000e+03 6.100000000000000000e+01
1.099000000000000000e+03 5.400000000000000000e+01
1.098000000000000000e+03 4.700000000000000000e+01
1.095000000000000000e+03 3.800000000000000000e+01
1.099000000000000000e+03 3.800000000000000000e+01
1.105000000000000000e+03 4.100000000000000000e+01
1.106000000000000000e+03 3.900000000000000000e+01
1.097000000000000000e+03 4.200000000000000000e+01
1.094000000000000000e+03 4.100000000000000000e+01
1.090000000000000000e+03 3.700000000000000000e+01
1.089000000000000000e+03 3.600000000000000000e+01
1.090000000000000000e+03 3.900000000000000000e+01
1.090000000000000000e+03 3.900000000000000000e+01
1.087000000000000000e+03 3.900000000000000000e+01
1.083000000000000000e+03 3.800000000000000000e+01
1.075000000000000000e+03 3.600000000000000000e+01
1.071000000000000000e+03 3.300000000000000000e+01
1.069000000000000000e+03 2.900000000000000000e+01
1.066000000000000000e+03 2.900000000000000000e+01
1.067000000000000000e+03 2.800000000000000000e+01
1.064000000000000000e+03 1.900000000000000000e+01
1.061000000000000000e+03 1.000000000000000000e+01
1.058000000000000000e+03 1.000000000000000000e+00
1.055000000000000000e+03 -8.000000000000000000e+00
