# frames 101, center=[1119, 55], duration=[0, 100], video=videos browniano 1/Browniano_0
1.119000000000000000e+03 5.500000000000000000e+01
1.119000000000000000e+03 5.500000000000000000e+01
1.116000000000000000e+03 5.000000000000000000e+01
1.114000000000000000e+03 5.000000000000000000e+01
1.115000000000000000e+03 4.900000000000000000e+01
1.115000000000000000e+03 5.000000000000000000e+01
1.114000000000000000e+03 5.100000000000000000e+01
1.117000000000000000e+03 4.800000000000000000e+01
1.117000000000000000e+03 4.800000000000000000e+01
1.119000000000000000e+03 5.000000000000000000e+01
1.116000000000000000e+03 5.000000000000000000e+01
1.117000000000000000e+03 4.900000000000000000e+01
1.115000000000000000e+03 4.900000000000000000e+01
1.117000000000000000e+03 4.700000000000000000e+01
1.115000000000000000e+03 4.800000000000000000e+01
1.115000000000000000e+03 4.700000000000000000e+01
1.115000000000000000e+03 4.800000000000000000e+01
1.117000000000000000e+03 4.600000000000000000e+01
1.118000000000000000e+03 4.700000000000000000e+01
1.115000000000000000e+03 4.800000000000000000e+01
1.119000000000000000e+03 4.300000000000000000e+01
1.118000000000000000e+03 4.400000000000000000e+01
1.118000000000000000e+03 4.600000000000000000e+01
1.120000000000000000e+03 4.200000000000000000e+01
1.115000000000000000e+03 4.400000000000000000e+01
1.116000000000000000e+03 4.300000000000000000e+01
1.115000000000000000e+03 4.100000000000000000e+01
1.117000000000000000e+03 4.300000000000000000e+01
1.118000000000000000e+03 4.100000000000000000e+01
1.118000000000000000e+03 4.200000000000000000e+01
1.117000000000000000e+03 4.100000000000000000e+01
1.119000000000000000e+03 4.200000000000000000e+01
1.115000000000000000e+03 4.300000000000000000e+01
1.117000000000000000e+03 4.000000000000000000e+01
1.117000000000000000e+03 4.400000000000000000e+01
1.118000000000000000e+03 4.500000000000000000e+01
1.117000000000000000e+03 4.400000000000000000e+01
1.115000000000000000e+03 4.300000000000000000e+01
1.114000000000000000e+03 4.300000000000000000e+01
1.117000000000000000e+03 4.300000000000000000e+01
1.115000000000000000e+03 4.400000000000000000e+01
1.115000000000000000e+03 4.300000000000000000e+01
1.117000000000000000e+03 4.300000000000000000e+01
1.116000000000000000e+03 4.400000000000000000e+01
1.115000000000000000e+03 4.300000000000000000e+01
1.117000000000000000e+03 4.500000000000000000e+01
1.117000000000000000e+03 4.200000000000000000e+01
1.116000000000000000e+03 4.400000000000000000e+01
1.116000000000000000e+03 4.300000000000000000e+01
1.116000000000000000e+03 4.400000000000000000e+01
1.116000000000000000e+03 4.500000000000000000e+01
1.115000000000000000e+03 4.200000000000000000e+01
1.115000000000000000e+03 4.200000000000000000e+01
1.114000000000000000e+03 4.100000000000000000e+01
1.117000000000000000e+03 3.900000000000000000e+01
1.115000000000000000e+03 4.100000000000000000e+01
1.117000000000000000e+03 3.900000000000000000e+01
1.115000000000000000e+03 4.300000000000000000e+01
1.116000000000000000e+03 4.300000000000000000e+01
1.117000000000000000e+03 4.100000000000000000e+01
1.115000000000000000e+03 4.200000000000000000e+01
1.117000000000000000e+03 4.100000000000000000e+01
1.114000000000000000e+03 4.100000000000000000e+01
1.118000000000000000e+03 4.000000000000000000e+01
1.119000000000000000e+03 3.800000000000000000e+01
1.114000000000000000e+03 4.100000000000000000e+01
1.117000000000000000e+03 4.100000000000000000e+01
1.119000000000000000e+03 4.200000000000000000e+01
1.119000000000000000e+03 4.300000000000000000e+01
1.120000000000000000e+03 4.300000000000000000e+01
1.119000000000000000e+03 4.300000000000000000e+01
1.120000000000000000e+03 4.200000000000000000e+01
1.117000000000000000e+03 4.500000000000000000e+01
1.116000000000000000e+03 4.600000000000000000e+01
1.119000000000000000e+03 4.300000000000000000e+01
1.116000000000000000e+03 4.600000000000000000e+01
1.119000000000000000e+03 4.500000000000000000e+01
1.118000000000000000e+03 4.300000000000000000e+01
1.117000000000000000e+03 4.500000000000000000e+01
1.120000000000000000e+03 4.400000000000000000e+01
1.116000000000000000e+03 4.500000000000000000e+01
1.116000000000000000e+03 4.500000000000000000e+01
1.115000000000000000e+03 4.500000000000000000e+01
1.114000000000000000e+03 4.700000000000000000e+01
1.117000000000000000e+03 4.500000000000000000e+01
1.115000000000000000e+03 4.600000000000000000e+01
1.117000000000000000e+03 4.500000000000000000e+01
1.117000000000000000e+03 4.500000000000000000e+01
1.115000000000000000e+03 4.700000000000000000e+01
1.119000000000000000e+03 4.500000000000000000e+01
1.118000000000000000e+03 4.500000000000000000e+01
1.116000000000000000e+03 4.500000000000000000e+01
1.119000000000000000e+03 4.300000000000000000e+01
1.118000000000000000e+03 4.800000000000000000e+01
1.117000000000000000e+03 4.600000000000000000e+01
1.118000000000000000e+03 4.500000000000000000e+01
1.119000000000000000e+03 4.500000000000000000e+01
1.121000000000000000e+03 4.400000000000000000e+01
1.119000000000000000e+03 4.900000000000000000e+01
1.118000000000000000e+03 4.700000000000000000e+01
1.118000000000000000e+03 4.500000000000000000e+01
