# frames 101, center=[1123, 37], duration=[300, 400], video=videos browniano 1/Browniano_0
1.123000000000000000e+03 3.700000000000000000e+01
1.123000000000000000e+03 3.700000000000000000e+01
1.129000000000000000e+03 4.100000000000000000e+01
1.132000000000000000e+03 3.600000000000000000e+01
1.128000000000000000e+03 4.000000000000000000e+01
1.130000000000000000e+03 4.000000000000000000e+01
1.129000000000000000e+03 4.000000000000000000e+01
1.130000000000000000e+03 4.100000000000000000e+01
1.131000000000000000e+03 3.700000000000000000e+01
1.130000000000000000e+03 4.100000000000000000e+01
1.130000000000000000e+03 3.700000000000000000e+01
1.129000000000000000e+03 3.800000000000000000e+01
1.130000000000000000e+03 3.300000000000000000e+01
1.130000000000000000e+03 3.700000000000000000e+01
1.131000000000000000e+03 3.700000000000000000e+01
1.129000000000000000e+03 3.500000000000000000e+01
1.128000000000000000e+03 3.900000000000000000e+01
1.129000000000000000e+03 3.800000000000000000e+01
1.129000000000000000e+03 3.900000000000000000e+01
1.130000000000000000e+03 3.800000000000000000e+01
1.129000000000000000e+03 3.700000000000000000e+01
1.130000000000000000e+03 3.700000000000000000e+01
1.130000000000000000e+03 3.600000000000000000e+01
1.129000000000000000e+03 3.900000000000000000e+01
1.130000000000000000e+03 3.700000000000000000e+01
1.129000000000000000e+03 3.500000000000000000e+01
1.129000000000000000e+03 3.500000000000000000e+01
1.129000000000000000e+03 3.600000000000000000e+01
1.126000000000000000e+03 3.800000000000000000e+01
1.129000000000000000e+03 3.700000000000000000e+01
1.129000000000000000e+03 3.900000000000000000e+01
1.129000000000000000e+03 4.100000000000000000e+01
1.129000000000000000e+03 4.000000000000000000e+01
1.128000000000000000e+03 3.900000000000000000e+01
1.128000000000000000e+03 3.800000000000000000e+01
1.127000000000000000e+03 3.900000000000000000e+01
1.126000000000000000e+03 4.200000000000000000e+01
1.129000000000000000e+03 3.900000000000000000e+01
1.130000000000000000e+03 3.900000000000000000e+01
1.130000000000000000e+03 4.100000000000000000e+01
1.132000000000000000e+03 3.800000000000000000e+01
1.132000000000000000e+03 3.800000000000000000e+01
1.132000000000000000e+03 3.600000000000000000e+01
1.132000000000000000e+03 3.700000000000000000e+01
1.132000000000000000e+03 3.600000000000000000e+01
1.133000000000000000e+03 3.600000000000000000e+01
1.130000000000000000e+03 4.100000000000000000e+01
1.133000000000000000e+03 3.600000000000000000e+01
1.132000000000000000e+03 3.600000000000000000e+01
1.135000000000000000e+03 4.100000000000000000e+01
1.132000000000000000e+03 3.800000000000000000e+01
1.132000000000000000e+03 3.900000000000000000e+01
1.134000000000000000e+03 3.900000000000000000e+01
1.132000000000000000e+03 3.900000000000000000e+01
1.132000000000000000e+03 3.700000000000000000e+01
1.133000000000000000e+03 3.700000000000000000e+01
1.135000000000000000e+03 4.000000000000000000e+01
1.133000000000000000e+03 3.600000000000000000e+01
1.132000000000000000e+03 3.800000000000000000e+01
1.131000000000000000e+03 4.000000000000000000e+01
1.133000000000000000e+03 3.400000000000000000e+01
1.135000000000000000e+03 3.700000000000000000e+01
1.135000000000000000e+03 3.700000000000000000e+01
1.134000000000000000e+03 3.700000000000000000e+01
1.136000000000000000e+03 3.800000000000000000e+01
1.132000000000000000e+03 3.700000000000000000e+01
1.134000000000000000e+03 4.000000000000000000e+01
1.134000000000000000e+03 3.900000000000000000e+01
1.134000000000000000e+03 3.900000000000000000e+01
1.133000000000000000e+03 3.800000000000000000e+01
1.133000000000000000e+03 3.800000000000000000e+01
1.133000000000000000e+03 4.000000000000000000e+01
1.134000000000000000e+03 4.000000000000000000e+01
1.133000000000000000e+03 4.100000000000000000e+01
1.132000000000000000e+03 4.000000000000000000e+01
1.132000000000000000e+03 4.200000000000000000e+01
1.131000000000000000e+03 4.200000000000000000e+01
1.133000000000000000e+03 4.000000000000000000e+01
1.130000000000000000e+03 4.200000000000000000e+01
1.130000000000000000e+03 4.100000000000000000e+01
1.130000000000000000e+03 3.900000000000000000e+01
1.131000000000000000e+03 4.100000000000000000e+01
1.130000000000000000e+03 4.100000000000000000e+01
1.132000000000000000e+03 4.300000000000000000e+01
1.133000000000000000e+03 4.000000000000000000e+01
1.135000000000000000e+03 3.800000000000000000e+01
1.133000000000000000e+03 3.900000000000000000e+01
1.135000000000000000e+03 4.100000000000000000e+01
1.134000000000000000e+03 3.900000000000000000e+01
1.135000000000000000e+03 4.100000000000000000e+01
1.133000000000000000e+03 4.000000000000000000e+01
1.133000000000000000e+03 4.100000000000000000e+01
1.134000000000000000e+03 3.900000000000000000e+01
1.131000000000000000e+03 4.100000000000000000e+01
1.134000000000000000e+03 4.000000000000000000e+01
1.134000000000000000e+03 4.100000000000000000e+01
1.132000000000000000e+03 4.600000000000000000e+01
1.134000000000000000e+03 4.400000000000000000e+01
1.134000000000000000e+03 4.200000000000000000e+01
1.133000000000000000e+03 4.400000000000000000e+01
1.135000000000000000e+03 4.100000000000000000e+01
