# frames 101, center=[1129, 53], duration=[200, 300], video=videos browniano 1/Browniano_0
1.129000000000000000e+03 5.300000000000000000e+01
1.129000000000000000e+03 5.300000000000000000e+01
1.127000000000000000e+03 5.100000000000000000e+01
1.129000000000000000e+03 5.200000000000000000e+01
1.134000000000000000e+03 4.900000000000000000e+01
1.131000000000000000e+03 5.100000000000000000e+01
1.132000000000000000e+03 4.800000000000000000e+01
1.131000000000000000e+03 4.700000000000000000e+01
1.133000000000000000e+03 5.000000000000000000e+01
1.132000000000000000e+03 4.800000000000000000e+01
1.133000000000000000e+03 4.800000000000000000e+01
1.132000000000000000e+03 5.000000000000000000e+01
1.132000000000000000e+03 4.900000000000000000e+01
1.131000000000000000e+03 5.100000000000000000e+01
1.132000000000000000e+03 5.000000000000000000e+01
1.131000000000000000e+03 5.000000000000000000e+01
1.129000000000000000e+03 5.100000000000000000e+01
1.132000000000000000e+03 4.900000000000000000e+01
1.132000000000000000e+03 4.800000000000000000e+01
1.131000000000000000e+03 4.700000000000000000e+01
1.127000000000000000e+03 4.800000000000000000e+01
1.128000000000000000e+03 5.000000000000000000e+01
1.134000000000000000e+03 4.900000000000000000e+01
1.127000000000000000e+03 4.900000000000000000e+01
1.126000000000000000e+03 4.900000000000000000e+01
1.132000000000000000e+03 4.600000000000000000e+01
1.128000000000000000e+03 5.000000000000000000e+01
1.130000000000000000e+03 4.400000000000000000e+01
1.128000000000000000e+03 4.600000000000000000e+01
1.124000000000000000e+03 4.500000000000000000e+01
1.124000000000000000e+03 4.400000000000000000e+01
1.125000000000000000e+03 4.200000000000000000e+01
1.128000000000000000e+03 4.600000000000000000e+01
1.127000000000000000e+03 4.300000000000000000e+01
1.130000000000000000e+03 4.300000000000000000e+01
1.124000000000000000e+03 4.500000000000000000e+01
1.126000000000000000e+03 4.200000000000000000e+01
1.126000000000000000e+03 4.400000000000000000e+01
1.130000000000000000e+03 4.500000000000000000e+01
1.128000000000000000e+03 4.600000000000000000e+01
1.129000000000000000e+03 4.600000000000000000e+01
1.128000000000000000e+03 4.600000000000000000e+01
1.125000000000000000e+03 4.500000000000000000e+01
1.126000000000000000e+03 4.400000000000000000e+01
1.125000000000000000e+03 4.300000000000000000e+01
1.123000000000000000e+03 4.400000000000000000e+01
1.128000000000000000e+03 4.200000000000000000e+01
1.129000000000000000e+03 4.300000000000000000e+01
1.123000000000000000e+03 4.100000000000000000e+01
1.126000000000000000e+03 3.900000000000000000e+01
1.124000000000000000e+03 4.000000000000000000e+01
1.126000000000000000e+03 4.200000000000000000e+01
1.128000000000000000e+03 3.800000000000000000e+01
1.126000000000000000e+03 4.000000000000000000e+01
1.126000000000000000e+03 4.000000000000000000e+01
1.125000000000000000e+03 4.200000000000000000e+01
1.125000000000000000e+03 4.000000000000000000e+01
1.127000000000000000e+03 3.900000000000000000e+01
1.125000000000000000e+03 4.100000000000000000e+01
1.126000000000000000e+03 3.900000000000000000e+01
1.131000000000000000e+03 4.000000000000000000e+01
1.126000000000000000e+03 3.900000000000000000e+01
1.126000000000000000e+03 3.800000000000000000e+01
1.127000000000000000e+03 4.000000000000000000e+01
1.128000000000000000e+03 3.800000000000000000e+01
1.131000000000000000e+03 3.900000000000000000e+01
1.128000000000000000e+03 3.800000000000000000e+01
1.130000000000000000e+03 4.000000000000000000e+01
1.126000000000000000e+03 4.200000000000000000e+01
1.127000000000000000e+03 3.900000000000000000e+01
1.131000000000000000e+03 4.000000000000000000e+01
1.126000000000000000e+03 4.000000000000000000e+01
1.127000000000000000e+03 3.800000000000000000e+01
1.126000000000000000e+03 3.900000000000000000e+01
1.126000000000000000e+03 3.700000000000000000e+01
1.128000000000000000e+03 3.600000000000000000e+01
1.124000000000000000e+03 3.800000000000000000e+01
1.128000000000000000e+03 3.700000000000000000e+01
1.123000000000000000e+03 3.800000000000000000e+01
1.126000000000000000e+03 3.600000000000000000e+01
1.125000000000000000e+03 3.500000000000000000e+01
1.123000000000000000e+03 3.700000000000000000e+01
1.126000000000000000e+03 3.900000000000000000e+01
1.123000000000000000e+03 3.600000000000000000e+01
1.124000000000000000e+03 3.500000000000000000e+01
1.124000000000000000e+03 3.800000000000000000e+01
1.126000000000000000e+03 3.800000000000000000e+01
1.124000000000000000e+03 3.500000000000000000e+01
1.124000000000000000e+03 3.600000000000000000e+01
1.124000000000000000e+03 3.700000000000000000e+01
1.125000000000000000e+03 3.500000000000000000e+01
1.126000000000000000e+03 3.700000000000000000e+01
1.126000000000000000e+03 3.600000000000000000e+01
1.127000000000000000e+03 3.500000000000000000e+01
1.126000000000000000e+03 3.800000000000000000e+01
1.128000000000000000e+03 3.400000000000000000e+01
1.126000000000000000e+03 3.400000000000000000e+01
1.128000000000000000e+03 3.400000000000000000e+01
1.125000000000000000e+03 3.400000000000000000e+01
1.124000000000000000e+03 3.600000000000000000e+01
1.127000000000000000e+03 3.400000000000000000e+01
