# frames 101, center=[1124, 50], duration=[100, 200], video=videos browniano 1/Browniano_0
1.124000000000000000e+03 5.000000000000000000e+01
1.124000000000000000e+03 5.000000000000000000e+01
1.127000000000000000e+03 5.400000000000000000e+01
1.127000000000000000e+03 5.500000000000000000e+01
1.128000000000000000e+03 5.700000000000000000e+01
1.128000000000000000e+03 5.500000000000000000e+01
1.129000000000000000e+03 5.600000000000000000e+01
1.127000000000000000e+03 5.400000000000000000e+01
1.128000000000000000e+03 5.600000000000000000e+01
1.129000000000000000e+03 5.400000000000000000e+01
1.128000000000000000e+03 5.200000000000000000e+01
1.128000000000000000e+03 5.300000000000000000e+01
1.131000000000000000e+03 5.100000000000000000e+01
1.129000000000000000e+03 5.700000000000000000e+01
1.129000000000000000e+03 5.700000000000000000e+01
1.129000000000000000e+03 5.300000000000000000e+01
1.129000000000000000e+03 5.500000000000000000e+01
1.128000000000000000e+03 5.400000000000000000e+01
1.129000000000000000e+03 5.500000000000000000e+01
1.128000000000000000e+03 5.500000000000000000e+01
1.128000000000000000e+03 5.500000000000000000e+01
1.128000000000000000e+03 5.600000000000000000e+01
1.128000000000000000e+03 5.600000000000000000e+01
1.129000000000000000e+03 5.600000000000000000e+01
1.130000000000000000e+03 5.800000000000000000e+01
1.130000000000000000e+03 5.600000000000000000e+01
1.130000000000000000e+03 5.400000000000000000e+01
1.128000000000000000e+03 5.600000000000000000e+01
1.129000000000000000e+03 5.600000000000000000e+01
1.126000000000000000e+03 5.400000000000000000e+01
1.127000000000000000e+03 5.300000000000000000e+01
1.127000000000000000e+03 5.700000000000000000e+01
1.128000000000000000e+03 5.900000000000000000e+01
1.129000000000000000e+03 5.700000000000000000e+01
1.126000000000000000e+03 5.900000000000000000e+01
1.129000000000000000e+03 5.800000000000000000e+01
1.130000000000000000e+03 5.800000000000000000e+01
1.131000000000000000e+03 6.000000000000000000e+01
1.133000000000000000e+03 5.900000000000000000e+01
1.131000000000000000e+03 6.100000000000000000e+01
1.132000000000000000e+03 5.900000000000000000e+01
1.132000000000000000e+03 5.800000000000000000e+01
1.133000000000000000e+03 5.800000000000000000e+01
1.134000000000000000e+03 5.900000000000000000e+01
1.133000000000000000e+03 5.900000000000000000e+01
1.134000000000000000e+03 5.800000000000000000e+01
1.135000000000000000e+03 5.800000000000000000e+01
1.133000000000000000e+03 5.700000000000000000e+01
1.133000000000000000e+03 5.500000000000000000e+01
1.133000000000000000e+03 5.800000000000000000e+01
1.135000000000000000e+03 5.500000000000000000e+01
1.132000000000000000e+03 5.400000000000000000e+01
1.133000000000000000e+03 5.600000000000000000e+01
1.133000000000000000e+03 5.500000000000000000e+01
1.131000000000000000e+03 5.700000000000000000e+01
1.134000000000000000e+03 5.500000000000000000e+01
1.133000000000000000e+03 5.700000000000000000e+01
1.133000000000000000e+03 6.200000000000000000e+01
1.135000000000000000e+03 5.900000000000000000e+01
1.132000000000000000e+03 6.000000000000000000e+01
1.134000000000000000e+03 6.300000000000000000e+01
1.134000000000000000e+03 6.100000000000000000e+01
1.135000000000000000e+03 6.300000000000000000e+01
1.135000000000000000e+03 6.100000000000000000e+01
1.132000000000000000e+03 6.000000000000000000e+01
1.134000000000000000e+03 6.200000000000000000e+01
1.135000000000000000e+03 6.100000000000000000e+01
1.135000000000000000e+03 6.400000000000000000e+01
1.134000000000000000e+03 6.300000000000000000e+01
1.135000000000000000e+03 6.400000000000000000e+01
1.134000000000000000e+03 6.400000000000000000e+01
1.135000000000000000e+03 6.300000000000000000e+01
1.135000000000000000e+03 6.200000000000000000e+01
1.135000000000000000e+03 6.200000000000000000e+01
1.134000000000000000e+03 6.300000000000000000e+01
1.135000000000000000e+03 6.300000000000000000e+01
1.134000000000000000e+03 6.300000000000000000e+01
1.132000000000000000e+03 6.100000000000000000e+01
1.134000000000000000e+03 6.200000000000000000e+01
1.135000000000000000e+03 6.200000000000000000e+01
1.135000000000000000e+03 5.900000000000000000e+01
1.135000000000000000e+03 5.900000000000000000e+01
1.136000000000000000e+03 5.900000000000000000e+01
1.136000000000000000e+03 6.000000000000000000e+01
1.137000000000000000e+03 5.900000000000000000e+01
1.137000000000000000e+03 6.200000000000000000e+01
1.138000000000000000e+03 5.900000000000000000e+01
1.137000000000000000e+03 6.300000000000000000e+01
1.137000000000000000e+03 6.000000000000000000e+01
1.135000000000000000e+03 6.100000000000000000e+01
1.136000000000000000e+03 6.000000000000000000e+01
1.137000000000000000e+03 6.000000000000000000e+01
1.137000000000000000e+03 5.900000000000000000e+01
1.134000000000000000e+03 5.900000000000000000e+01
1.133000000000000000e+03 5.800000000000000000e+01
1.135000000000000000e+03 6.000000000000000000e+01
1.134000000000000000e+03 5.700000000000000000e+01
1.131000000000000000e+03 5.900000000000000000e+01
1.132000000000000000e+03 6.200000000000000000e+01
1.136000000000000000e+03 5.900000000000000000e+01
1.135000000000000000e+03 6.100000000000000000e+01
