# frames 85, center=[975, 389], duration=[0, 105], video=videos pinzas/slow/Pinza_2
9.750000000000000000e+02 3.890000000000000000e+02
9.750000000000000000e+02 3.890000000000000000e+02
9.750000000000000000e+02 3.890000000000000000e+02
9.750000000000000000e+02 3.880000000000000000e+02
9.750000000000000000e+02 3.880000000000000000e+02
9.750000000000000000e+02 3.890000000000000000e+02
9.750000000000000000e+02 3.880000000000000000e+02
9.750000000000000000e+02 3.870000000000000000e+02
9.750000000000000000e+02 3.870000000000000000e+02
9.740000000000000000e+02 3.880000000000000000e+02
9.740000000000000000e+02 3.880000000000000000e+02
9.750000000000000000e+02 3.880000000000000000e+02
9.750000000000000000e+02 3.890000000000000000e+02
9.750000000000000000e+02 3.880000000000000000e+02
9.750000000000000000e+02 3.880000000000000000e+02
9.740000000000000000e+02 3.880000000000000000e+02
9.750000000000000000e+02 3.870000000000000000e+02
9.740000000000000000e+02 3.870000000000000000e+02
9.740000000000000000e+02 3.870000000000000000e+02
9.740000000000000000e+02 3.880000000000000000e+02
9.740000000000000000e+02 3.880000000000000000e+02
9.750000000000000000e+02 3.880000000000000000e+02
9.750000000000000000e+02 3.870000000000000000e+02
9.740000000000000000e+02 3.880000000000000000e+02
9.740000000000000000e+02 3.880000000000000000e+02
9.750000000000000000e+02 3.880000000000000000e+02
9.750000000000000000e+02 3.880000000000000000e+02
9.750000000000000000e+02 3.890000000000000000e+02
9.750000000000000000e+02 3.890000000000000000e+02
9.750000000000000000e+02 3.900000000000000000e+02
9.740000000000000000e+02 3.900000000000000000e+02
9.750000000000000000e+02 3.890000000000000000e+02
9.740000000000000000e+02 3.890000000000000000e+02
9.750000000000000000e+02 3.890000000000000000e+02
9.740000000000000000e+02 3.890000000000000000e+02
9.740000000000000000e+02 3.900000000000000000e+02
9.750000000000000000e+02 3.890000000000000000e+02
9.750000000000000000e+02 3.900000000000000000e+02
9.740000000000000000e+02 3.900000000000000000e+02
9.740000000000000000e+02 3.900000000000000000e+02
9.750000000000000000e+02 3.900000000000000000e+02
9.750000000000000000e+02 3.900000000000000000e+02
9.770000000000000000e+02 3.890000000000000000e+02
9.790000000000000000e+02 3.870000000000000000e+02
9.830000000000000000e+02 3.870000000000000000e+02
9.860000000000000000e+02 3.870000000000000000e+02
9.890000000000000000e+02 3.870000000000000000e+02
9.900000000000000000e+02 3.870000000000000000e+02
9.910000000000000000e+02 3.870000000000000000e+02
9.930000000000000000e+02 3.870000000000000000e+02
9.950000000000000000e+02 3.870000000000000000e+02
9.960000000000000000e+02 3.870000000000000000e+02
9.970000000000000000e+02 3.850000000000000000e+02
9.990000000000000000e+02 3.850000000000000000e+02
1.002000000000000000e+03 3.850000000000000000e+02
1.004000000000000000e+03 3.850000000000000000e+02
1.005000000000000000e+03 3.860000000000000000e+02
1.006000000000000000e+03 3.850000000000000000e+02
1.008000000000000000e+03 3.850000000000000000e+02
1.011000000000000000e+03 3.840000000000000000e+02
1.014000000000000000e+03 3.840000000000000000e+02
1.017000000000000000e+03 3.830000000000000000e+02
1.021000000000000000e+03 3.820000000000000000e+02
1.025000000000000000e+03 3.830000000000000000e+02
1.031000000000000000e+03 3.830000000000000000e+02
1.036000000000000000e+03 3.820000000000000000e+02
1.042000000000000000e+03 3.830000000000000000e+02
1.048000000000000000e+03 3.820000000000000000e+02
1.053000000000000000e+03 3.820000000000000000e+02
1.058000000000000000e+03 3.820000000000000000e+02
1.064000000000000000e+03 3.810000000000000000e+02
1.070000000000000000e+03 3.810000000000000000e+02
1.075000000000000000e+03 3.810000000000000000e+02
1.080000000000000000e+03 3.810000000000000000e+02
1.085000000000000000e+03 3.830000000000000000e+02
1.091000000000000000e+03 3.820000000000000000e+02
1.095000000000000000e+03 3.830000000000000000e+02
1.102000000000000000e+03 3.820000000000000000e+02
1.107000000000000000e+03 3.830000000000000000e+02
1.112000000000000000e+03 3.830000000000000000e+02
1.115000000000000000e+03 3.820000000000000000e+02
1.119000000000000000e+03 3.820000000000000000e+02
1.121000000000000000e+03 3.820000000000000000e+02
1.126000000000000000e+03 3.820000000000000000e+02
1.128000000000000000e+03 3.830000000000000000e+02
