# frames 85, center=[831, 545], duration=[0, 105], video=videos pinzas/slow/Pinza_2
8.310000000000000000e+02 5.450000000000000000e+02
8.310000000000000000e+02 5.450000000000000000e+02
8.310000000000000000e+02 5.450000000000000000e+02
8.310000000000000000e+02 5.440000000000000000e+02
8.320000000000000000e+02 5.450000000000000000e+02
8.340000000000000000e+02 5.450000000000000000e+02
8.340000000000000000e+02 5.460000000000000000e+02
8.330000000000000000e+02 5.480000000000000000e+02
8.340000000000000000e+02 5.480000000000000000e+02
8.340000000000000000e+02 5.490000000000000000e+02
8.320000000000000000e+02 5.510000000000000000e+02
8.320000000000000000e+02 5.510000000000000000e+02
8.330000000000000000e+02 5.490000000000000000e+02
8.330000000000000000e+02 5.500000000000000000e+02
8.360000000000000000e+02 5.510000000000000000e+02
8.380000000000000000e+02 5.510000000000000000e+02
8.380000000000000000e+02 5.500000000000000000e+02
8.370000000000000000e+02 5.490000000000000000e+02
8.370000000000000000e+02 5.540000000000000000e+02
8.390000000000000000e+02 5.550000000000000000e+02
8.390000000000000000e+02 5.540000000000000000e+02
8.390000000000000000e+02 5.540000000000000000e+02
8.400000000000000000e+02 5.540000000000000000e+02
8.410000000000000000e+02 5.540000000000000000e+02
8.420000000000000000e+02 5.560000000000000000e+02
8.420000000000000000e+02 5.570000000000000000e+02
8.410000000000000000e+02 5.540000000000000000e+02
8.400000000000000000e+02 5.530000000000000000e+02
8.410000000000000000e+02 5.510000000000000000e+02
8.440000000000000000e+02 5.510000000000000000e+02
8.450000000000000000e+02 5.500000000000000000e+02
8.440000000000000000e+02 5.510000000000000000e+02
8.440000000000000000e+02 5.500000000000000000e+02
8.440000000000000000e+02 5.510000000000000000e+02
8.460000000000000000e+02 5.500000000000000000e+02
8.440000000000000000e+02 5.500000000000000000e+02
8.450000000000000000e+02 5.500000000000000000e+02
8.440000000000000000e+02 5.510000000000000000e+02
8.420000000000000000e+02 5.480000000000000000e+02
8.430000000000000000e+02 5.470000000000000000e+02
8.440000000000000000e+02 5.480000000000000000e+02
8.440000000000000000e+02 5.460000000000000000e+02
8.460000000000000000e+02 5.450000000000000000e+02
8.500000000000000000e+02 5.440000000000000000e+02
8.530000000000000000e+02 5.420000000000000000e+02
8.570000000000000000e+02 5.440000000000000000e+02
8.610000000000000000e+02 5.450000000000000000e+02
8.660000000000000000e+02 5.420000000000000000e+02
8.700000000000000000e+02 5.410000000000000000e+02
8.750000000000000000e+02 5.420000000000000000e+02
8.800000000000000000e+02 5.430000000000000000e+02
8.830000000000000000e+02 5.430000000000000000e+02
8.880000000000000000e+02 5.420000000000000000e+02
8.940000000000000000e+02 5.420000000000000000e+02
9.000000000000000000e+02 5.400000000000000000e+02
9.040000000000000000e+02 5.420000000000000000e+02
9.100000000000000000e+02 5.430000000000000000e+02
9.170000000000000000e+02 5.450000000000000000e+02
9.250000000000000000e+02 5.440000000000000000e+02
9.320000000000000000e+02 5.450000000000000000e+02
9.420000000000000000e+02 5.450000000000000000e+02
9.470000000000000000e+02 5.460000000000000000e+02
9.530000000000000000e+02 5.440000000000000000e+02
9.580000000000000000e+02 5.450000000000000000e+02
9.640000000000000000e+02 5.470000000000000000e+02
9.700000000000000000e+02 5.470000000000000000e+02
9.760000000000000000e+02 5.490000000000000000e+02
9.830000000000000000e+02 5.470000000000000000e+02
9.880000000000000000e+02 5.490000000000000000e+02
9.950000000000000000e+02 5.490000000000000000e+02
1.000000000000000000e+03 5.490000000000000000e+02
1.009000000000000000e+03 5.500000000000000000e+02
1.015000000000000000e+03 5.520000000000000000e+02
1.021000000000000000e+03 5.540000000000000000e+02
1.028000000000000000e+03 5.540000000000000000e+02
1.035000000000000000e+03 5.550000000000000000e+02
1.042000000000000000e+03 5.530000000000000000e+02
1.048000000000000000e+03 5.530000000000000000e+02
1.053000000000000000e+03 5.510000000000000000e+02
1.058000000000000000e+03 5.520000000000000000e+02
1.061000000000000000e+03 5.510000000000000000e+02
1.064000000000000000e+03 5.500000000000000000e+02
1.067000000000000000e+03 5.510000000000000000e+02
1.070000000000000000e+03 5.520000000000000000e+02
1.072000000000000000e+03 5.520000000000000000e+02
