# frames 85, center=[1039, 393], duration=[0, 105], video=videos pinzas/slow/Pinza_2
1.039000000000000000e+03 3.930000000000000000e+02
1.039000000000000000e+03 3.930000000000000000e+02
1.039000000000000000e+03 3.930000000000000000e+02
1.037000000000000000e+03 3.920000000000000000e+02
1.037000000000000000e+03 3.930000000000000000e+02
1.037000000000000000e+03 3.920000000000000000e+02
1.037000000000000000e+03 3.920000000000000000e+02
1.038000000000000000e+03 3.920000000000000000e+02
1.038000000000000000e+03 3.920000000000000000e+02
1.039000000000000000e+03 3.930000000000000000e+02
1.039000000000000000e+03 3.930000000000000000e+02
1.039000000000000000e+03 3.930000000000000000e+02
1.039000000000000000e+03 3.920000000000000000e+02
1.038000000000000000e+03 3.940000000000000000e+02
1.038000000000000000e+03 3.950000000000000000e+02
1.038000000000000000e+03 3.950000000000000000e+02
1.039000000000000000e+03 3.950000000000000000e+02
1.039000000000000000e+03 3.960000000000000000e+02
1.041000000000000000e+03 3.960000000000000000e+02
1.042000000000000000e+03 3.970000000000000000e+02
1.043000000000000000e+03 3.960000000000000000e+02
1.043000000000000000e+03 3.960000000000000000e+02
1.044000000000000000e+03 3.960000000000000000e+02
1.044000000000000000e+03 3.970000000000000000e+02
1.044000000000000000e+03 3.980000000000000000e+02
1.044000000000000000e+03 3.980000000000000000e+02
1.043000000000000000e+03 3.980000000000000000e+02
1.043000000000000000e+03 3.990000000000000000e+02
1.042000000000000000e+03 3.990000000000000000e+02
1.042000000000000000e+03 4.000000000000000000e+02
1.041000000000000000e+03 4.000000000000000000e+02
1.040000000000000000e+03 3.990000000000000000e+02
1.041000000000000000e+03 4.000000000000000000e+02
1.041000000000000000e+03 4.010000000000000000e+02
1.041000000000000000e+03 4.020000000000000000e+02
1.042000000000000000e+03 4.030000000000000000e+02
1.043000000000000000e+03 4.020000000000000000e+02
1.044000000000000000e+03 4.020000000000000000e+02
1.043000000000000000e+03 4.020000000000000000e+02
1.043000000000000000e+03 4.020000000000000000e+02
1.044000000000000000e+03 4.030000000000000000e+02
1.044000000000000000e+03 4.040000000000000000e+02
1.047000000000000000e+03 4.040000000000000000e+02
1.050000000000000000e+03 4.020000000000000000e+02
1.054000000000000000e+03 4.020000000000000000e+02
1.058000000000000000e+03 4.020000000000000000e+02
1.063000000000000000e+03 4.010000000000000000e+02
1.068000000000000000e+03 4.010000000000000000e+02
1.074000000000000000e+03 4.030000000000000000e+02
1.078000000000000000e+03 4.020000000000000000e+02
1.085000000000000000e+03 4.030000000000000000e+02
1.089000000000000000e+03 4.050000000000000000e+02
1.095000000000000000e+03 4.050000000000000000e+02
1.101000000000000000e+03 4.060000000000000000e+02
1.107000000000000000e+03 4.040000000000000000e+02
1.112000000000000000e+03 4.050000000000000000e+02
1.118000000000000000e+03 4.060000000000000000e+02
1.124000000000000000e+03 4.070000000000000000e+02
1.130000000000000000e+03 4.070000000000000000e+02
1.136000000000000000e+03 4.070000000000000000e+02
1.141000000000000000e+03 4.050000000000000000e+02
1.146000000000000000e+03 4.060000000000000000e+02
1.152000000000000000e+03 4.060000000000000000e+02
1.159000000000000000e+03 4.070000000000000000e+02
1.164000000000000000e+03 4.070000000000000000e+02
1.170000000000000000e+03 4.080000000000000000e+02
1.175000000000000000e+03 4.070000000000000000e+02
1.182000000000000000e+03 4.080000000000000000e+02
1.187000000000000000e+03 4.090000000000000000e+02
1.193000000000000000e+03 4.090000000000000000e+02
1.200000000000000000e+03 4.080000000000000000e+02
1.204000000000000000e+03 4.080000000000000000e+02
1.210000000000000000e+03 4.080000000000000000e+02
1.217000000000000000e+03 4.080000000000000000e+02
1.224000000000000000e+03 4.080000000000000000e+02
1.229000000000000000e+03 4.090000000000000000e+02
1.236000000000000000e+03 4.100000000000000000e+02
1.242000000000000000e+03 4.110000000000000000e+02
1.249000000000000000e+03 4.100000000000000000e+02
1.254000000000000000e+03 4.110000000000000000e+02
1.257000000000000000e+03 4.120000000000000000e+02
1.262000000000000000e+03 4.130000000000000000e+02
1.265000000000000000e+03 4.140000000000000000e+02
1.268000000000000000e+03 4.150000000000000000e+02
1.271000000000000000e+03 4.160000000000000000e+02
