# frames 85, center=[992, 679], duration=[0, 105], video=videos pinzas/slow/Pinza_2
9.920000000000000000e+02 6.790000000000000000e+02
9.920000000000000000e+02 6.790000000000000000e+02
9.920000000000000000e+02 6.790000000000000000e+02
9.910000000000000000e+02 6.790000000000000000e+02
9.910000000000000000e+02 6.790000000000000000e+02
9.910000000000000000e+02 6.780000000000000000e+02
9.920000000000000000e+02 6.800000000000000000e+02
9.940000000000000000e+02 6.800000000000000000e+02
9.950000000000000000e+02 6.790000000000000000e+02
9.950000000000000000e+02 6.780000000000000000e+02
9.950000000000000000e+02 6.780000000000000000e+02
9.950000000000000000e+02 6.780000000000000000e+02
9.960000000000000000e+02 6.770000000000000000e+02
9.970000000000000000e+02 6.770000000000000000e+02
9.980000000000000000e+02 6.780000000000000000e+02
9.980000000000000000e+02 6.780000000000000000e+02
9.960000000000000000e+02 6.770000000000000000e+02
9.960000000000000000e+02 6.770000000000000000e+02
9.960000000000000000e+02 6.760000000000000000e+02
9.960000000000000000e+02 6.740000000000000000e+02
9.970000000000000000e+02 6.750000000000000000e+02
9.980000000000000000e+02 6.760000000000000000e+02
9.990000000000000000e+02 6.750000000000000000e+02
1.000000000000000000e+03 6.740000000000000000e+02
1.001000000000000000e+03 6.750000000000000000e+02
1.001000000000000000e+03 6.740000000000000000e+02
1.001000000000000000e+03 6.740000000000000000e+02
1.000000000000000000e+03 6.740000000000000000e+02
1.000000000000000000e+03 6.730000000000000000e+02
1.000000000000000000e+03 6.730000000000000000e+02
1.000000000000000000e+03 6.720000000000000000e+02
1.000000000000000000e+03 6.730000000000000000e+02
1.000000000000000000e+03 6.730000000000000000e+02
9.990000000000000000e+02 6.720000000000000000e+02
9.990000000000000000e+02 6.720000000000000000e+02
9.990000000000000000e+02 6.710000000000000000e+02
9.980000000000000000e+02 6.710000000000000000e+02
9.980000000000000000e+02 6.710000000000000000e+02
9.980000000000000000e+02 6.720000000000000000e+02
9.980000000000000000e+02 6.710000000000000000e+02
9.970000000000000000e+02 6.720000000000000000e+02
9.970000000000000000e+02 6.720000000000000000e+02
1.001000000000000000e+03 6.700000000000000000e+02
1.004000000000000000e+03 6.690000000000000000e+02
1.008000000000000000e+03 6.690000000000000000e+02
1.012000000000000000e+03 6.700000000000000000e+02
1.017000000000000000e+03 6.700000000000000000e+02
1.022000000000000000e+03 6.700000000000000000e+02
1.027000000000000000e+03 6.710000000000000000e+02
1.034000000000000000e+03 6.730000000000000000e+02
1.041000000000000000e+03 6.720000000000000000e+02
1.046000000000000000e+03 6.740000000000000000e+02
1.050000000000000000e+03 6.750000000000000000e+02
1.056000000000000000e+03 6.740000000000000000e+02
1.064000000000000000e+03 6.760000000000000000e+02
1.070000000000000000e+03 6.760000000000000000e+02
1.076000000000000000e+03 6.750000000000000000e+02
1.082000000000000000e+03 6.770000000000000000e+02
1.087000000000000000e+03 6.780000000000000000e+02
1.097000000000000000e+03 6.790000000000000000e+02
1.104000000000000000e+03 6.760000000000000000e+02
1.109000000000000000e+03 6.770000000000000000e+02
1.116000000000000000e+03 6.780000000000000000e+02
1.123000000000000000e+03 6.770000000000000000e+02
1.128000000000000000e+03 6.770000000000000000e+02
1.131000000000000000e+03 6.770000000000000000e+02
1.140000000000000000e+03 6.750000000000000000e+02
1.144000000000000000e+03 6.780000000000000000e+02
1.150000000000000000e+03 6.780000000000000000e+02
1.156000000000000000e+03 6.730000000000000000e+02
1.164000000000000000e+03 6.730000000000000000e+02
1.167000000000000000e+03 6.680000000000000000e+02
1.172000000000000000e+03 6.670000000000000000e+02
1.177000000000000000e+03 6.660000000000000000e+02
1.184000000000000000e+03 6.660000000000000000e+02
1.191000000000000000e+03 6.660000000000000000e+02
1.198000000000000000e+03 6.690000000000000000e+02
1.205000000000000000e+03 6.720000000000000000e+02
1.213000000000000000e+03 6.770000000000000000e+02
1.215000000000000000e+03 6.740000000000000000e+02
1.218000000000000000e+03 6.730000000000000000e+02
1.223000000000000000e+03 6.790000000000000000e+02
1.227000000000000000e+03 6.780000000000000000e+02
1.230000000000000000e+03 6.740000000000000000e+02
1.231000000000000000e+03 6.800000000000000000e+02
