# frames 85, center=[1031, 586], duration=[0, 105], video=videos pinzas/slow/Pinza_2
1.031000000000000000e+03 5.860000000000000000e+02
1.031000000000000000e+03 5.860000000000000000e+02
1.031000000000000000e+03 5.860000000000000000e+02
1.031000000000000000e+03 5.870000000000000000e+02
1.030000000000000000e+03 5.880000000000000000e+02
1.030000000000000000e+03 5.870000000000000000e+02
1.030000000000000000e+03 5.880000000000000000e+02
1.030000000000000000e+03 5.890000000000000000e+02
1.031000000000000000e+03 5.890000000000000000e+02
1.031000000000000000e+03 5.880000000000000000e+02
1.031000000000000000e+03 5.880000000000000000e+02
1.031000000000000000e+03 5.890000000000000000e+02
1.033000000000000000e+03 5.890000000000000000e+02
1.034000000000000000e+03 5.900000000000000000e+02
1.032000000000000000e+03 5.890000000000000000e+02
1.032000000000000000e+03 5.900000000000000000e+02
1.030000000000000000e+03 5.890000000000000000e+02
1.031000000000000000e+03 5.890000000000000000e+02
1.031000000000000000e+03 5.900000000000000000e+02
1.031000000000000000e+03 5.910000000000000000e+02
1.032000000000000000e+03 5.920000000000000000e+02
1.033000000000000000e+03 5.920000000000000000e+02
1.031000000000000000e+03 5.920000000000000000e+02
1.032000000000000000e+03 5.920000000000000000e+02
1.031000000000000000e+03 5.930000000000000000e+02
1.031000000000000000e+03 5.950000000000000000e+02
1.031000000000000000e+03 5.940000000000000000e+02
1.031000000000000000e+03 5.940000000000000000e+02
1.030000000000000000e+03 5.940000000000000000e+02
1.031000000000000000e+03 5.940000000000000000e+02
1.032000000000000000e+03 5.960000000000000000e+02
1.032000000000000000e+03 5.960000000000000000e+02
1.033000000000000000e+03 5.950000000000000000e+02
1.032000000000000000e+03 5.960000000000000000e+02
1.034000000000000000e+03 5.960000000000000000e+02
1.032000000000000000e+03 5.960000000000000000e+02
1.033000000000000000e+03 5.960000000000000000e+02
1.033000000000000000e+03 5.960000000000000000e+02
1.033000000000000000e+03 5.960000000000000000e+02
1.033000000000000000e+03 5.950000000000000000e+02
1.034000000000000000e+03 5.960000000000000000e+02
1.033000000000000000e+03 5.970000000000000000e+02
1.035000000000000000e+03 5.970000000000000000e+02
1.039000000000000000e+03 5.950000000000000000e+02
1.044000000000000000e+03 5.930000000000000000e+02
1.049000000000000000e+03 5.940000000000000000e+02
1.055000000000000000e+03 5.930000000000000000e+02
1.060000000000000000e+03 5.930000000000000000e+02
1.065000000000000000e+03 5.920000000000000000e+02
1.071000000000000000e+03 5.910000000000000000e+02
1.077000000000000000e+03 5.920000000000000000e+02
1.083000000000000000e+03 5.920000000000000000e+02
1.089000000000000000e+03 5.910000000000000000e+02
1.096000000000000000e+03 5.920000000000000000e+02
1.102000000000000000e+03 5.920000000000000000e+02
1.109000000000000000e+03 5.920000000000000000e+02
1.114000000000000000e+03 5.920000000000000000e+02
1.120000000000000000e+03 5.900000000000000000e+02
1.128000000000000000e+03 5.910000000000000000e+02
1.134000000000000000e+03 5.910000000000000000e+02
1.138000000000000000e+03 5.900000000000000000e+02
1.145000000000000000e+03 5.910000000000000000e+02
1.151000000000000000e+03 5.910000000000000000e+02
1.157000000000000000e+03 5.900000000000000000e+02
1.162000000000000000e+03 5.900000000000000000e+02
1.168000000000000000e+03 5.900000000000000000e+02
1.173000000000000000e+03 5.900000000000000000e+02
1.179000000000000000e+03 5.900000000000000000e+02
1.184000000000000000e+03 5.880000000000000000e+02
1.190000000000000000e+03 5.890000000000000000e+02
1.195000000000000000e+03 5.880000000000000000e+02
1.201000000000000000e+03 5.890000000000000000e+02
1.207000000000000000e+03 5.890000000000000000e+02
1.214000000000000000e+03 5.890000000000000000e+02
1.220000000000000000e+03 5.920000000000000000e+02
1.227000000000000000e+03 5.930000000000000000e+02
1.232000000000000000e+03 5.920000000000000000e+02
1.238000000000000000e+03 5.920000000000000000e+02
1.243000000000000000e+03 5.930000000000000000e+02
1.247000000000000000e+03 5.940000000000000000e+02
1.251000000000000000e+03 5.950000000000000000e+02
1.255000000000000000e+03 5.960000000000000000e+02
1.259000000000000000e+03 5.970000000000000000e+02
1.263000000000000000e+03 5.980000000000000000e+02
1.267000000000000000e+03 5.990000000000000000e+02
