# frames 85, center=[1065, 185], duration=[0, 105], video=videos pinzas/slow/Pinza_2
1.065000000000000000e+03 1.850000000000000000e+02
1.065000000000000000e+03 1.850000000000000000e+02
1.065000000000000000e+03 1.850000000000000000e+02
1.068000000000000000e+03 1.820000000000000000e+02
1.067000000000000000e+03 1.860000000000000000e+02
1.066000000000000000e+03 1.880000000000000000e+02
1.064000000000000000e+03 1.880000000000000000e+02
1.065000000000000000e+03 1.890000000000000000e+02
1.067000000000000000e+03 1.920000000000000000e+02
1.068000000000000000e+03 1.940000000000000000e+02
1.066000000000000000e+03 1.960000000000000000e+02
1.064000000000000000e+03 1.930000000000000000e+02
1.068000000000000000e+03 1.960000000000000000e+02
1.065000000000000000e+03 1.920000000000000000e+02
1.064000000000000000e+03 1.930000000000000000e+02
1.067000000000000000e+03 1.900000000000000000e+02
1.065000000000000000e+03 1.880000000000000000e+02
1.065000000000000000e+03 1.850000000000000000e+02
1.060000000000000000e+03 1.830000000000000000e+02
1.061000000000000000e+03 1.830000000000000000e+02
1.063000000000000000e+03 1.820000000000000000e+02
1.064000000000000000e+03 1.860000000000000000e+02
1.064000000000000000e+03 1.860000000000000000e+02
1.065000000000000000e+03 1.870000000000000000e+02
1.067000000000000000e+03 1.920000000000000000e+02
1.068000000000000000e+03 1.920000000000000000e+02
1.068000000000000000e+03 1.930000000000000000e+02
1.070000000000000000e+03 1.950000000000000000e+02
1.071000000000000000e+03 1.920000000000000000e+02
1.073000000000000000e+03 1.910000000000000000e+02
1.073000000000000000e+03 1.930000000000000000e+02
1.072000000000000000e+03 1.910000000000000000e+02
1.072000000000000000e+03 1.850000000000000000e+02
1.072000000000000000e+03 1.860000000000000000e+02
1.077000000000000000e+03 1.850000000000000000e+02
1.076000000000000000e+03 1.880000000000000000e+02
1.078000000000000000e+03 1.900000000000000000e+02
1.075000000000000000e+03 1.900000000000000000e+02
1.074000000000000000e+03 1.840000000000000000e+02
1.075000000000000000e+03 1.850000000000000000e+02
1.076000000000000000e+03 1.890000000000000000e+02
1.075000000000000000e+03 1.860000000000000000e+02
1.076000000000000000e+03 1.850000000000000000e+02
1.076000000000000000e+03 1.820000000000000000e+02
1.079000000000000000e+03 1.810000000000000000e+02
1.083000000000000000e+03 1.790000000000000000e+02
1.089000000000000000e+03 1.770000000000000000e+02
1.092000000000000000e+03 1.760000000000000000e+02
1.096000000000000000e+03 1.760000000000000000e+02
1.102000000000000000e+03 1.760000000000000000e+02
1.108000000000000000e+03 1.770000000000000000e+02
1.117000000000000000e+03 1.770000000000000000e+02
1.121000000000000000e+03 1.810000000000000000e+02
1.128000000000000000e+03 1.820000000000000000e+02
1.132000000000000000e+03 1.820000000000000000e+02
1.136000000000000000e+03 1.790000000000000000e+02
1.139000000000000000e+03 1.820000000000000000e+02
1.146000000000000000e+03 1.800000000000000000e+02
1.150000000000000000e+03 1.840000000000000000e+02
1.157000000000000000e+03 1.830000000000000000e+02
1.162000000000000000e+03 1.840000000000000000e+02
1.169000000000000000e+03 1.840000000000000000e+02
1.176000000000000000e+03 1.840000000000000000e+02
1.181000000000000000e+03 1.880000000000000000e+02
1.185000000000000000e+03 1.890000000000000000e+02
1.191000000000000000e+03 1.910000000000000000e+02
1.198000000000000000e+03 1.900000000000000000e+02
1.205000000000000000e+03 1.920000000000000000e+02
1.212000000000000000e+03 1.930000000000000000e+02
1.215000000000000000e+03 1.930000000000000000e+02
1.225000000000000000e+03 1.930000000000000000e+02
1.231000000000000000e+03 1.940000000000000000e+02
1.239000000000000000e+03 1.950000000000000000e+02
1.244000000000000000e+03 1.930000000000000000e+02
1.246000000000000000e+03 1.930000000000000000e+02
1.252000000000000000e+03 1.930000000000000000e+02
1.258000000000000000e+03 1.910000000000000000e+02
1.265000000000000000e+03 1.910000000000000000e+02
1.272000000000000000e+03 1.910000000000000000e+02
1.279000000000000000e+03 1.910000000000000000e+02
1.266000000000000000e+03 1.930000000000000000e+02
1.253000000000000000e+03 1.950000000000000000e+02
1.250000000000000000e+03 1.940000000000000000e+02
1.252000000000000000e+03 1.960000000000000000e+02
1.253000000000000000e+03 1.930000000000000000e+02
