# frames 75, center=[162, 758], duration=[1170, 1275], video=browniano sol 2_0
1.620000000000000000e+02 7.580000000000000000e+02
1.620000000000000000e+02 7.580000000000000000e+02
1.620000000000000000e+02 7.580000000000000000e+02
1.630000000000000000e+02 7.590000000000000000e+02
1.630000000000000000e+02 7.590000000000000000e+02
1.620000000000000000e+02 7.590000000000000000e+02
1.630000000000000000e+02 7.590000000000000000e+02
1.640000000000000000e+02 7.590000000000000000e+02
1.650000000000000000e+02 7.600000000000000000e+02
1.640000000000000000e+02 7.600000000000000000e+02
1.640000000000000000e+02 7.600000000000000000e+02
1.650000000000000000e+02 7.600000000000000000e+02
1.660000000000000000e+02 7.610000000000000000e+02
1.660000000000000000e+02 7.610000000000000000e+02
1.650000000000000000e+02 7.610000000000000000e+02
1.650000000000000000e+02 7.600000000000000000e+02
1.660000000000000000e+02 7.610000000000000000e+02
1.660000000000000000e+02 7.610000000000000000e+02
1.660000000000000000e+02 7.620000000000000000e+02
1.660000000000000000e+02 7.620000000000000000e+02
1.660000000000000000e+02 7.610000000000000000e+02
1.660000000000000000e+02 7.600000000000000000e+02
1.660000000000000000e+02 7.590000000000000000e+02
1.660000000000000000e+02 7.600000000000000000e+02
1.650000000000000000e+02 7.600000000000000000e+02
1.650000000000000000e+02 7.590000000000000000e+02
1.650000000000000000e+02 7.590000000000000000e+02
1.660000000000000000e+02 7.590000000000000000e+02
1.660000000000000000e+02 7.580000000000000000e+02
1.660000000000000000e+02 7.580000000000000000e+02
1.680000000000000000e+02 7.570000000000000000e+02
1.680000000000000000e+02 7.570000000000000000e+02
1.670000000000000000e+02 7.570000000000000000e+02
1.680000000000000000e+02 7.560000000000000000e+02
1.690000000000000000e+02 7.560000000000000000e+02
1.700000000000000000e+02 7.560000000000000000e+02
1.700000000000000000e+02 7.560000000000000000e+02
1.700000000000000000e+02 7.560000000000000000e+02
1.690000000000000000e+02 7.560000000000000000e+02
1.690000000000000000e+02 7.550000000000000000e+02
1.680000000000000000e+02 7.550000000000000000e+02
1.680000000000000000e+02 7.550000000000000000e+02
1.680000000000000000e+02 7.550000000000000000e+02
1.690000000000000000e+02 7.550000000000000000e+02
1.680000000000000000e+02 7.550000000000000000e+02
1.680000000000000000e+02 7.550000000000000000e+02
1.680000000000000000e+02 7.530000000000000000e+02
1.670000000000000000e+02 7.530000000000000000e+02
1.670000000000000000e+02 7.530000000000000000e+02
1.660000000000000000e+02 7.540000000000000000e+02
1.660000000000000000e+02 7.540000000000000000e+02
1.670000000000000000e+02 7.540000000000000000e+02
1.660000000000000000e+02 7.550000000000000000e+02
1.660000000000000000e+02 7.550000000000000000e+02
1.660000000000000000e+02 7.550000000000000000e+02
1.670000000000000000e+02 7.570000000000000000e+02
1.660000000000000000e+02 7.560000000000000000e+02
1.660000000000000000e+02 7.550000000000000000e+02
1.650000000000000000e+02 7.550000000000000000e+02
1.650000000000000000e+02 7.560000000000000000e+02
1.660000000000000000e+02 7.560000000000000000e+02
1.650000000000000000e+02 7.550000000000000000e+02
1.660000000000000000e+02 7.550000000000000000e+02
1.660000000000000000e+02 7.550000000000000000e+02
1.660000000000000000e+02 7.550000000000000000e+02
1.640000000000000000e+02 7.550000000000000000e+02
1.650000000000000000e+02 7.540000000000000000e+02
1.650000000000000000e+02 7.540000000000000000e+02
1.660000000000000000e+02 7.530000000000000000e+02
1.650000000000000000e+02 7.530000000000000000e+02
1.650000000000000000e+02 7.530000000000000000e+02
1.660000000000000000e+02 7.530000000000000000e+02
1.640000000000000000e+02 7.530000000000000000e+02
1.640000000000000000e+02 7.530000000000000000e+02
1.630000000000000000e+02 7.530000000000000000e+02
