# frames 101, center=[964, 132], duration=[0, 100], video=videos browniano 1/Browniano
9.640000000000000000e+02 1.320000000000000000e+02
9.640000000000000000e+02 1.320000000000000000e+02
9.640000000000000000e+02 1.320000000000000000e+02
9.650000000000000000e+02 1.310000000000000000e+02
9.640000000000000000e+02 1.320000000000000000e+02
9.640000000000000000e+02 1.340000000000000000e+02
9.630000000000000000e+02 1.360000000000000000e+02
9.620000000000000000e+02 1.350000000000000000e+02
9.630000000000000000e+02 1.350000000000000000e+02
9.590000000000000000e+02 1.350000000000000000e+02
9.590000000000000000e+02 1.320000000000000000e+02
9.590000000000000000e+02 1.320000000000000000e+02
9.580000000000000000e+02 1.320000000000000000e+02
9.600000000000000000e+02 1.320000000000000000e+02
9.570000000000000000e+02 1.300000000000000000e+02
9.580000000000000000e+02 1.300000000000000000e+02
9.600000000000000000e+02 1.310000000000000000e+02
9.550000000000000000e+02 1.310000000000000000e+02
9.550000000000000000e+02 1.320000000000000000e+02
9.540000000000000000e+02 1.350000000000000000e+02
9.520000000000000000e+02 1.330000000000000000e+02
9.560000000000000000e+02 1.340000000000000000e+02
9.540000000000000000e+02 1.320000000000000000e+02
9.540000000000000000e+02 1.310000000000000000e+02
9.550000000000000000e+02 1.320000000000000000e+02
9.530000000000000000e+02 1.310000000000000000e+02
9.550000000000000000e+02 1.320000000000000000e+02
9.510000000000000000e+02 1.320000000000000000e+02
9.520000000000000000e+02 1.310000000000000000e+02
9.570000000000000000e+02 1.310000000000000000e+02
9.560000000000000000e+02 1.310000000000000000e+02
9.540000000000000000e+02 1.290000000000000000e+02
9.530000000000000000e+02 1.280000000000000000e+02
9.520000000000000000e+02 1.290000000000000000e+02
9.520000000000000000e+02 1.290000000000000000e+02
9.470000000000000000e+02 1.280000000000000000e+02
9.470000000000000000e+02 1.290000000000000000e+02
9.470000000000000000e+02 1.290000000000000000e+02
9.470000000000000000e+02 1.280000000000000000e+02
9.470000000000000000e+02 1.290000000000000000e+02
9.470000000000000000e+02 1.260000000000000000e+02
9.460000000000000000e+02 1.240000000000000000e+02
9.470000000000000000e+02 1.230000000000000000e+02
9.460000000000000000e+02 1.200000000000000000e+02
9.490000000000000000e+02 1.190000000000000000e+02
9.520000000000000000e+02 1.200000000000000000e+02
9.510000000000000000e+02 1.210000000000000000e+02
9.490000000000000000e+02 1.200000000000000000e+02
9.450000000000000000e+02 1.190000000000000000e+02
9.440000000000000000e+02 1.210000000000000000e+02
9.410000000000000000e+02 1.180000000000000000e+02
9.420000000000000000e+02 1.210000000000000000e+02
9.450000000000000000e+02 1.220000000000000000e+02
9.430000000000000000e+02 1.190000000000000000e+02
9.460000000000000000e+02 1.210000000000000000e+02
9.430000000000000000e+02 1.200000000000000000e+02
9.420000000000000000e+02 1.190000000000000000e+02
9.400000000000000000e+02 1.140000000000000000e+02
9.420000000000000000e+02 1.190000000000000000e+02
9.380000000000000000e+02 1.230000000000000000e+02
9.370000000000000000e+02 1.220000000000000000e+02
9.400000000000000000e+02 1.230000000000000000e+02
9.370000000000000000e+02 1.240000000000000000e+02
9.380000000000000000e+02 1.240000000000000000e+02
9.430000000000000000e+02 1.230000000000000000e+02
9.400000000000000000e+02 1.150000000000000000e+02
9.420000000000000000e+02 1.160000000000000000e+02
9.400000000000000000e+02 1.140000000000000000e+02
9.390000000000000000e+02 1.140000000000000000e+02
9.420000000000000000e+02 1.140000000000000000e+02
9.380000000000000000e+02 1.150000000000000000e+02
9.420000000000000000e+02 1.160000000000000000e+02
9.420000000000000000e+02 1.150000000000000000e+02
9.410000000000000000e+02 1.140000000000000000e+02
9.410000000000000000e+02 1.150000000000000000e+02
9.340000000000000000e+02 1.220000000000000000e+02
9.350000000000000000e+02 1.210000000000000000e+02
9.350000000000000000e+02 1.230000000000000000e+02
9.300000000000000000e+02 1.220000000000000000e+02
9.310000000000000000e+02 1.230000000000000000e+02
9.300000000000000000e+02 1.210000000000000000e+02
9.300000000000000000e+02 1.200000000000000000e+02
9.300000000000000000e+02 1.170000000000000000e+02
9.280000000000000000e+02 1.180000000000000000e+02
9.340000000000000000e+02 1.210000000000000000e+02
9.280000000000000000e+02 1.220000000000000000e+02
9.300000000000000000e+02 1.220000000000000000e+02
9.290000000000000000e+02 1.230000000000000000e+02
9.310000000000000000e+02 1.210000000000000000e+02
9.320000000000000000e+02 1.230000000000000000e+02
9.320000000000000000e+02 1.220000000000000000e+02
9.310000000000000000e+02 1.240000000000000000e+02
9.290000000000000000e+02 1.240000000000000000e+02
9.320000000000000000e+02 1.250000000000000000e+02
9.340000000000000000e+02 1.260000000000000000e+02
9.340000000000000000e+02 1.250000000000000000e+02
9.380000000000000000e+02 1.280000000000000000e+02
9.320000000000000000e+02 1.250000000000000000e+02
9.350000000000000000e+02 1.260000000000000000e+02
9.360000000000000000e+02 1.280000000000000000e+02
9.350000000000000000e+02 1.260000000000000000e+02
