# frames 101, center=[935, 139], duration=[200, 300], video=videos browniano 1/Browniano
9.350000000000000000e+02 1.390000000000000000e+02
9.350000000000000000e+02 1.390000000000000000e+02
9.350000000000000000e+02 1.390000000000000000e+02
9.350000000000000000e+02 1.390000000000000000e+02
9.380000000000000000e+02 1.410000000000000000e+02
9.350000000000000000e+02 1.400000000000000000e+02
9.380000000000000000e+02 1.430000000000000000e+02
9.370000000000000000e+02 1.440000000000000000e+02
9.360000000000000000e+02 1.430000000000000000e+02
9.370000000000000000e+02 1.450000000000000000e+02
9.380000000000000000e+02 1.430000000000000000e+02
9.390000000000000000e+02 1.420000000000000000e+02
9.370000000000000000e+02 1.420000000000000000e+02
9.360000000000000000e+02 1.410000000000000000e+02
9.380000000000000000e+02 1.410000000000000000e+02
9.350000000000000000e+02 1.410000000000000000e+02
9.350000000000000000e+02 1.390000000000000000e+02
9.360000000000000000e+02 1.390000000000000000e+02
9.390000000000000000e+02 1.370000000000000000e+02
9.420000000000000000e+02 1.390000000000000000e+02
9.390000000000000000e+02 1.380000000000000000e+02
9.390000000000000000e+02 1.380000000000000000e+02
9.400000000000000000e+02 1.390000000000000000e+02
9.390000000000000000e+02 1.380000000000000000e+02
9.390000000000000000e+02 1.380000000000000000e+02
9.390000000000000000e+02 1.380000000000000000e+02
9.380000000000000000e+02 1.380000000000000000e+02
9.370000000000000000e+02 1.390000000000000000e+02
9.350000000000000000e+02 1.390000000000000000e+02
9.360000000000000000e+02 1.390000000000000000e+02
9.380000000000000000e+02 1.410000000000000000e+02
9.360000000000000000e+02 1.430000000000000000e+02
9.380000000000000000e+02 1.470000000000000000e+02
9.340000000000000000e+02 1.460000000000000000e+02
9.350000000000000000e+02 1.460000000000000000e+02
9.360000000000000000e+02 1.470000000000000000e+02
9.330000000000000000e+02 1.430000000000000000e+02
9.340000000000000000e+02 1.460000000000000000e+02
9.330000000000000000e+02 1.480000000000000000e+02
9.300000000000000000e+02 1.480000000000000000e+02
9.330000000000000000e+02 1.500000000000000000e+02
9.310000000000000000e+02 1.510000000000000000e+02
9.320000000000000000e+02 1.510000000000000000e+02
9.330000000000000000e+02 1.530000000000000000e+02
9.330000000000000000e+02 1.520000000000000000e+02
9.360000000000000000e+02 1.530000000000000000e+02
9.340000000000000000e+02 1.510000000000000000e+02
9.360000000000000000e+02 1.520000000000000000e+02
9.380000000000000000e+02 1.520000000000000000e+02
9.350000000000000000e+02 1.500000000000000000e+02
9.370000000000000000e+02 1.530000000000000000e+02
9.350000000000000000e+02 1.500000000000000000e+02
9.370000000000000000e+02 1.490000000000000000e+02
9.380000000000000000e+02 1.500000000000000000e+02
9.360000000000000000e+02 1.510000000000000000e+02
9.360000000000000000e+02 1.520000000000000000e+02
9.370000000000000000e+02 1.530000000000000000e+02
9.370000000000000000e+02 1.540000000000000000e+02
9.380000000000000000e+02 1.580000000000000000e+02
9.360000000000000000e+02 1.590000000000000000e+02
9.360000000000000000e+02 1.610000000000000000e+02
9.350000000000000000e+02 1.580000000000000000e+02
9.370000000000000000e+02 1.600000000000000000e+02
9.370000000000000000e+02 1.630000000000000000e+02
9.330000000000000000e+02 1.630000000000000000e+02
9.350000000000000000e+02 1.630000000000000000e+02
9.340000000000000000e+02 1.640000000000000000e+02
9.310000000000000000e+02 1.640000000000000000e+02
9.320000000000000000e+02 1.660000000000000000e+02
9.290000000000000000e+02 1.640000000000000000e+02
9.300000000000000000e+02 1.620000000000000000e+02
9.330000000000000000e+02 1.640000000000000000e+02
9.330000000000000000e+02 1.630000000000000000e+02
9.320000000000000000e+02 1.640000000000000000e+02
9.300000000000000000e+02 1.610000000000000000e+02
9.310000000000000000e+02 1.610000000000000000e+02
9.300000000000000000e+02 1.620000000000000000e+02
9.300000000000000000e+02 1.650000000000000000e+02
9.330000000000000000e+02 1.670000000000000000e+02
9.300000000000000000e+02 1.670000000000000000e+02
9.310000000000000000e+02 1.650000000000000000e+02
9.330000000000000000e+02 1.700000000000000000e+02
9.300000000000000000e+02 1.670000000000000000e+02
9.330000000000000000e+02 1.670000000000000000e+02
9.310000000000000000e+02 1.660000000000000000e+02
9.320000000000000000e+02 1.620000000000000000e+02
9.280000000000000000e+02 1.640000000000000000e+02
9.280000000000000000e+02 1.640000000000000000e+02
9.280000000000000000e+02 1.630000000000000000e+02
9.290000000000000000e+02 1.650000000000000000e+02
9.270000000000000000e+02 1.630000000000000000e+02
9.300000000000000000e+02 1.650000000000000000e+02
9.280000000000000000e+02 1.620000000000000000e+02
9.280000000000000000e+02 1.620000000000000000e+02
9.280000000000000000e+02 1.640000000000000000e+02
9.250000000000000000e+02 1.620000000000000000e+02
9.290000000000000000e+02 1.640000000000000000e+02
9.280000000000000000e+02 1.610000000000000000e+02
9.290000000000000000e+02 1.620000000000000000e+02
9.300000000000000000e+02 1.620000000000000000e+02
9.280000000000000000e+02 1.610000000000000000e+02
