# frames 101, center=[921, 179], duration=[400, 500], video=videos browniano 1/Browniano
9.210000000000000000e+02 1.790000000000000000e+02
9.210000000000000000e+02 1.790000000000000000e+02
9.210000000000000000e+02 1.790000000000000000e+02
9.200000000000000000e+02 1.840000000000000000e+02
9.180000000000000000e+02 1.840000000000000000e+02
9.170000000000000000e+02 1.850000000000000000e+02
9.190000000000000000e+02 1.850000000000000000e+02
9.150000000000000000e+02 1.870000000000000000e+02
9.170000000000000000e+02 1.880000000000000000e+02
9.160000000000000000e+02 1.910000000000000000e+02
9.150000000000000000e+02 1.910000000000000000e+02
9.150000000000000000e+02 1.920000000000000000e+02
9.130000000000000000e+02 1.910000000000000000e+02
9.160000000000000000e+02 1.930000000000000000e+02
9.160000000000000000e+02 1.940000000000000000e+02
9.130000000000000000e+02 1.910000000000000000e+02
9.140000000000000000e+02 1.920000000000000000e+02
9.080000000000000000e+02 1.920000000000000000e+02
9.090000000000000000e+02 1.910000000000000000e+02
9.090000000000000000e+02 1.890000000000000000e+02
9.070000000000000000e+02 1.900000000000000000e+02
9.080000000000000000e+02 1.920000000000000000e+02
9.050000000000000000e+02 1.920000000000000000e+02
9.060000000000000000e+02 1.920000000000000000e+02
9.040000000000000000e+02 1.920000000000000000e+02
9.050000000000000000e+02 1.910000000000000000e+02
9.050000000000000000e+02 1.910000000000000000e+02
9.070000000000000000e+02 1.930000000000000000e+02
9.070000000000000000e+02 1.940000000000000000e+02
9.040000000000000000e+02 1.960000000000000000e+02
9.030000000000000000e+02 1.950000000000000000e+02
9.040000000000000000e+02 1.960000000000000000e+02
9.040000000000000000e+02 1.960000000000000000e+02
9.070000000000000000e+02 1.950000000000000000e+02
9.070000000000000000e+02 1.940000000000000000e+02
9.060000000000000000e+02 1.920000000000000000e+02
9.070000000000000000e+02 1.920000000000000000e+02
9.060000000000000000e+02 1.910000000000000000e+02
9.080000000000000000e+02 1.910000000000000000e+02
9.120000000000000000e+02 1.890000000000000000e+02
9.100000000000000000e+02 1.910000000000000000e+02
9.100000000000000000e+02 1.920000000000000000e+02
9.090000000000000000e+02 1.910000000000000000e+02
9.080000000000000000e+02 1.920000000000000000e+02
9.090000000000000000e+02 1.930000000000000000e+02
9.090000000000000000e+02 1.930000000000000000e+02
9.080000000000000000e+02 1.930000000000000000e+02
9.060000000000000000e+02 1.940000000000000000e+02
9.090000000000000000e+02 1.910000000000000000e+02
9.120000000000000000e+02 1.930000000000000000e+02
9.080000000000000000e+02 1.900000000000000000e+02
9.090000000000000000e+02 1.920000000000000000e+02
9.100000000000000000e+02 1.920000000000000000e+02
9.080000000000000000e+02 1.900000000000000000e+02
9.090000000000000000e+02 1.930000000000000000e+02
9.080000000000000000e+02 1.900000000000000000e+02
9.080000000000000000e+02 1.910000000000000000e+02
9.090000000000000000e+02 1.920000000000000000e+02
9.090000000000000000e+02 1.920000000000000000e+02
9.130000000000000000e+02 1.930000000000000000e+02
9.100000000000000000e+02 1.930000000000000000e+02
9.120000000000000000e+02 1.950000000000000000e+02
9.130000000000000000e+02 1.950000000000000000e+02
9.130000000000000000e+02 1.960000000000000000e+02
9.140000000000000000e+02 1.950000000000000000e+02
9.120000000000000000e+02 1.950000000000000000e+02
9.110000000000000000e+02 1.970000000000000000e+02
9.120000000000000000e+02 1.990000000000000000e+02
9.060000000000000000e+02 1.980000000000000000e+02
9.100000000000000000e+02 2.000000000000000000e+02
9.120000000000000000e+02 1.990000000000000000e+02
9.120000000000000000e+02 1.990000000000000000e+02
9.130000000000000000e+02 2.010000000000000000e+02
9.120000000000000000e+02 2.000000000000000000e+02
9.110000000000000000e+02 1.970000000000000000e+02
9.120000000000000000e+02 1.960000000000000000e+02
9.110000000000000000e+02 1.960000000000000000e+02
9.150000000000000000e+02 1.980000000000000000e+02
9.140000000000000000e+02 1.970000000000000000e+02
9.180000000000000000e+02 1.990000000000000000e+02
9.190000000000000000e+02 2.010000000000000000e+02
9.200000000000000000e+02 1.990000000000000000e+02
9.210000000000000000e+02 2.020000000000000000e+02
9.210000000000000000e+02 2.000000000000000000e+02
9.210000000000000000e+02 1.990000000000000000e+02
9.220000000000000000e+02 2.020000000000000000e+02
9.200000000000000000e+02 2.000000000000000000e+02
9.170000000000000000e+02 1.990000000000000000e+02
9.180000000000000000e+02 1.990000000000000000e+02
9.170000000000000000e+02 1.990000000000000000e+02
9.210000000000000000e+02 2.020000000000000000e+02
9.210000000000000000e+02 2.010000000000000000e+02
9.210000000000000000e+02 2.030000000000000000e+02
9.240000000000000000e+02 2.030000000000000000e+02
9.240000000000000000e+02 2.030000000000000000e+02
9.240000000000000000e+02 2.010000000000000000e+02
9.240000000000000000e+02 2.010000000000000000e+02
9.220000000000000000e+02 2.000000000000000000e+02
9.240000000000000000e+02 2.030000000000000000e+02
9.210000000000000000e+02 2.010000000000000000e+02
9.240000000000000000e+02 2.000000000000000000e+02
