# frames 101, center=[937, 126], duration=[100, 200], video=videos browniano 1/Browniano
9.370000000000000000e+02 1.260000000000000000e+02
9.370000000000000000e+02 1.260000000000000000e+02
9.370000000000000000e+02 1.260000000000000000e+02
9.400000000000000000e+02 1.240000000000000000e+02
9.420000000000000000e+02 1.230000000000000000e+02
9.400000000000000000e+02 1.240000000000000000e+02
9.380000000000000000e+02 1.260000000000000000e+02
9.360000000000000000e+02 1.250000000000000000e+02
9.370000000000000000e+02 1.230000000000000000e+02
9.370000000000000000e+02 1.240000000000000000e+02
9.350000000000000000e+02 1.240000000000000000e+02
9.340000000000000000e+02 1.260000000000000000e+02
9.370000000000000000e+02 1.250000000000000000e+02
9.370000000000000000e+02 1.260000000000000000e+02
9.380000000000000000e+02 1.250000000000000000e+02
9.360000000000000000e+02 1.240000000000000000e+02
9.370000000000000000e+02 1.240000000000000000e+02
9.390000000000000000e+02 1.240000000000000000e+02
9.390000000000000000e+02 1.210000000000000000e+02
9.420000000000000000e+02 1.230000000000000000e+02
9.380000000000000000e+02 1.250000000000000000e+02
9.370000000000000000e+02 1.260000000000000000e+02
9.370000000000000000e+02 1.250000000000000000e+02
9.380000000000000000e+02 1.240000000000000000e+02
9.420000000000000000e+02 1.240000000000000000e+02
9.410000000000000000e+02 1.270000000000000000e+02
9.400000000000000000e+02 1.260000000000000000e+02
9.400000000000000000e+02 1.260000000000000000e+02
9.400000000000000000e+02 1.250000000000000000e+02
9.410000000000000000e+02 1.240000000000000000e+02
9.420000000000000000e+02 1.260000000000000000e+02
9.390000000000000000e+02 1.250000000000000000e+02
9.400000000000000000e+02 1.250000000000000000e+02
9.380000000000000000e+02 1.240000000000000000e+02
9.420000000000000000e+02 1.240000000000000000e+02
9.400000000000000000e+02 1.230000000000000000e+02
9.400000000000000000e+02 1.220000000000000000e+02
9.410000000000000000e+02 1.240000000000000000e+02
9.430000000000000000e+02 1.240000000000000000e+02
9.420000000000000000e+02 1.250000000000000000e+02
9.420000000000000000e+02 1.250000000000000000e+02
9.370000000000000000e+02 1.260000000000000000e+02
9.410000000000000000e+02 1.290000000000000000e+02
9.390000000000000000e+02 1.300000000000000000e+02
9.390000000000000000e+02 1.300000000000000000e+02
9.420000000000000000e+02 1.320000000000000000e+02
9.400000000000000000e+02 1.310000000000000000e+02
9.390000000000000000e+02 1.310000000000000000e+02
9.340000000000000000e+02 1.320000000000000000e+02
9.370000000000000000e+02 1.310000000000000000e+02
9.430000000000000000e+02 1.340000000000000000e+02
9.390000000000000000e+02 1.320000000000000000e+02
9.430000000000000000e+02 1.340000000000000000e+02
9.420000000000000000e+02 1.370000000000000000e+02
9.410000000000000000e+02 1.350000000000000000e+02
9.410000000000000000e+02 1.370000000000000000e+02
9.400000000000000000e+02 1.370000000000000000e+02
9.440000000000000000e+02 1.380000000000000000e+02
9.430000000000000000e+02 1.380000000000000000e+02
9.370000000000000000e+02 1.360000000000000000e+02
9.400000000000000000e+02 1.360000000000000000e+02
9.390000000000000000e+02 1.350000000000000000e+02
9.430000000000000000e+02 1.340000000000000000e+02
9.430000000000000000e+02 1.360000000000000000e+02
9.400000000000000000e+02 1.340000000000000000e+02
9.420000000000000000e+02 1.340000000000000000e+02
9.400000000000000000e+02 1.330000000000000000e+02
9.400000000000000000e+02 1.320000000000000000e+02
9.440000000000000000e+02 1.340000000000000000e+02
9.410000000000000000e+02 1.310000000000000000e+02
9.420000000000000000e+02 1.320000000000000000e+02
9.390000000000000000e+02 1.310000000000000000e+02
9.410000000000000000e+02 1.320000000000000000e+02
9.420000000000000000e+02 1.320000000000000000e+02
9.410000000000000000e+02 1.310000000000000000e+02
9.400000000000000000e+02 1.290000000000000000e+02
9.430000000000000000e+02 1.290000000000000000e+02
9.390000000000000000e+02 1.270000000000000000e+02
9.450000000000000000e+02 1.310000000000000000e+02
9.420000000000000000e+02 1.330000000000000000e+02
9.400000000000000000e+02 1.320000000000000000e+02
9.410000000000000000e+02 1.320000000000000000e+02
9.400000000000000000e+02 1.330000000000000000e+02
9.420000000000000000e+02 1.350000000000000000e+02
9.430000000000000000e+02 1.360000000000000000e+02
9.450000000000000000e+02 1.360000000000000000e+02
9.470000000000000000e+02 1.380000000000000000e+02
9.440000000000000000e+02 1.320000000000000000e+02
9.470000000000000000e+02 1.340000000000000000e+02
9.470000000000000000e+02 1.350000000000000000e+02
9.440000000000000000e+02 1.330000000000000000e+02
9.470000000000000000e+02 1.340000000000000000e+02
9.450000000000000000e+02 1.320000000000000000e+02
9.450000000000000000e+02 1.310000000000000000e+02
9.440000000000000000e+02 1.310000000000000000e+02
9.420000000000000000e+02 1.310000000000000000e+02
9.430000000000000000e+02 1.340000000000000000e+02
9.420000000000000000e+02 1.320000000000000000e+02
9.430000000000000000e+02 1.330000000000000000e+02
9.400000000000000000e+02 1.350000000000000000e+02
9.370000000000000000e+02 1.350000000000000000e+02
