# frames 101, center=[935, 163], duration=[300, 400], video=videos browniano 1/Browniano
9.350000000000000000e+02 1.630000000000000000e+02
9.350000000000000000e+02 1.630000000000000000e+02
9.350000000000000000e+02 1.630000000000000000e+02
9.350000000000000000e+02 1.650000000000000000e+02
9.310000000000000000e+02 1.650000000000000000e+02
9.330000000000000000e+02 1.680000000000000000e+02
9.310000000000000000e+02 1.670000000000000000e+02
9.300000000000000000e+02 1.670000000000000000e+02
9.280000000000000000e+02 1.720000000000000000e+02
9.290000000000000000e+02 1.740000000000000000e+02
9.270000000000000000e+02 1.740000000000000000e+02
9.280000000000000000e+02 1.740000000000000000e+02
9.270000000000000000e+02 1.730000000000000000e+02
9.280000000000000000e+02 1.730000000000000000e+02
9.270000000000000000e+02 1.730000000000000000e+02
9.250000000000000000e+02 1.720000000000000000e+02
9.290000000000000000e+02 1.730000000000000000e+02
9.280000000000000000e+02 1.700000000000000000e+02
9.290000000000000000e+02 1.700000000000000000e+02
9.280000000000000000e+02 1.680000000000000000e+02
9.280000000000000000e+02 1.690000000000000000e+02
9.270000000000000000e+02 1.710000000000000000e+02
9.230000000000000000e+02 1.670000000000000000e+02
9.250000000000000000e+02 1.680000000000000000e+02
9.200000000000000000e+02 1.680000000000000000e+02
9.210000000000000000e+02 1.690000000000000000e+02
9.220000000000000000e+02 1.690000000000000000e+02
9.220000000000000000e+02 1.670000000000000000e+02
9.220000000000000000e+02 1.660000000000000000e+02
9.240000000000000000e+02 1.690000000000000000e+02
9.210000000000000000e+02 1.690000000000000000e+02
9.270000000000000000e+02 1.700000000000000000e+02
9.250000000000000000e+02 1.690000000000000000e+02
9.250000000000000000e+02 1.690000000000000000e+02
9.250000000000000000e+02 1.720000000000000000e+02
9.260000000000000000e+02 1.720000000000000000e+02
9.280000000000000000e+02 1.750000000000000000e+02
9.260000000000000000e+02 1.760000000000000000e+02
9.270000000000000000e+02 1.750000000000000000e+02
9.270000000000000000e+02 1.750000000000000000e+02
9.250000000000000000e+02 1.740000000000000000e+02
9.270000000000000000e+02 1.760000000000000000e+02
9.290000000000000000e+02 1.760000000000000000e+02
9.280000000000000000e+02 1.750000000000000000e+02
9.300000000000000000e+02 1.760000000000000000e+02
9.260000000000000000e+02 1.750000000000000000e+02
9.260000000000000000e+02 1.760000000000000000e+02
9.280000000000000000e+02 1.750000000000000000e+02
9.280000000000000000e+02 1.740000000000000000e+02
9.320000000000000000e+02 1.750000000000000000e+02
9.300000000000000000e+02 1.760000000000000000e+02
9.340000000000000000e+02 1.750000000000000000e+02
9.370000000000000000e+02 1.780000000000000000e+02
9.350000000000000000e+02 1.780000000000000000e+02
9.350000000000000000e+02 1.780000000000000000e+02
9.300000000000000000e+02 1.760000000000000000e+02
9.330000000000000000e+02 1.760000000000000000e+02
9.340000000000000000e+02 1.740000000000000000e+02
9.340000000000000000e+02 1.740000000000000000e+02
9.330000000000000000e+02 1.710000000000000000e+02
9.290000000000000000e+02 1.710000000000000000e+02
9.280000000000000000e+02 1.690000000000000000e+02
9.300000000000000000e+02 1.690000000000000000e+02
9.260000000000000000e+02 1.700000000000000000e+02
9.280000000000000000e+02 1.720000000000000000e+02
9.280000000000000000e+02 1.750000000000000000e+02
9.270000000000000000e+02 1.760000000000000000e+02
9.280000000000000000e+02 1.770000000000000000e+02
9.280000000000000000e+02 1.760000000000000000e+02
9.300000000000000000e+02 1.770000000000000000e+02
9.280000000000000000e+02 1.760000000000000000e+02
9.260000000000000000e+02 1.750000000000000000e+02
9.270000000000000000e+02 1.740000000000000000e+02
9.250000000000000000e+02 1.730000000000000000e+02
9.260000000000000000e+02 1.730000000000000000e+02
9.270000000000000000e+02 1.750000000000000000e+02
9.270000000000000000e+02 1.710000000000000000e+02
9.280000000000000000e+02 1.730000000000000000e+02
9.270000000000000000e+02 1.730000000000000000e+02
9.270000000000000000e+02 1.710000000000000000e+02
9.270000000000000000e+02 1.720000000000000000e+02
9.230000000000000000e+02 1.700000000000000000e+02
9.230000000000000000e+02 1.720000000000000000e+02
9.210000000000000000e+02 1.740000000000000000e+02
9.210000000000000000e+02 1.730000000000000000e+02
9.230000000000000000e+02 1.730000000000000000e+02
9.230000000000000000e+02 1.730000000000000000e+02
9.220000000000000000e+02 1.740000000000000000e+02
9.240000000000000000e+02 1.760000000000000000e+02
9.250000000000000000e+02 1.740000000000000000e+02
9.250000000000000000e+02 1.740000000000000000e+02
9.210000000000000000e+02 1.750000000000000000e+02
9.200000000000000000e+02 1.770000000000000000e+02
9.190000000000000000e+02 1.780000000000000000e+02
9.230000000000000000e+02 1.770000000000000000e+02
9.230000000000000000e+02 1.760000000000000000e+02
9.230000000000000000e+02 1.760000000000000000e+02
9.230000000000000000e+02 1.770000000000000000e+02
9.240000000000000000e+02 1.810000000000000000e+02
9.200000000000000000e+02 1.780000000000000000e+02
9.230000000000000000e+02 1.810000000000000000e+02
