# frames 101, center=[1115, 294], duration=[100, 200], video=videos browniano 1/Browniano
1.115000000000000000e+03 2.940000000000000000e+02
1.115000000000000000e+03 2.940000000000000000e+02
1.115000000000000000e+03 2.940000000000000000e+02
1.112000000000000000e+03 2.930000000000000000e+02
1.115000000000000000e+03 2.940000000000000000e+02
1.114000000000000000e+03 2.930000000000000000e+02
1.116000000000000000e+03 2.920000000000000000e+02
1.119000000000000000e+03 2.930000000000000000e+02
1.119000000000000000e+03 2.940000000000000000e+02
1.121000000000000000e+03 2.960000000000000000e+02
1.122000000000000000e+03 2.980000000000000000e+02
1.120000000000000000e+03 2.980000000000000000e+02
1.123000000000000000e+03 2.990000000000000000e+02
1.122000000000000000e+03 3.000000000000000000e+02
1.122000000000000000e+03 3.000000000000000000e+02
1.125000000000000000e+03 2.990000000000000000e+02
1.125000000000000000e+03 2.990000000000000000e+02
1.127000000000000000e+03 2.990000000000000000e+02
1.126000000000000000e+03 3.000000000000000000e+02
1.126000000000000000e+03 2.990000000000000000e+02
1.128000000000000000e+03 3.010000000000000000e+02
1.127000000000000000e+03 3.000000000000000000e+02
1.128000000000000000e+03 3.010000000000000000e+02
1.125000000000000000e+03 3.010000000000000000e+02
1.124000000000000000e+03 2.990000000000000000e+02
1.126000000000000000e+03 2.990000000000000000e+02
1.124000000000000000e+03 2.980000000000000000e+02
1.124000000000000000e+03 2.980000000000000000e+02
1.122000000000000000e+03 2.960000000000000000e+02
1.121000000000000000e+03 2.950000000000000000e+02
1.121000000000000000e+03 2.960000000000000000e+02
1.120000000000000000e+03 2.950000000000000000e+02
1.119000000000000000e+03 2.950000000000000000e+02
1.119000000000000000e+03 2.970000000000000000e+02
1.118000000000000000e+03 2.960000000000000000e+02
1.126000000000000000e+03 2.980000000000000000e+02
1.124000000000000000e+03 2.970000000000000000e+02
1.123000000000000000e+03 2.960000000000000000e+02
1.124000000000000000e+03 2.950000000000000000e+02
1.119000000000000000e+03 2.960000000000000000e+02
1.122000000000000000e+03 2.970000000000000000e+02
1.120000000000000000e+03 2.980000000000000000e+02
1.120000000000000000e+03 2.970000000000000000e+02
1.123000000000000000e+03 2.990000000000000000e+02
1.122000000000000000e+03 2.970000000000000000e+02
1.125000000000000000e+03 2.980000000000000000e+02
1.123000000000000000e+03 2.980000000000000000e+02
1.124000000000000000e+03 2.960000000000000000e+02
1.128000000000000000e+03 2.960000000000000000e+02
1.126000000000000000e+03 2.980000000000000000e+02
1.130000000000000000e+03 2.960000000000000000e+02
1.127000000000000000e+03 2.970000000000000000e+02
1.126000000000000000e+03 2.960000000000000000e+02
1.129000000000000000e+03 2.980000000000000000e+02
1.125000000000000000e+03 2.960000000000000000e+02
1.128000000000000000e+03 2.950000000000000000e+02
1.131000000000000000e+03 2.960000000000000000e+02
1.129000000000000000e+03 2.950000000000000000e+02
1.130000000000000000e+03 2.970000000000000000e+02
1.127000000000000000e+03 2.960000000000000000e+02
1.128000000000000000e+03 2.990000000000000000e+02
1.131000000000000000e+03 3.010000000000000000e+02
1.127000000000000000e+03 2.980000000000000000e+02
1.127000000000000000e+03 2.980000000000000000e+02
1.126000000000000000e+03 2.990000000000000000e+02
1.123000000000000000e+03 2.960000000000000000e+02
1.127000000000000000e+03 2.980000000000000000e+02
1.122000000000000000e+03 2.980000000000000000e+02
1.125000000000000000e+03 2.980000000000000000e+02
1.123000000000000000e+03 3.000000000000000000e+02
1.121000000000000000e+03 2.980000000000000000e+02
1.120000000000000000e+03 2.980000000000000000e+02
1.117000000000000000e+03 2.990000000000000000e+02
1.118000000000000000e+03 2.980000000000000000e+02
1.120000000000000000e+03 3.010000000000000000e+02
1.121000000000000000e+03 2.990000000000000000e+02
1.121000000000000000e+03 2.990000000000000000e+02
1.120000000000000000e+03 2.980000000000000000e+02
1.114000000000000000e+03 2.970000000000000000e+02
1.119000000000000000e+03 2.990000000000000000e+02
1.117000000000000000e+03 3.000000000000000000e+02
1.119000000000000000e+03 3.000000000000000000e+02
1.121000000000000000e+03 2.990000000000000000e+02
1.120000000000000000e+03 3.000000000000000000e+02
1.121000000000000000e+03 3.000000000000000000e+02
1.121000000000000000e+03 2.990000000000000000e+02
1.121000000000000000e+03 2.980000000000000000e+02
1.122000000000000000e+03 3.010000000000000000e+02
1.121000000000000000e+03 2.980000000000000000e+02
1.122000000000000000e+03 3.010000000000000000e+02
1.122000000000000000e+03 2.990000000000000000e+02
1.124000000000000000e+03 3.000000000000000000e+02
1.126000000000000000e+03 3.030000000000000000e+02
1.126000000000000000e+03 3.020000000000000000e+02
1.130000000000000000e+03 3.030000000000000000e+02
1.127000000000000000e+03 3.040000000000000000e+02
1.127000000000000000e+03 3.010000000000000000e+02
1.130000000000000000e+03 3.030000000000000000e+02
1.129000000000000000e+03 3.000000000000000000e+02
1.133000000000000000e+03 3.010000000000000000e+02
1.132000000000000000e+03 3.030000000000000000e+02
