# frames 101, center=[1117, 327], duration=[400, 500], video=videos browniano 1/Browniano
1.117000000000000000e+03 3.270000000000000000e+02
1.117000000000000000e+03 3.270000000000000000e+02
1.117000000000000000e+03 3.270000000000000000e+02
1.122000000000000000e+03 3.270000000000000000e+02
1.119000000000000000e+03 3.300000000000000000e+02
1.118000000000000000e+03 3.300000000000000000e+02
1.120000000000000000e+03 3.290000000000000000e+02
1.117000000000000000e+03 3.290000000000000000e+02
1.117000000000000000e+03 3.270000000000000000e+02
1.118000000000000000e+03 3.290000000000000000e+02
1.115000000000000000e+03 3.280000000000000000e+02
1.117000000000000000e+03 3.280000000000000000e+02
1.117000000000000000e+03 3.300000000000000000e+02
1.117000000000000000e+03 3.300000000000000000e+02
1.121000000000000000e+03 3.270000000000000000e+02
1.117000000000000000e+03 3.270000000000000000e+02
1.121000000000000000e+03 3.270000000000000000e+02
1.119000000000000000e+03 3.250000000000000000e+02
1.122000000000000000e+03 3.270000000000000000e+02
1.124000000000000000e+03 3.280000000000000000e+02
1.121000000000000000e+03 3.250000000000000000e+02
1.120000000000000000e+03 3.250000000000000000e+02
1.119000000000000000e+03 3.260000000000000000e+02
1.118000000000000000e+03 3.270000000000000000e+02
1.119000000000000000e+03 3.290000000000000000e+02
1.117000000000000000e+03 3.270000000000000000e+02
1.116000000000000000e+03 3.270000000000000000e+02
1.115000000000000000e+03 3.280000000000000000e+02
1.114000000000000000e+03 3.290000000000000000e+02
1.113000000000000000e+03 3.320000000000000000e+02
1.109000000000000000e+03 3.290000000000000000e+02
1.108000000000000000e+03 3.290000000000000000e+02
1.110000000000000000e+03 3.290000000000000000e+02
1.109000000000000000e+03 3.270000000000000000e+02
1.109000000000000000e+03 3.280000000000000000e+02
1.108000000000000000e+03 3.310000000000000000e+02
1.108000000000000000e+03 3.310000000000000000e+02
1.110000000000000000e+03 3.300000000000000000e+02
1.106000000000000000e+03 3.260000000000000000e+02
1.109000000000000000e+03 3.270000000000000000e+02
1.107000000000000000e+03 3.260000000000000000e+02
1.107000000000000000e+03 3.250000000000000000e+02
1.111000000000000000e+03 3.260000000000000000e+02
1.107000000000000000e+03 3.250000000000000000e+02
1.109000000000000000e+03 3.250000000000000000e+02
1.109000000000000000e+03 3.260000000000000000e+02
1.110000000000000000e+03 3.230000000000000000e+02
1.111000000000000000e+03 3.240000000000000000e+02
1.110000000000000000e+03 3.230000000000000000e+02
1.111000000000000000e+03 3.220000000000000000e+02
1.113000000000000000e+03 3.240000000000000000e+02
1.110000000000000000e+03 3.240000000000000000e+02
1.112000000000000000e+03 3.270000000000000000e+02
1.107000000000000000e+03 3.260000000000000000e+02
1.110000000000000000e+03 3.250000000000000000e+02
1.113000000000000000e+03 3.240000000000000000e+02
1.112000000000000000e+03 3.240000000000000000e+02
1.116000000000000000e+03 3.240000000000000000e+02
1.115000000000000000e+03 3.230000000000000000e+02
1.115000000000000000e+03 3.210000000000000000e+02
1.116000000000000000e+03 3.230000000000000000e+02
1.115000000000000000e+03 3.230000000000000000e+02
1.115000000000000000e+03 3.230000000000000000e+02
1.115000000000000000e+03 3.230000000000000000e+02
1.114000000000000000e+03 3.220000000000000000e+02
1.115000000000000000e+03 3.250000000000000000e+02
1.112000000000000000e+03 3.220000000000000000e+02
1.113000000000000000e+03 3.240000000000000000e+02
1.115000000000000000e+03 3.240000000000000000e+02
1.115000000000000000e+03 3.240000000000000000e+02
1.114000000000000000e+03 3.240000000000000000e+02
1.112000000000000000e+03 3.220000000000000000e+02
1.115000000000000000e+03 3.220000000000000000e+02
1.115000000000000000e+03 3.230000000000000000e+02
1.112000000000000000e+03 3.200000000000000000e+02
1.114000000000000000e+03 3.200000000000000000e+02
1.113000000000000000e+03 3.200000000000000000e+02
1.114000000000000000e+03 3.190000000000000000e+02
1.117000000000000000e+03 3.180000000000000000e+02
1.114000000000000000e+03 3.150000000000000000e+02
1.117000000000000000e+03 3.150000000000000000e+02
1.115000000000000000e+03 3.170000000000000000e+02
1.116000000000000000e+03 3.150000000000000000e+02
1.116000000000000000e+03 3.160000000000000000e+02
1.115000000000000000e+03 3.160000000000000000e+02
1.115000000000000000e+03 3.180000000000000000e+02
1.115000000000000000e+03 3.190000000000000000e+02
1.113000000000000000e+03 3.180000000000000000e+02
1.118000000000000000e+03 3.210000000000000000e+02
1.115000000000000000e+03 3.200000000000000000e+02
1.117000000000000000e+03 3.210000000000000000e+02
1.118000000000000000e+03 3.220000000000000000e+02
1.117000000000000000e+03 3.230000000000000000e+02
1.118000000000000000e+03 3.240000000000000000e+02
1.112000000000000000e+03 3.250000000000000000e+02
1.113000000000000000e+03 3.250000000000000000e+02
1.112000000000000000e+03 3.240000000000000000e+02
1.113000000000000000e+03 3.220000000000000000e+02
1.116000000000000000e+03 3.220000000000000000e+02
1.116000000000000000e+03 3.220000000000000000e+02
1.115000000000000000e+03 3.210000000000000000e+02
