# frames 101, center=[1113, 270], duration=[0, 100], video=videos browniano 1/Browniano
1.113000000000000000e+03 2.700000000000000000e+02
1.113000000000000000e+03 2.700000000000000000e+02
1.113000000000000000e+03 2.700000000000000000e+02
1.115000000000000000e+03 2.720000000000000000e+02
1.115000000000000000e+03 2.720000000000000000e+02
1.114000000000000000e+03 2.700000000000000000e+02
1.116000000000000000e+03 2.730000000000000000e+02
1.114000000000000000e+03 2.710000000000000000e+02
1.116000000000000000e+03 2.710000000000000000e+02
1.118000000000000000e+03 2.720000000000000000e+02
1.116000000000000000e+03 2.710000000000000000e+02
1.118000000000000000e+03 2.720000000000000000e+02
1.115000000000000000e+03 2.730000000000000000e+02
1.116000000000000000e+03 2.750000000000000000e+02
1.115000000000000000e+03 2.770000000000000000e+02
1.114000000000000000e+03 2.770000000000000000e+02
1.116000000000000000e+03 2.780000000000000000e+02
1.116000000000000000e+03 2.770000000000000000e+02
1.115000000000000000e+03 2.750000000000000000e+02
1.117000000000000000e+03 2.780000000000000000e+02
1.115000000000000000e+03 2.770000000000000000e+02
1.116000000000000000e+03 2.770000000000000000e+02
1.117000000000000000e+03 2.770000000000000000e+02
1.119000000000000000e+03 2.770000000000000000e+02
1.119000000000000000e+03 2.770000000000000000e+02
1.118000000000000000e+03 2.770000000000000000e+02
1.118000000000000000e+03 2.760000000000000000e+02
1.120000000000000000e+03 2.780000000000000000e+02
1.118000000000000000e+03 2.770000000000000000e+02
1.120000000000000000e+03 2.780000000000000000e+02
1.118000000000000000e+03 2.790000000000000000e+02
1.118000000000000000e+03 2.780000000000000000e+02
1.120000000000000000e+03 2.790000000000000000e+02
1.119000000000000000e+03 2.790000000000000000e+02
1.118000000000000000e+03 2.810000000000000000e+02
1.120000000000000000e+03 2.840000000000000000e+02
1.117000000000000000e+03 2.820000000000000000e+02
1.121000000000000000e+03 2.850000000000000000e+02
1.116000000000000000e+03 2.850000000000000000e+02
1.119000000000000000e+03 2.850000000000000000e+02
1.120000000000000000e+03 2.850000000000000000e+02
1.119000000000000000e+03 2.830000000000000000e+02
1.121000000000000000e+03 2.870000000000000000e+02
1.121000000000000000e+03 2.860000000000000000e+02
1.123000000000000000e+03 2.850000000000000000e+02
1.125000000000000000e+03 2.860000000000000000e+02
1.122000000000000000e+03 2.850000000000000000e+02
1.124000000000000000e+03 2.860000000000000000e+02
1.122000000000000000e+03 2.850000000000000000e+02
1.126000000000000000e+03 2.850000000000000000e+02
1.124000000000000000e+03 2.850000000000000000e+02
1.119000000000000000e+03 2.820000000000000000e+02
1.119000000000000000e+03 2.820000000000000000e+02
1.120000000000000000e+03 2.830000000000000000e+02
1.118000000000000000e+03 2.810000000000000000e+02
1.121000000000000000e+03 2.840000000000000000e+02
1.116000000000000000e+03 2.830000000000000000e+02
1.116000000000000000e+03 2.820000000000000000e+02
1.117000000000000000e+03 2.790000000000000000e+02
1.115000000000000000e+03 2.830000000000000000e+02
1.115000000000000000e+03 2.830000000000000000e+02
1.116000000000000000e+03 2.850000000000000000e+02
1.116000000000000000e+03 2.880000000000000000e+02
1.114000000000000000e+03 2.870000000000000000e+02
1.116000000000000000e+03 2.890000000000000000e+02
1.115000000000000000e+03 2.870000000000000000e+02
1.111000000000000000e+03 2.880000000000000000e+02
1.112000000000000000e+03 2.900000000000000000e+02
1.110000000000000000e+03 2.900000000000000000e+02
1.113000000000000000e+03 2.880000000000000000e+02
1.113000000000000000e+03 2.900000000000000000e+02
1.110000000000000000e+03 2.890000000000000000e+02
1.113000000000000000e+03 2.910000000000000000e+02
1.110000000000000000e+03 2.900000000000000000e+02
1.111000000000000000e+03 2.890000000000000000e+02
1.113000000000000000e+03 2.920000000000000000e+02
1.109000000000000000e+03 2.910000000000000000e+02
1.113000000000000000e+03 2.920000000000000000e+02
1.110000000000000000e+03 2.930000000000000000e+02
1.109000000000000000e+03 2.910000000000000000e+02
1.108000000000000000e+03 2.910000000000000000e+02
1.104000000000000000e+03 2.880000000000000000e+02
1.107000000000000000e+03 2.880000000000000000e+02
1.104000000000000000e+03 2.890000000000000000e+02
1.101000000000000000e+03 2.900000000000000000e+02
1.103000000000000000e+03 2.920000000000000000e+02
1.102000000000000000e+03 2.900000000000000000e+02
1.106000000000000000e+03 2.930000000000000000e+02
1.105000000000000000e+03 2.910000000000000000e+02
1.106000000000000000e+03 2.930000000000000000e+02
1.104000000000000000e+03 2.930000000000000000e+02
1.108000000000000000e+03 2.930000000000000000e+02
1.107000000000000000e+03 2.930000000000000000e+02
1.109000000000000000e+03 2.910000000000000000e+02
1.114000000000000000e+03 2.900000000000000000e+02
1.112000000000000000e+03 2.880000000000000000e+02
1.111000000000000000e+03 2.880000000000000000e+02
1.112000000000000000e+03 2.930000000000000000e+02
1.112000000000000000e+03 2.940000000000000000e+02
1.114000000000000000e+03 2.940000000000000000e+02
1.111000000000000000e+03 2.930000000000000000e+02
