# frames 101, center=[1130, 311], duration=[300, 400], video=videos browniano 1/Browniano
1.130000000000000000e+03 3.110000000000000000e+02
1.130000000000000000e+03 3.110000000000000000e+02
1.130000000000000000e+03 3.110000000000000000e+02
1.133000000000000000e+03 3.120000000000000000e+02
1.133000000000000000e+03 3.140000000000000000e+02
1.134000000000000000e+03 3.110000000000000000e+02
1.136000000000000000e+03 3.120000000000000000e+02
1.134000000000000000e+03 3.120000000000000000e+02
1.137000000000000000e+03 3.110000000000000000e+02
1.137000000000000000e+03 3.130000000000000000e+02
1.135000000000000000e+03 3.100000000000000000e+02
1.139000000000000000e+03 3.100000000000000000e+02
1.138000000000000000e+03 3.090000000000000000e+02
1.139000000000000000e+03 3.090000000000000000e+02
1.140000000000000000e+03 3.110000000000000000e+02
1.137000000000000000e+03 3.100000000000000000e+02
1.138000000000000000e+03 3.120000000000000000e+02
1.137000000000000000e+03 3.130000000000000000e+02
1.138000000000000000e+03 3.120000000000000000e+02
1.139000000000000000e+03 3.130000000000000000e+02
1.137000000000000000e+03 3.110000000000000000e+02
1.137000000000000000e+03 3.120000000000000000e+02
1.137000000000000000e+03 3.130000000000000000e+02
1.136000000000000000e+03 3.110000000000000000e+02
1.140000000000000000e+03 3.110000000000000000e+02
1.139000000000000000e+03 3.090000000000000000e+02
1.139000000000000000e+03 3.080000000000000000e+02
1.138000000000000000e+03 3.080000000000000000e+02
1.134000000000000000e+03 3.080000000000000000e+02
1.134000000000000000e+03 3.090000000000000000e+02
1.132000000000000000e+03 3.090000000000000000e+02
1.131000000000000000e+03 3.080000000000000000e+02
1.132000000000000000e+03 3.090000000000000000e+02
1.128000000000000000e+03 3.080000000000000000e+02
1.131000000000000000e+03 3.100000000000000000e+02
1.132000000000000000e+03 3.090000000000000000e+02
1.130000000000000000e+03 3.110000000000000000e+02
1.130000000000000000e+03 3.110000000000000000e+02
1.130000000000000000e+03 3.100000000000000000e+02
1.129000000000000000e+03 3.110000000000000000e+02
1.127000000000000000e+03 3.120000000000000000e+02
1.125000000000000000e+03 3.110000000000000000e+02
1.127000000000000000e+03 3.110000000000000000e+02
1.123000000000000000e+03 3.090000000000000000e+02
1.129000000000000000e+03 3.100000000000000000e+02
1.127000000000000000e+03 3.090000000000000000e+02
1.125000000000000000e+03 3.090000000000000000e+02
1.128000000000000000e+03 3.120000000000000000e+02
1.124000000000000000e+03 3.130000000000000000e+02
1.123000000000000000e+03 3.120000000000000000e+02
1.127000000000000000e+03 3.150000000000000000e+02
1.125000000000000000e+03 3.120000000000000000e+02
1.123000000000000000e+03 3.130000000000000000e+02
1.120000000000000000e+03 3.100000000000000000e+02
1.122000000000000000e+03 3.120000000000000000e+02
1.121000000000000000e+03 3.140000000000000000e+02
1.119000000000000000e+03 3.140000000000000000e+02
1.122000000000000000e+03 3.150000000000000000e+02
1.122000000000000000e+03 3.150000000000000000e+02
1.121000000000000000e+03 3.120000000000000000e+02
1.125000000000000000e+03 3.140000000000000000e+02
1.123000000000000000e+03 3.140000000000000000e+02
1.126000000000000000e+03 3.170000000000000000e+02
1.127000000000000000e+03 3.180000000000000000e+02
1.123000000000000000e+03 3.190000000000000000e+02
1.126000000000000000e+03 3.200000000000000000e+02
1.125000000000000000e+03 3.200000000000000000e+02
1.126000000000000000e+03 3.200000000000000000e+02
1.124000000000000000e+03 3.220000000000000000e+02
1.124000000000000000e+03 3.190000000000000000e+02
1.127000000000000000e+03 3.200000000000000000e+02
1.123000000000000000e+03 3.200000000000000000e+02
1.124000000000000000e+03 3.220000000000000000e+02
1.127000000000000000e+03 3.220000000000000000e+02
1.125000000000000000e+03 3.210000000000000000e+02
1.126000000000000000e+03 3.220000000000000000e+02
1.122000000000000000e+03 3.230000000000000000e+02
1.121000000000000000e+03 3.220000000000000000e+02
1.123000000000000000e+03 3.230000000000000000e+02
1.119000000000000000e+03 3.220000000000000000e+02
1.124000000000000000e+03 3.230000000000000000e+02
1.123000000000000000e+03 3.240000000000000000e+02
1.121000000000000000e+03 3.230000000000000000e+02
1.122000000000000000e+03 3.250000000000000000e+02
1.119000000000000000e+03 3.220000000000000000e+02
1.121000000000000000e+03 3.220000000000000000e+02
1.121000000000000000e+03 3.230000000000000000e+02
1.119000000000000000e+03 3.220000000000000000e+02
1.121000000000000000e+03 3.240000000000000000e+02
1.117000000000000000e+03 3.250000000000000000e+02
1.120000000000000000e+03 3.240000000000000000e+02
1.117000000000000000e+03 3.240000000000000000e+02
1.117000000000000000e+03 3.230000000000000000e+02
1.121000000000000000e+03 3.250000000000000000e+02
1.115000000000000000e+03 3.240000000000000000e+02
1.118000000000000000e+03 3.230000000000000000e+02
1.119000000000000000e+03 3.250000000000000000e+02
1.121000000000000000e+03 3.250000000000000000e+02
1.120000000000000000e+03 3.250000000000000000e+02
1.117000000000000000e+03 3.260000000000000000e+02
1.121000000000000000e+03 3.270000000000000000e+02
