# frames 101, center=[1128, 300], duration=[200, 300], video=videos browniano 1/Browniano
1.128000000000000000e+03 3.000000000000000000e+02
1.128000000000000000e+03 3.000000000000000000e+02
1.128000000000000000e+03 3.000000000000000000e+02
1.128000000000000000e+03 3.000000000000000000e+02
1.130000000000000000e+03 3.010000000000000000e+02
1.130000000000000000e+03 3.030000000000000000e+02
1.128000000000000000e+03 3.000000000000000000e+02
1.128000000000000000e+03 3.000000000000000000e+02
1.124000000000000000e+03 2.990000000000000000e+02
1.127000000000000000e+03 3.000000000000000000e+02
1.128000000000000000e+03 3.000000000000000000e+02
1.124000000000000000e+03 2.980000000000000000e+02
1.128000000000000000e+03 2.990000000000000000e+02
1.125000000000000000e+03 2.980000000000000000e+02
1.127000000000000000e+03 2.970000000000000000e+02
1.131000000000000000e+03 2.980000000000000000e+02
1.130000000000000000e+03 2.980000000000000000e+02
1.132000000000000000e+03 2.980000000000000000e+02
1.128000000000000000e+03 3.000000000000000000e+02
1.128000000000000000e+03 2.990000000000000000e+02
1.130000000000000000e+03 3.020000000000000000e+02
1.128000000000000000e+03 3.000000000000000000e+02
1.129000000000000000e+03 3.000000000000000000e+02
1.127000000000000000e+03 3.020000000000000000e+02
1.127000000000000000e+03 3.000000000000000000e+02
1.127000000000000000e+03 3.020000000000000000e+02
1.126000000000000000e+03 3.000000000000000000e+02
1.128000000000000000e+03 3.020000000000000000e+02
1.125000000000000000e+03 3.000000000000000000e+02
1.123000000000000000e+03 3.020000000000000000e+02
1.126000000000000000e+03 3.060000000000000000e+02
1.122000000000000000e+03 3.050000000000000000e+02
1.123000000000000000e+03 3.060000000000000000e+02
1.126000000000000000e+03 3.070000000000000000e+02
1.123000000000000000e+03 3.040000000000000000e+02
1.127000000000000000e+03 3.040000000000000000e+02
1.125000000000000000e+03 3.030000000000000000e+02
1.122000000000000000e+03 3.030000000000000000e+02
1.123000000000000000e+03 3.060000000000000000e+02
1.117000000000000000e+03 3.060000000000000000e+02
1.121000000000000000e+03 3.080000000000000000e+02
1.120000000000000000e+03 3.090000000000000000e+02
1.121000000000000000e+03 3.070000000000000000e+02
1.123000000000000000e+03 3.080000000000000000e+02
1.122000000000000000e+03 3.090000000000000000e+02
1.126000000000000000e+03 3.100000000000000000e+02
1.125000000000000000e+03 3.100000000000000000e+02
1.125000000000000000e+03 3.080000000000000000e+02
1.126000000000000000e+03 3.110000000000000000e+02
1.123000000000000000e+03 3.110000000000000000e+02
1.126000000000000000e+03 3.100000000000000000e+02
1.128000000000000000e+03 3.100000000000000000e+02
1.126000000000000000e+03 3.090000000000000000e+02
1.126000000000000000e+03 3.100000000000000000e+02
1.125000000000000000e+03 3.090000000000000000e+02
1.125000000000000000e+03 3.070000000000000000e+02
1.127000000000000000e+03 3.090000000000000000e+02
1.124000000000000000e+03 3.070000000000000000e+02
1.126000000000000000e+03 3.070000000000000000e+02
1.128000000000000000e+03 3.080000000000000000e+02
1.126000000000000000e+03 3.090000000000000000e+02
1.128000000000000000e+03 3.100000000000000000e+02
1.128000000000000000e+03 3.070000000000000000e+02
1.129000000000000000e+03 3.090000000000000000e+02
1.128000000000000000e+03 3.100000000000000000e+02
1.125000000000000000e+03 3.050000000000000000e+02
1.126000000000000000e+03 3.080000000000000000e+02
1.125000000000000000e+03 3.070000000000000000e+02
1.124000000000000000e+03 3.060000000000000000e+02
1.125000000000000000e+03 3.070000000000000000e+02
1.125000000000000000e+03 3.070000000000000000e+02
1.127000000000000000e+03 3.080000000000000000e+02
1.127000000000000000e+03 3.070000000000000000e+02
1.126000000000000000e+03 3.060000000000000000e+02
1.127000000000000000e+03 3.100000000000000000e+02
1.125000000000000000e+03 3.090000000000000000e+02
1.125000000000000000e+03 3.120000000000000000e+02
1.123000000000000000e+03 3.110000000000000000e+02
1.122000000000000000e+03 3.110000000000000000e+02
1.125000000000000000e+03 3.120000000000000000e+02
1.124000000000000000e+03 3.110000000000000000e+02
1.127000000000000000e+03 3.130000000000000000e+02
1.127000000000000000e+03 3.140000000000000000e+02
1.126000000000000000e+03 3.130000000000000000e+02
1.125000000000000000e+03 3.150000000000000000e+02
1.122000000000000000e+03 3.120000000000000000e+02
1.125000000000000000e+03 3.120000000000000000e+02
1.126000000000000000e+03 3.130000000000000000e+02
1.126000000000000000e+03 3.120000000000000000e+02
1.129000000000000000e+03 3.140000000000000000e+02
1.128000000000000000e+03 3.120000000000000000e+02
1.126000000000000000e+03 3.100000000000000000e+02
1.128000000000000000e+03 3.140000000000000000e+02
1.126000000000000000e+03 3.110000000000000000e+02
1.127000000000000000e+03 3.130000000000000000e+02
1.126000000000000000e+03 3.110000000000000000e+02
1.125000000000000000e+03 3.100000000000000000e+02
1.127000000000000000e+03 3.120000000000000000e+02
1.125000000000000000e+03 3.130000000000000000e+02
1.126000000000000000e+03 3.150000000000000000e+02
1.124000000000000000e+03 3.120000000000000000e+02
