# frames 101, center=[1212, 238], duration=[400, 500], video=videos browniano 1/Browniano
1.212000000000000000e+03 2.380000000000000000e+02
1.212000000000000000e+03 2.380000000000000000e+02
1.212000000000000000e+03 2.380000000000000000e+02
1.219000000000000000e+03 2.390000000000000000e+02
1.218000000000000000e+03 2.390000000000000000e+02
1.213000000000000000e+03 2.380000000000000000e+02
1.219000000000000000e+03 2.410000000000000000e+02
1.221000000000000000e+03 2.390000000000000000e+02
1.224000000000000000e+03 2.400000000000000000e+02
1.223000000000000000e+03 2.410000000000000000e+02
1.223000000000000000e+03 2.390000000000000000e+02
1.224000000000000000e+03 2.390000000000000000e+02
1.225000000000000000e+03 2.370000000000000000e+02
1.228000000000000000e+03 2.360000000000000000e+02
1.228000000000000000e+03 2.320000000000000000e+02
1.231000000000000000e+03 2.330000000000000000e+02
1.234000000000000000e+03 2.360000000000000000e+02
1.235000000000000000e+03 2.350000000000000000e+02
1.234000000000000000e+03 2.350000000000000000e+02
1.232000000000000000e+03 2.370000000000000000e+02
1.226000000000000000e+03 2.360000000000000000e+02
1.228000000000000000e+03 2.400000000000000000e+02
1.224000000000000000e+03 2.360000000000000000e+02
1.227000000000000000e+03 2.350000000000000000e+02
1.226000000000000000e+03 2.370000000000000000e+02
1.225000000000000000e+03 2.350000000000000000e+02
1.225000000000000000e+03 2.370000000000000000e+02
1.225000000000000000e+03 2.390000000000000000e+02
1.223000000000000000e+03 2.350000000000000000e+02
1.224000000000000000e+03 2.370000000000000000e+02
1.221000000000000000e+03 2.350000000000000000e+02
1.224000000000000000e+03 2.410000000000000000e+02
1.222000000000000000e+03 2.430000000000000000e+02
1.221000000000000000e+03 2.430000000000000000e+02
1.222000000000000000e+03 2.470000000000000000e+02
1.220000000000000000e+03 2.440000000000000000e+02
1.222000000000000000e+03 2.420000000000000000e+02
1.223000000000000000e+03 2.430000000000000000e+02
1.222000000000000000e+03 2.390000000000000000e+02
1.222000000000000000e+03 2.380000000000000000e+02
1.221000000000000000e+03 2.380000000000000000e+02
1.223000000000000000e+03 2.380000000000000000e+02
1.226000000000000000e+03 2.400000000000000000e+02
1.221000000000000000e+03 2.340000000000000000e+02
1.225000000000000000e+03 2.350000000000000000e+02
1.225000000000000000e+03 2.360000000000000000e+02
1.223000000000000000e+03 2.360000000000000000e+02
1.223000000000000000e+03 2.360000000000000000e+02
1.223000000000000000e+03 2.390000000000000000e+02
1.225000000000000000e+03 2.400000000000000000e+02
1.223000000000000000e+03 2.380000000000000000e+02
1.221000000000000000e+03 2.370000000000000000e+02
1.222000000000000000e+03 2.390000000000000000e+02
1.218000000000000000e+03 2.410000000000000000e+02
1.221000000000000000e+03 2.440000000000000000e+02
1.220000000000000000e+03 2.450000000000000000e+02
1.219000000000000000e+03 2.430000000000000000e+02
1.221000000000000000e+03 2.440000000000000000e+02
1.220000000000000000e+03 2.380000000000000000e+02
1.217000000000000000e+03 2.380000000000000000e+02
1.217000000000000000e+03 2.390000000000000000e+02
1.217000000000000000e+03 2.390000000000000000e+02
1.222000000000000000e+03 2.410000000000000000e+02
1.219000000000000000e+03 2.410000000000000000e+02
1.220000000000000000e+03 2.420000000000000000e+02
1.217000000000000000e+03 2.430000000000000000e+02
1.217000000000000000e+03 2.430000000000000000e+02
1.222000000000000000e+03 2.460000000000000000e+02
1.221000000000000000e+03 2.470000000000000000e+02
1.223000000000000000e+03 2.450000000000000000e+02
1.221000000000000000e+03 2.460000000000000000e+02
1.220000000000000000e+03 2.460000000000000000e+02
1.223000000000000000e+03 2.480000000000000000e+02
1.222000000000000000e+03 2.450000000000000000e+02
1.220000000000000000e+03 2.430000000000000000e+02
1.219000000000000000e+03 2.440000000000000000e+02
1.217000000000000000e+03 2.390000000000000000e+02
1.222000000000000000e+03 2.380000000000000000e+02
1.221000000000000000e+03 2.390000000000000000e+02
1.221000000000000000e+03 2.370000000000000000e+02
1.222000000000000000e+03 2.360000000000000000e+02
1.221000000000000000e+03 2.300000000000000000e+02
1.221000000000000000e+03 2.300000000000000000e+02
1.218000000000000000e+03 2.320000000000000000e+02
1.219000000000000000e+03 2.290000000000000000e+02
1.222000000000000000e+03 2.290000000000000000e+02
1.218000000000000000e+03 2.260000000000000000e+02
1.220000000000000000e+03 2.250000000000000000e+02
1.221000000000000000e+03 2.250000000000000000e+02
1.220000000000000000e+03 2.210000000000000000e+02
1.223000000000000000e+03 2.250000000000000000e+02
1.221000000000000000e+03 2.240000000000000000e+02
1.222000000000000000e+03 2.210000000000000000e+02
1.222000000000000000e+03 2.220000000000000000e+02
1.220000000000000000e+03 2.210000000000000000e+02
1.220000000000000000e+03 2.220000000000000000e+02
1.219000000000000000e+03 2.180000000000000000e+02
1.217000000000000000e+03 2.170000000000000000e+02
1.222000000000000000e+03 2.170000000000000000e+02
1.219000000000000000e+03 2.170000000000000000e+02
1.222000000000000000e+03 2.160000000000000000e+02
