# frames 101, center=[1246, 222], duration=[200, 300], video=videos browniano 1/Browniano
1.246000000000000000e+03 2.220000000000000000e+02
1.246000000000000000e+03 2.220000000000000000e+02
1.246000000000000000e+03 2.220000000000000000e+02
1.245000000000000000e+03 2.220000000000000000e+02
1.244000000000000000e+03 2.260000000000000000e+02
1.240000000000000000e+03 2.230000000000000000e+02
1.239000000000000000e+03 2.220000000000000000e+02
1.240000000000000000e+03 2.220000000000000000e+02
1.235000000000000000e+03 2.200000000000000000e+02
1.235000000000000000e+03 2.190000000000000000e+02
1.236000000000000000e+03 2.200000000000000000e+02
1.236000000000000000e+03 2.180000000000000000e+02
1.238000000000000000e+03 2.180000000000000000e+02
1.235000000000000000e+03 2.160000000000000000e+02
1.236000000000000000e+03 2.170000000000000000e+02
1.235000000000000000e+03 2.190000000000000000e+02
1.232000000000000000e+03 2.150000000000000000e+02
1.236000000000000000e+03 2.150000000000000000e+02
1.231000000000000000e+03 2.150000000000000000e+02
1.233000000000000000e+03 2.140000000000000000e+02
1.232000000000000000e+03 2.170000000000000000e+02
1.233000000000000000e+03 2.190000000000000000e+02
1.236000000000000000e+03 2.180000000000000000e+02
1.233000000000000000e+03 2.190000000000000000e+02
1.236000000000000000e+03 2.200000000000000000e+02
1.234000000000000000e+03 2.230000000000000000e+02
1.236000000000000000e+03 2.200000000000000000e+02
1.240000000000000000e+03 2.180000000000000000e+02
1.239000000000000000e+03 2.170000000000000000e+02
1.239000000000000000e+03 2.170000000000000000e+02
1.243000000000000000e+03 2.200000000000000000e+02
1.241000000000000000e+03 2.220000000000000000e+02
1.241000000000000000e+03 2.220000000000000000e+02
1.238000000000000000e+03 2.220000000000000000e+02
1.238000000000000000e+03 2.190000000000000000e+02
1.243000000000000000e+03 2.210000000000000000e+02
1.241000000000000000e+03 2.190000000000000000e+02
1.243000000000000000e+03 2.190000000000000000e+02
1.243000000000000000e+03 2.210000000000000000e+02
1.242000000000000000e+03 2.210000000000000000e+02
1.247000000000000000e+03 2.210000000000000000e+02
1.244000000000000000e+03 2.200000000000000000e+02
1.246000000000000000e+03 2.220000000000000000e+02
1.245000000000000000e+03 2.210000000000000000e+02
1.243000000000000000e+03 2.190000000000000000e+02
1.245000000000000000e+03 2.190000000000000000e+02
1.240000000000000000e+03 2.170000000000000000e+02
1.240000000000000000e+03 2.170000000000000000e+02
1.238000000000000000e+03 2.200000000000000000e+02
1.236000000000000000e+03 2.200000000000000000e+02
1.238000000000000000e+03 2.210000000000000000e+02
1.237000000000000000e+03 2.190000000000000000e+02
1.238000000000000000e+03 2.180000000000000000e+02
1.238000000000000000e+03 2.200000000000000000e+02
1.239000000000000000e+03 2.190000000000000000e+02
1.238000000000000000e+03 2.190000000000000000e+02
1.239000000000000000e+03 2.180000000000000000e+02
1.237000000000000000e+03 2.170000000000000000e+02
1.239000000000000000e+03 2.150000000000000000e+02
1.236000000000000000e+03 2.150000000000000000e+02
1.234000000000000000e+03 2.160000000000000000e+02
1.233000000000000000e+03 2.160000000000000000e+02
1.233000000000000000e+03 2.170000000000000000e+02
1.236000000000000000e+03 2.190000000000000000e+02
1.232000000000000000e+03 2.180000000000000000e+02
1.232000000000000000e+03 2.180000000000000000e+02
1.233000000000000000e+03 2.160000000000000000e+02
1.233000000000000000e+03 2.140000000000000000e+02
1.235000000000000000e+03 2.150000000000000000e+02
1.230000000000000000e+03 2.150000000000000000e+02
1.229000000000000000e+03 2.120000000000000000e+02
1.230000000000000000e+03 2.150000000000000000e+02
1.226000000000000000e+03 2.150000000000000000e+02
1.222000000000000000e+03 2.150000000000000000e+02
1.221000000000000000e+03 2.130000000000000000e+02
1.221000000000000000e+03 2.110000000000000000e+02
1.227000000000000000e+03 2.150000000000000000e+02
1.226000000000000000e+03 2.170000000000000000e+02
1.228000000000000000e+03 2.150000000000000000e+02
1.229000000000000000e+03 2.160000000000000000e+02
1.226000000000000000e+03 2.130000000000000000e+02
1.227000000000000000e+03 2.120000000000000000e+02
1.225000000000000000e+03 2.080000000000000000e+02
1.226000000000000000e+03 2.070000000000000000e+02
1.225000000000000000e+03 2.070000000000000000e+02
1.224000000000000000e+03 2.070000000000000000e+02
1.225000000000000000e+03 2.080000000000000000e+02
1.223000000000000000e+03 2.080000000000000000e+02
1.223000000000000000e+03 2.100000000000000000e+02
1.225000000000000000e+03 2.090000000000000000e+02
1.221000000000000000e+03 2.080000000000000000e+02
1.225000000000000000e+03 2.090000000000000000e+02
1.225000000000000000e+03 2.120000000000000000e+02
1.224000000000000000e+03 2.130000000000000000e+02
1.227000000000000000e+03 2.150000000000000000e+02
1.223000000000000000e+03 2.110000000000000000e+02
1.226000000000000000e+03 2.120000000000000000e+02
1.224000000000000000e+03 2.150000000000000000e+02
1.225000000000000000e+03 2.150000000000000000e+02
1.226000000000000000e+03 2.130000000000000000e+02
1.220000000000000000e+03 2.120000000000000000e+02
