# frames 12, center=[1259, 213], duration=[100, 200], video=videos browniano 1/Browniano
1.259000000000000000e+03 2.130000000000000000e+02
1.259000000000000000e+03 2.130000000000000000e+02
1.259000000000000000e+03 2.130000000000000000e+02
1.259000000000000000e+03 2.120000000000000000e+02
1.260000000000000000e+03 2.130000000000000000e+02
1.259000000000000000e+03 2.130000000000000000e+02
1.256000000000000000e+03 2.130000000000000000e+02
1.253000000000000000e+03 2.130000000000000000e+02
1.250000000000000000e+03 2.130000000000000000e+02
1.247000000000000000e+03 2.130000000000000000e+02
1.244000000000000000e+03 2.130000000000000000e+02
1.241000000000000000e+03 2.130000000000000000e+02
