# frames 101, center=[1227, 211], duration=[300, 400], video=videos browniano 1/Browniano
1.227000000000000000e+03 2.110000000000000000e+02
1.227000000000000000e+03 2.110000000000000000e+02
1.227000000000000000e+03 2.110000000000000000e+02
1.233000000000000000e+03 2.150000000000000000e+02
1.225000000000000000e+03 2.140000000000000000e+02
1.229000000000000000e+03 2.150000000000000000e+02
1.231000000000000000e+03 2.180000000000000000e+02
1.233000000000000000e+03 2.160000000000000000e+02
1.233000000000000000e+03 2.180000000000000000e+02
1.232000000000000000e+03 2.180000000000000000e+02
1.234000000000000000e+03 2.150000000000000000e+02
1.237000000000000000e+03 2.190000000000000000e+02
1.237000000000000000e+03 2.150000000000000000e+02
1.239000000000000000e+03 2.140000000000000000e+02
1.237000000000000000e+03 2.210000000000000000e+02
1.239000000000000000e+03 2.220000000000000000e+02
1.237000000000000000e+03 2.260000000000000000e+02
1.232000000000000000e+03 2.280000000000000000e+02
1.235000000000000000e+03 2.270000000000000000e+02
1.236000000000000000e+03 2.230000000000000000e+02
1.236000000000000000e+03 2.240000000000000000e+02
1.237000000000000000e+03 2.230000000000000000e+02
1.234000000000000000e+03 2.230000000000000000e+02
1.235000000000000000e+03 2.200000000000000000e+02
1.235000000000000000e+03 2.190000000000000000e+02
1.234000000000000000e+03 2.180000000000000000e+02
1.236000000000000000e+03 2.190000000000000000e+02
1.233000000000000000e+03 2.170000000000000000e+02
1.230000000000000000e+03 2.160000000000000000e+02
1.227000000000000000e+03 2.180000000000000000e+02
1.223000000000000000e+03 2.180000000000000000e+02
1.227000000000000000e+03 2.210000000000000000e+02
1.224000000000000000e+03 2.200000000000000000e+02
1.223000000000000000e+03 2.170000000000000000e+02
1.226000000000000000e+03 2.220000000000000000e+02
1.224000000000000000e+03 2.190000000000000000e+02
1.225000000000000000e+03 2.180000000000000000e+02
1.225000000000000000e+03 2.190000000000000000e+02
1.223000000000000000e+03 2.190000000000000000e+02
1.224000000000000000e+03 2.200000000000000000e+02
1.221000000000000000e+03 2.220000000000000000e+02
1.220000000000000000e+03 2.210000000000000000e+02
1.223000000000000000e+03 2.240000000000000000e+02
1.218000000000000000e+03 2.230000000000000000e+02
1.225000000000000000e+03 2.220000000000000000e+02
1.222000000000000000e+03 2.230000000000000000e+02
1.218000000000000000e+03 2.220000000000000000e+02
1.216000000000000000e+03 2.240000000000000000e+02
1.213000000000000000e+03 2.250000000000000000e+02
1.218000000000000000e+03 2.250000000000000000e+02
1.213000000000000000e+03 2.250000000000000000e+02
1.213000000000000000e+03 2.210000000000000000e+02
1.214000000000000000e+03 2.210000000000000000e+02
1.213000000000000000e+03 2.200000000000000000e+02
1.215000000000000000e+03 2.220000000000000000e+02
1.212000000000000000e+03 2.240000000000000000e+02
1.211000000000000000e+03 2.260000000000000000e+02
1.213000000000000000e+03 2.250000000000000000e+02
1.209000000000000000e+03 2.240000000000000000e+02
1.209000000000000000e+03 2.220000000000000000e+02
1.206000000000000000e+03 2.240000000000000000e+02
1.205000000000000000e+03 2.260000000000000000e+02
1.207000000000000000e+03 2.300000000000000000e+02
1.203000000000000000e+03 2.290000000000000000e+02
1.204000000000000000e+03 2.300000000000000000e+02
1.205000000000000000e+03 2.330000000000000000e+02
1.207000000000000000e+03 2.340000000000000000e+02
1.209000000000000000e+03 2.340000000000000000e+02
1.205000000000000000e+03 2.360000000000000000e+02
1.208000000000000000e+03 2.370000000000000000e+02
1.213000000000000000e+03 2.390000000000000000e+02
1.212000000000000000e+03 2.370000000000000000e+02
1.214000000000000000e+03 2.400000000000000000e+02
1.213000000000000000e+03 2.380000000000000000e+02
1.213000000000000000e+03 2.370000000000000000e+02
1.213000000000000000e+03 2.390000000000000000e+02
1.212000000000000000e+03 2.350000000000000000e+02
1.212000000000000000e+03 2.330000000000000000e+02
1.212000000000000000e+03 2.320000000000000000e+02
1.209000000000000000e+03 2.320000000000000000e+02
1.208000000000000000e+03 2.320000000000000000e+02
1.206000000000000000e+03 2.310000000000000000e+02
1.208000000000000000e+03 2.320000000000000000e+02
1.205000000000000000e+03 2.340000000000000000e+02
1.206000000000000000e+03 2.330000000000000000e+02
1.208000000000000000e+03 2.330000000000000000e+02
1.205000000000000000e+03 2.320000000000000000e+02
1.204000000000000000e+03 2.350000000000000000e+02
1.207000000000000000e+03 2.360000000000000000e+02
1.206000000000000000e+03 2.320000000000000000e+02
1.210000000000000000e+03 2.360000000000000000e+02
1.205000000000000000e+03 2.340000000000000000e+02
1.205000000000000000e+03 2.330000000000000000e+02
1.208000000000000000e+03 2.350000000000000000e+02
1.214000000000000000e+03 2.330000000000000000e+02
1.209000000000000000e+03 2.320000000000000000e+02
1.209000000000000000e+03 2.300000000000000000e+02
1.210000000000000000e+03 2.310000000000000000e+02
1.214000000000000000e+03 2.330000000000000000e+02
1.209000000000000000e+03 2.310000000000000000e+02
1.214000000000000000e+03 2.330000000000000000e+02
