# frames 81, center=[1231, 212], duration=[0, 100], video=videos browniano 1/Browniano
1.231000000000000000e+03 2.120000000000000000e+02
1.231000000000000000e+03 2.120000000000000000e+02
1.231000000000000000e+03 2.120000000000000000e+02
1.233000000000000000e+03 2.140000000000000000e+02
1.234000000000000000e+03 2.170000000000000000e+02
1.235000000000000000e+03 2.180000000000000000e+02
1.233000000000000000e+03 2.170000000000000000e+02
1.232000000000000000e+03 2.160000000000000000e+02
1.233000000000000000e+03 2.160000000000000000e+02
1.233000000000000000e+03 2.160000000000000000e+02
1.229000000000000000e+03 2.150000000000000000e+02
1.231000000000000000e+03 2.170000000000000000e+02
1.230000000000000000e+03 2.170000000000000000e+02
1.231000000000000000e+03 2.170000000000000000e+02
1.230000000000000000e+03 2.180000000000000000e+02
1.235000000000000000e+03 2.200000000000000000e+02
1.235000000000000000e+03 2.200000000000000000e+02
1.232000000000000000e+03 2.180000000000000000e+02
1.230000000000000000e+03 2.170000000000000000e+02
1.233000000000000000e+03 2.170000000000000000e+02
1.230000000000000000e+03 2.200000000000000000e+02
1.230000000000000000e+03 2.220000000000000000e+02
1.232000000000000000e+03 2.220000000000000000e+02
1.234000000000000000e+03 2.200000000000000000e+02
1.238000000000000000e+03 2.220000000000000000e+02
1.236000000000000000e+03 2.210000000000000000e+02
1.236000000000000000e+03 2.200000000000000000e+02
1.237000000000000000e+03 2.220000000000000000e+02
1.234000000000000000e+03 2.210000000000000000e+02
1.238000000000000000e+03 2.220000000000000000e+02
1.236000000000000000e+03 2.250000000000000000e+02
1.236000000000000000e+03 2.220000000000000000e+02
1.241000000000000000e+03 2.190000000000000000e+02
1.241000000000000000e+03 2.180000000000000000e+02
1.246000000000000000e+03 2.200000000000000000e+02
1.246000000000000000e+03 2.170000000000000000e+02
1.250000000000000000e+03 2.170000000000000000e+02
1.249000000000000000e+03 2.220000000000000000e+02
1.244000000000000000e+03 2.190000000000000000e+02
1.248000000000000000e+03 2.170000000000000000e+02
1.248000000000000000e+03 2.160000000000000000e+02
1.245000000000000000e+03 2.160000000000000000e+02
1.247000000000000000e+03 2.210000000000000000e+02
1.247000000000000000e+03 2.190000000000000000e+02
1.249000000000000000e+03 2.170000000000000000e+02
1.247000000000000000e+03 2.170000000000000000e+02
1.246000000000000000e+03 2.160000000000000000e+02
1.253000000000000000e+03 2.170000000000000000e+02
1.253000000000000000e+03 2.170000000000000000e+02
1.250000000000000000e+03 2.140000000000000000e+02
1.252000000000000000e+03 2.140000000000000000e+02
1.254000000000000000e+03 2.120000000000000000e+02
1.253000000000000000e+03 2.140000000000000000e+02
1.251000000000000000e+03 2.140000000000000000e+02
1.247000000000000000e+03 2.130000000000000000e+02
1.251000000000000000e+03 2.130000000000000000e+02
1.256000000000000000e+03 2.160000000000000000e+02
1.255000000000000000e+03 2.150000000000000000e+02
1.253000000000000000e+03 2.170000000000000000e+02
1.254000000000000000e+03 2.210000000000000000e+02
1.253000000000000000e+03 2.200000000000000000e+02
1.255000000000000000e+03 2.160000000000000000e+02
1.251000000000000000e+03 2.170000000000000000e+02
1.251000000000000000e+03 2.190000000000000000e+02
1.257000000000000000e+03 2.200000000000000000e+02
1.256000000000000000e+03 2.200000000000000000e+02
1.255000000000000000e+03 2.160000000000000000e+02
1.258000000000000000e+03 2.160000000000000000e+02
1.253000000000000000e+03 2.160000000000000000e+02
1.248000000000000000e+03 2.160000000000000000e+02
1.258000000000000000e+03 2.100000000000000000e+02
1.255000000000000000e+03 2.110000000000000000e+02
1.257000000000000000e+03 2.110000000000000000e+02
1.253000000000000000e+03 2.110000000000000000e+02
1.255000000000000000e+03 2.080000000000000000e+02
1.256000000000000000e+03 2.090000000000000000e+02
1.257000000000000000e+03 2.080000000000000000e+02
1.258000000000000000e+03 2.070000000000000000e+02
1.259000000000000000e+03 2.060000000000000000e+02
1.260000000000000000e+03 2.050000000000000000e+02
1.261000000000000000e+03 2.040000000000000000e+02
