# frames 101, center=[768, 680], duration=[400, 500], video=videos browniano 1/Browniano
7.680000000000000000e+02 6.800000000000000000e+02
7.680000000000000000e+02 6.800000000000000000e+02
7.680000000000000000e+02 6.800000000000000000e+02
7.670000000000000000e+02 6.830000000000000000e+02
7.660000000000000000e+02 6.790000000000000000e+02
7.680000000000000000e+02 6.800000000000000000e+02
7.670000000000000000e+02 6.790000000000000000e+02
7.680000000000000000e+02 6.790000000000000000e+02
7.690000000000000000e+02 6.800000000000000000e+02
7.710000000000000000e+02 6.810000000000000000e+02
7.690000000000000000e+02 6.790000000000000000e+02
7.720000000000000000e+02 6.800000000000000000e+02
7.730000000000000000e+02 6.790000000000000000e+02
7.720000000000000000e+02 6.790000000000000000e+02
7.710000000000000000e+02 6.810000000000000000e+02
7.740000000000000000e+02 6.820000000000000000e+02
7.740000000000000000e+02 6.820000000000000000e+02
7.760000000000000000e+02 6.840000000000000000e+02
7.730000000000000000e+02 6.850000000000000000e+02
7.770000000000000000e+02 6.850000000000000000e+02
7.800000000000000000e+02 6.860000000000000000e+02
7.800000000000000000e+02 6.850000000000000000e+02
7.780000000000000000e+02 6.830000000000000000e+02
7.770000000000000000e+02 6.840000000000000000e+02
7.740000000000000000e+02 6.800000000000000000e+02
7.780000000000000000e+02 6.830000000000000000e+02
7.740000000000000000e+02 6.800000000000000000e+02
7.710000000000000000e+02 6.810000000000000000e+02
7.740000000000000000e+02 6.820000000000000000e+02
7.730000000000000000e+02 6.790000000000000000e+02
7.760000000000000000e+02 6.820000000000000000e+02
7.770000000000000000e+02 6.830000000000000000e+02
7.750000000000000000e+02 6.800000000000000000e+02
7.790000000000000000e+02 6.830000000000000000e+02
7.750000000000000000e+02 6.800000000000000000e+02
7.770000000000000000e+02 6.810000000000000000e+02
7.770000000000000000e+02 6.780000000000000000e+02
7.780000000000000000e+02 6.800000000000000000e+02
7.790000000000000000e+02 6.810000000000000000e+02
7.780000000000000000e+02 6.800000000000000000e+02
7.780000000000000000e+02 6.800000000000000000e+02
7.790000000000000000e+02 6.820000000000000000e+02
7.770000000000000000e+02 6.810000000000000000e+02
7.790000000000000000e+02 6.820000000000000000e+02
7.790000000000000000e+02 6.800000000000000000e+02
7.800000000000000000e+02 6.800000000000000000e+02
7.810000000000000000e+02 6.820000000000000000e+02
7.770000000000000000e+02 6.780000000000000000e+02
7.780000000000000000e+02 6.780000000000000000e+02
7.760000000000000000e+02 6.780000000000000000e+02
7.760000000000000000e+02 6.780000000000000000e+02
7.780000000000000000e+02 6.800000000000000000e+02
7.790000000000000000e+02 6.810000000000000000e+02
7.810000000000000000e+02 6.820000000000000000e+02
7.820000000000000000e+02 6.820000000000000000e+02
7.810000000000000000e+02 6.820000000000000000e+02
7.800000000000000000e+02 6.860000000000000000e+02
7.770000000000000000e+02 6.850000000000000000e+02
7.790000000000000000e+02 6.860000000000000000e+02
7.780000000000000000e+02 6.860000000000000000e+02
7.740000000000000000e+02 6.840000000000000000e+02
7.740000000000000000e+02 6.850000000000000000e+02
7.730000000000000000e+02 6.850000000000000000e+02
7.730000000000000000e+02 6.860000000000000000e+02
7.740000000000000000e+02 6.880000000000000000e+02
7.720000000000000000e+02 6.870000000000000000e+02
7.770000000000000000e+02 6.870000000000000000e+02
7.740000000000000000e+02 6.880000000000000000e+02
7.730000000000000000e+02 6.850000000000000000e+02
7.760000000000000000e+02 6.860000000000000000e+02
7.710000000000000000e+02 6.850000000000000000e+02
7.720000000000000000e+02 6.860000000000000000e+02
7.710000000000000000e+02 6.860000000000000000e+02
7.720000000000000000e+02 6.850000000000000000e+02
7.710000000000000000e+02 6.860000000000000000e+02
7.680000000000000000e+02 6.860000000000000000e+02
7.710000000000000000e+02 6.850000000000000000e+02
7.690000000000000000e+02 6.870000000000000000e+02
7.690000000000000000e+02 6.850000000000000000e+02
7.740000000000000000e+02 6.860000000000000000e+02
7.700000000000000000e+02 6.850000000000000000e+02
7.710000000000000000e+02 6.830000000000000000e+02
7.740000000000000000e+02 6.840000000000000000e+02
7.700000000000000000e+02 6.820000000000000000e+02
7.770000000000000000e+02 6.850000000000000000e+02
7.760000000000000000e+02 6.850000000000000000e+02
7.690000000000000000e+02 6.830000000000000000e+02
7.730000000000000000e+02 6.850000000000000000e+02
7.690000000000000000e+02 6.850000000000000000e+02
7.720000000000000000e+02 6.850000000000000000e+02
7.710000000000000000e+02 6.850000000000000000e+02
7.650000000000000000e+02 6.830000000000000000e+02
7.710000000000000000e+02 6.830000000000000000e+02
7.720000000000000000e+02 6.820000000000000000e+02
7.710000000000000000e+02 6.800000000000000000e+02
7.730000000000000000e+02 6.820000000000000000e+02
7.730000000000000000e+02 6.790000000000000000e+02
7.730000000000000000e+02 6.800000000000000000e+02
7.730000000000000000e+02 6.790000000000000000e+02
7.720000000000000000e+02 6.780000000000000000e+02
7.720000000000000000e+02 6.800000000000000000e+02
