# frames 101, center=[837, 631], duration=[0, 100], video=videos browniano 1/Browniano
8.370000000000000000e+02 6.310000000000000000e+02
8.370000000000000000e+02 6.310000000000000000e+02
8.370000000000000000e+02 6.310000000000000000e+02
8.350000000000000000e+02 6.330000000000000000e+02
8.350000000000000000e+02 6.320000000000000000e+02
8.360000000000000000e+02 6.320000000000000000e+02
8.330000000000000000e+02 6.310000000000000000e+02
8.340000000000000000e+02 6.330000000000000000e+02
8.340000000000000000e+02 6.340000000000000000e+02
8.320000000000000000e+02 6.330000000000000000e+02
8.340000000000000000e+02 6.350000000000000000e+02
8.310000000000000000e+02 6.340000000000000000e+02
8.330000000000000000e+02 6.330000000000000000e+02
8.310000000000000000e+02 6.350000000000000000e+02
8.300000000000000000e+02 6.330000000000000000e+02
8.320000000000000000e+02 6.360000000000000000e+02
8.280000000000000000e+02 6.360000000000000000e+02
8.270000000000000000e+02 6.350000000000000000e+02
8.290000000000000000e+02 6.350000000000000000e+02
8.260000000000000000e+02 6.360000000000000000e+02
8.260000000000000000e+02 6.370000000000000000e+02
8.250000000000000000e+02 6.390000000000000000e+02
8.230000000000000000e+02 6.390000000000000000e+02
8.260000000000000000e+02 6.420000000000000000e+02
8.250000000000000000e+02 6.400000000000000000e+02
8.240000000000000000e+02 6.420000000000000000e+02
8.240000000000000000e+02 6.410000000000000000e+02
8.240000000000000000e+02 6.400000000000000000e+02
8.270000000000000000e+02 6.430000000000000000e+02
8.250000000000000000e+02 6.420000000000000000e+02
8.270000000000000000e+02 6.410000000000000000e+02
8.260000000000000000e+02 6.430000000000000000e+02
8.270000000000000000e+02 6.410000000000000000e+02
8.280000000000000000e+02 6.430000000000000000e+02
8.270000000000000000e+02 6.430000000000000000e+02
8.250000000000000000e+02 6.430000000000000000e+02
8.270000000000000000e+02 6.450000000000000000e+02
8.250000000000000000e+02 6.450000000000000000e+02
8.260000000000000000e+02 6.450000000000000000e+02
8.260000000000000000e+02 6.480000000000000000e+02
8.270000000000000000e+02 6.460000000000000000e+02
8.270000000000000000e+02 6.480000000000000000e+02
8.250000000000000000e+02 6.450000000000000000e+02
8.260000000000000000e+02 6.450000000000000000e+02
8.250000000000000000e+02 6.470000000000000000e+02
8.240000000000000000e+02 6.460000000000000000e+02
8.260000000000000000e+02 6.480000000000000000e+02
8.220000000000000000e+02 6.480000000000000000e+02
8.240000000000000000e+02 6.470000000000000000e+02
8.250000000000000000e+02 6.450000000000000000e+02
8.210000000000000000e+02 6.450000000000000000e+02
8.210000000000000000e+02 6.470000000000000000e+02
8.190000000000000000e+02 6.470000000000000000e+02
8.190000000000000000e+02 6.470000000000000000e+02
8.210000000000000000e+02 6.510000000000000000e+02
8.200000000000000000e+02 6.500000000000000000e+02
8.190000000000000000e+02 6.490000000000000000e+02
8.150000000000000000e+02 6.470000000000000000e+02
8.180000000000000000e+02 6.500000000000000000e+02
8.180000000000000000e+02 6.470000000000000000e+02
8.190000000000000000e+02 6.470000000000000000e+02
8.170000000000000000e+02 6.470000000000000000e+02
8.160000000000000000e+02 6.450000000000000000e+02
8.170000000000000000e+02 6.470000000000000000e+02
8.130000000000000000e+02 6.440000000000000000e+02
8.160000000000000000e+02 6.460000000000000000e+02
8.160000000000000000e+02 6.490000000000000000e+02
8.140000000000000000e+02 6.470000000000000000e+02
8.120000000000000000e+02 6.500000000000000000e+02
8.110000000000000000e+02 6.510000000000000000e+02
8.100000000000000000e+02 6.500000000000000000e+02
8.110000000000000000e+02 6.510000000000000000e+02
8.070000000000000000e+02 6.500000000000000000e+02
8.080000000000000000e+02 6.510000000000000000e+02
8.060000000000000000e+02 6.500000000000000000e+02
8.050000000000000000e+02 6.490000000000000000e+02
8.060000000000000000e+02 6.500000000000000000e+02
8.020000000000000000e+02 6.480000000000000000e+02
8.020000000000000000e+02 6.460000000000000000e+02
8.030000000000000000e+02 6.470000000000000000e+02
8.030000000000000000e+02 6.470000000000000000e+02
8.060000000000000000e+02 6.480000000000000000e+02
8.030000000000000000e+02 6.490000000000000000e+02
8.060000000000000000e+02 6.500000000000000000e+02
8.090000000000000000e+02 6.490000000000000000e+02
8.040000000000000000e+02 6.480000000000000000e+02
8.070000000000000000e+02 6.490000000000000000e+02
8.040000000000000000e+02 6.480000000000000000e+02
8.030000000000000000e+02 6.490000000000000000e+02
8.040000000000000000e+02 6.460000000000000000e+02
8.040000000000000000e+02 6.500000000000000000e+02
8.030000000000000000e+02 6.500000000000000000e+02
8.020000000000000000e+02 6.490000000000000000e+02
8.030000000000000000e+02 6.510000000000000000e+02
8.010000000000000000e+02 6.510000000000000000e+02
8.030000000000000000e+02 6.510000000000000000e+02
8.010000000000000000e+02 6.510000000000000000e+02
8.000000000000000000e+02 6.520000000000000000e+02
8.030000000000000000e+02 6.540000000000000000e+02
8.030000000000000000e+02 6.530000000000000000e+02
8.070000000000000000e+02 6.530000000000000000e+02
