# frames 101, center=[781, 659], duration=[300, 400], video=videos browniano 1/Browniano
7.810000000000000000e+02 6.590000000000000000e+02
7.810000000000000000e+02 6.590000000000000000e+02
7.810000000000000000e+02 6.590000000000000000e+02
7.790000000000000000e+02 6.590000000000000000e+02
7.780000000000000000e+02 6.570000000000000000e+02
7.780000000000000000e+02 6.580000000000000000e+02
7.750000000000000000e+02 6.590000000000000000e+02
7.770000000000000000e+02 6.600000000000000000e+02
7.750000000000000000e+02 6.620000000000000000e+02
7.750000000000000000e+02 6.610000000000000000e+02
7.770000000000000000e+02 6.610000000000000000e+02
7.760000000000000000e+02 6.580000000000000000e+02
7.770000000000000000e+02 6.580000000000000000e+02
7.750000000000000000e+02 6.590000000000000000e+02
7.740000000000000000e+02 6.570000000000000000e+02
7.750000000000000000e+02 6.590000000000000000e+02
7.740000000000000000e+02 6.570000000000000000e+02
7.760000000000000000e+02 6.580000000000000000e+02
7.730000000000000000e+02 6.600000000000000000e+02
7.730000000000000000e+02 6.590000000000000000e+02
7.750000000000000000e+02 6.610000000000000000e+02
7.710000000000000000e+02 6.620000000000000000e+02
7.700000000000000000e+02 6.610000000000000000e+02
7.730000000000000000e+02 6.610000000000000000e+02
7.710000000000000000e+02 6.610000000000000000e+02
7.720000000000000000e+02 6.630000000000000000e+02
7.740000000000000000e+02 6.620000000000000000e+02
7.720000000000000000e+02 6.620000000000000000e+02
7.740000000000000000e+02 6.630000000000000000e+02
7.750000000000000000e+02 6.620000000000000000e+02
7.740000000000000000e+02 6.640000000000000000e+02
7.720000000000000000e+02 6.630000000000000000e+02
7.710000000000000000e+02 6.630000000000000000e+02
7.720000000000000000e+02 6.660000000000000000e+02
7.700000000000000000e+02 6.670000000000000000e+02
7.720000000000000000e+02 6.680000000000000000e+02
7.720000000000000000e+02 6.670000000000000000e+02
7.710000000000000000e+02 6.650000000000000000e+02
7.750000000000000000e+02 6.660000000000000000e+02
7.730000000000000000e+02 6.650000000000000000e+02
7.760000000000000000e+02 6.660000000000000000e+02
7.750000000000000000e+02 6.660000000000000000e+02
7.720000000000000000e+02 6.670000000000000000e+02
7.740000000000000000e+02 6.670000000000000000e+02
7.740000000000000000e+02 6.670000000000000000e+02
7.740000000000000000e+02 6.680000000000000000e+02
7.750000000000000000e+02 6.710000000000000000e+02
7.740000000000000000e+02 6.710000000000000000e+02
7.770000000000000000e+02 6.700000000000000000e+02
7.740000000000000000e+02 6.700000000000000000e+02
7.720000000000000000e+02 6.660000000000000000e+02
7.740000000000000000e+02 6.680000000000000000e+02
7.710000000000000000e+02 6.690000000000000000e+02
7.710000000000000000e+02 6.690000000000000000e+02
7.740000000000000000e+02 6.680000000000000000e+02
7.710000000000000000e+02 6.670000000000000000e+02
7.740000000000000000e+02 6.670000000000000000e+02
7.720000000000000000e+02 6.670000000000000000e+02
7.730000000000000000e+02 6.670000000000000000e+02
7.750000000000000000e+02 6.650000000000000000e+02
7.730000000000000000e+02 6.660000000000000000e+02
7.770000000000000000e+02 6.680000000000000000e+02
7.750000000000000000e+02 6.690000000000000000e+02
7.740000000000000000e+02 6.680000000000000000e+02
7.740000000000000000e+02 6.680000000000000000e+02
7.710000000000000000e+02 6.660000000000000000e+02
7.710000000000000000e+02 6.650000000000000000e+02
7.710000000000000000e+02 6.670000000000000000e+02
7.670000000000000000e+02 6.650000000000000000e+02
7.680000000000000000e+02 6.660000000000000000e+02
7.650000000000000000e+02 6.670000000000000000e+02
7.680000000000000000e+02 6.680000000000000000e+02
7.670000000000000000e+02 6.710000000000000000e+02
7.670000000000000000e+02 6.710000000000000000e+02
7.670000000000000000e+02 6.710000000000000000e+02
7.640000000000000000e+02 6.700000000000000000e+02
7.680000000000000000e+02 6.700000000000000000e+02
7.670000000000000000e+02 6.710000000000000000e+02
7.680000000000000000e+02 6.680000000000000000e+02
7.730000000000000000e+02 6.730000000000000000e+02
7.720000000000000000e+02 6.720000000000000000e+02
7.700000000000000000e+02 6.700000000000000000e+02
7.720000000000000000e+02 6.740000000000000000e+02
7.730000000000000000e+02 6.700000000000000000e+02
7.750000000000000000e+02 6.730000000000000000e+02
7.690000000000000000e+02 6.730000000000000000e+02
7.680000000000000000e+02 6.750000000000000000e+02
7.680000000000000000e+02 6.760000000000000000e+02
7.650000000000000000e+02 6.770000000000000000e+02
7.660000000000000000e+02 6.780000000000000000e+02
7.670000000000000000e+02 6.780000000000000000e+02
7.650000000000000000e+02 6.760000000000000000e+02
7.680000000000000000e+02 6.760000000000000000e+02
7.640000000000000000e+02 6.740000000000000000e+02
7.670000000000000000e+02 6.750000000000000000e+02
7.650000000000000000e+02 6.750000000000000000e+02
7.670000000000000000e+02 6.750000000000000000e+02
7.650000000000000000e+02 6.770000000000000000e+02
7.660000000000000000e+02 6.760000000000000000e+02
7.650000000000000000e+02 6.740000000000000000e+02
7.660000000000000000e+02 6.760000000000000000e+02
