# frames 101, center=[803, 650], duration=[100, 200], video=videos browniano 1/Browniano
8.030000000000000000e+02 6.500000000000000000e+02
8.030000000000000000e+02 6.500000000000000000e+02
8.030000000000000000e+02 6.500000000000000000e+02
8.050000000000000000e+02 6.510000000000000000e+02
8.060000000000000000e+02 6.520000000000000000e+02
8.040000000000000000e+02 6.540000000000000000e+02
8.060000000000000000e+02 6.550000000000000000e+02
8.050000000000000000e+02 6.540000000000000000e+02
8.100000000000000000e+02 6.550000000000000000e+02
8.060000000000000000e+02 6.550000000000000000e+02
8.070000000000000000e+02 6.540000000000000000e+02
8.090000000000000000e+02 6.540000000000000000e+02
8.070000000000000000e+02 6.530000000000000000e+02
8.100000000000000000e+02 6.530000000000000000e+02
8.090000000000000000e+02 6.530000000000000000e+02
8.060000000000000000e+02 6.550000000000000000e+02
8.090000000000000000e+02 6.560000000000000000e+02
8.070000000000000000e+02 6.560000000000000000e+02
8.090000000000000000e+02 6.560000000000000000e+02
8.130000000000000000e+02 6.560000000000000000e+02
8.120000000000000000e+02 6.550000000000000000e+02
8.150000000000000000e+02 6.570000000000000000e+02
8.130000000000000000e+02 6.580000000000000000e+02
8.140000000000000000e+02 6.590000000000000000e+02
8.170000000000000000e+02 6.610000000000000000e+02
8.150000000000000000e+02 6.620000000000000000e+02
8.190000000000000000e+02 6.620000000000000000e+02
8.160000000000000000e+02 6.610000000000000000e+02
8.150000000000000000e+02 6.590000000000000000e+02
8.160000000000000000e+02 6.590000000000000000e+02
8.120000000000000000e+02 6.580000000000000000e+02
8.120000000000000000e+02 6.590000000000000000e+02
8.120000000000000000e+02 6.570000000000000000e+02
8.130000000000000000e+02 6.570000000000000000e+02
8.140000000000000000e+02 6.600000000000000000e+02
8.110000000000000000e+02 6.600000000000000000e+02
8.100000000000000000e+02 6.610000000000000000e+02
8.110000000000000000e+02 6.620000000000000000e+02
8.110000000000000000e+02 6.610000000000000000e+02
8.120000000000000000e+02 6.630000000000000000e+02
8.120000000000000000e+02 6.620000000000000000e+02
8.110000000000000000e+02 6.630000000000000000e+02
8.090000000000000000e+02 6.640000000000000000e+02
8.080000000000000000e+02 6.650000000000000000e+02
8.100000000000000000e+02 6.670000000000000000e+02
8.080000000000000000e+02 6.670000000000000000e+02
8.060000000000000000e+02 6.670000000000000000e+02
8.070000000000000000e+02 6.680000000000000000e+02
8.050000000000000000e+02 6.660000000000000000e+02
8.050000000000000000e+02 6.680000000000000000e+02
8.050000000000000000e+02 6.700000000000000000e+02
8.040000000000000000e+02 6.680000000000000000e+02
8.060000000000000000e+02 6.670000000000000000e+02
8.050000000000000000e+02 6.660000000000000000e+02
8.040000000000000000e+02 6.650000000000000000e+02
8.020000000000000000e+02 6.650000000000000000e+02
8.020000000000000000e+02 6.630000000000000000e+02
8.060000000000000000e+02 6.640000000000000000e+02
8.010000000000000000e+02 6.620000000000000000e+02
8.030000000000000000e+02 6.620000000000000000e+02
8.030000000000000000e+02 6.620000000000000000e+02
8.030000000000000000e+02 6.600000000000000000e+02
8.040000000000000000e+02 6.610000000000000000e+02
8.020000000000000000e+02 6.600000000000000000e+02
8.020000000000000000e+02 6.590000000000000000e+02
8.060000000000000000e+02 6.590000000000000000e+02
8.030000000000000000e+02 6.570000000000000000e+02
8.060000000000000000e+02 6.570000000000000000e+02
8.050000000000000000e+02 6.590000000000000000e+02
8.040000000000000000e+02 6.580000000000000000e+02
8.070000000000000000e+02 6.600000000000000000e+02
8.040000000000000000e+02 6.590000000000000000e+02
8.070000000000000000e+02 6.570000000000000000e+02
8.050000000000000000e+02 6.540000000000000000e+02
8.080000000000000000e+02 6.530000000000000000e+02
8.080000000000000000e+02 6.530000000000000000e+02
8.100000000000000000e+02 6.550000000000000000e+02
8.080000000000000000e+02 6.540000000000000000e+02
8.110000000000000000e+02 6.560000000000000000e+02
8.120000000000000000e+02 6.570000000000000000e+02
8.130000000000000000e+02 6.580000000000000000e+02
8.110000000000000000e+02 6.580000000000000000e+02
8.110000000000000000e+02 6.600000000000000000e+02
8.070000000000000000e+02 6.620000000000000000e+02
8.030000000000000000e+02 6.590000000000000000e+02
8.060000000000000000e+02 6.620000000000000000e+02
8.070000000000000000e+02 6.620000000000000000e+02
8.060000000000000000e+02 6.630000000000000000e+02
8.060000000000000000e+02 6.650000000000000000e+02
8.050000000000000000e+02 6.630000000000000000e+02
8.060000000000000000e+02 6.670000000000000000e+02
8.080000000000000000e+02 6.680000000000000000e+02
8.050000000000000000e+02 6.670000000000000000e+02
8.070000000000000000e+02 6.700000000000000000e+02
8.070000000000000000e+02 6.700000000000000000e+02
8.090000000000000000e+02 6.690000000000000000e+02
8.100000000000000000e+02 6.690000000000000000e+02
8.070000000000000000e+02 6.680000000000000000e+02
8.090000000000000000e+02 6.660000000000000000e+02
8.050000000000000000e+02 6.680000000000000000e+02
8.050000000000000000e+02 6.680000000000000000e+02
