# frames 101, center=[810, 666], duration=[200, 300], video=videos browniano 1/Browniano
8.100000000000000000e+02 6.660000000000000000e+02
8.100000000000000000e+02 6.660000000000000000e+02
8.100000000000000000e+02 6.660000000000000000e+02
8.120000000000000000e+02 6.680000000000000000e+02
8.100000000000000000e+02 6.660000000000000000e+02
8.110000000000000000e+02 6.660000000000000000e+02
8.130000000000000000e+02 6.680000000000000000e+02
8.140000000000000000e+02 6.680000000000000000e+02
8.160000000000000000e+02 6.680000000000000000e+02
8.140000000000000000e+02 6.640000000000000000e+02
8.130000000000000000e+02 6.650000000000000000e+02
8.150000000000000000e+02 6.650000000000000000e+02
8.140000000000000000e+02 6.640000000000000000e+02
8.150000000000000000e+02 6.630000000000000000e+02
8.140000000000000000e+02 6.630000000000000000e+02
8.120000000000000000e+02 6.620000000000000000e+02
8.130000000000000000e+02 6.590000000000000000e+02
8.110000000000000000e+02 6.590000000000000000e+02
8.120000000000000000e+02 6.590000000000000000e+02
8.130000000000000000e+02 6.600000000000000000e+02
8.100000000000000000e+02 6.600000000000000000e+02
8.120000000000000000e+02 6.620000000000000000e+02
8.100000000000000000e+02 6.620000000000000000e+02
8.090000000000000000e+02 6.610000000000000000e+02
8.120000000000000000e+02 6.610000000000000000e+02
8.110000000000000000e+02 6.600000000000000000e+02
8.110000000000000000e+02 6.590000000000000000e+02
8.110000000000000000e+02 6.610000000000000000e+02
8.120000000000000000e+02 6.590000000000000000e+02
8.140000000000000000e+02 6.610000000000000000e+02
8.080000000000000000e+02 6.600000000000000000e+02
8.110000000000000000e+02 6.610000000000000000e+02
8.110000000000000000e+02 6.610000000000000000e+02
8.090000000000000000e+02 6.590000000000000000e+02
8.110000000000000000e+02 6.610000000000000000e+02
8.070000000000000000e+02 6.600000000000000000e+02
8.070000000000000000e+02 6.610000000000000000e+02
8.070000000000000000e+02 6.630000000000000000e+02
8.060000000000000000e+02 6.620000000000000000e+02
8.100000000000000000e+02 6.610000000000000000e+02
8.050000000000000000e+02 6.600000000000000000e+02
8.050000000000000000e+02 6.600000000000000000e+02
8.040000000000000000e+02 6.620000000000000000e+02
8.040000000000000000e+02 6.590000000000000000e+02
8.030000000000000000e+02 6.580000000000000000e+02
8.040000000000000000e+02 6.580000000000000000e+02
8.020000000000000000e+02 6.560000000000000000e+02
8.040000000000000000e+02 6.580000000000000000e+02
8.000000000000000000e+02 6.560000000000000000e+02
7.980000000000000000e+02 6.560000000000000000e+02
7.980000000000000000e+02 6.560000000000000000e+02
7.960000000000000000e+02 6.560000000000000000e+02
7.980000000000000000e+02 6.580000000000000000e+02
7.940000000000000000e+02 6.560000000000000000e+02
7.950000000000000000e+02 6.550000000000000000e+02
7.940000000000000000e+02 6.560000000000000000e+02
7.930000000000000000e+02 6.550000000000000000e+02
7.930000000000000000e+02 6.550000000000000000e+02
7.880000000000000000e+02 6.520000000000000000e+02
7.900000000000000000e+02 6.520000000000000000e+02
7.890000000000000000e+02 6.520000000000000000e+02
7.880000000000000000e+02 6.510000000000000000e+02
7.880000000000000000e+02 6.550000000000000000e+02
7.830000000000000000e+02 6.550000000000000000e+02
7.860000000000000000e+02 6.540000000000000000e+02
7.880000000000000000e+02 6.550000000000000000e+02
7.860000000000000000e+02 6.550000000000000000e+02
7.880000000000000000e+02 6.570000000000000000e+02
7.860000000000000000e+02 6.580000000000000000e+02
7.840000000000000000e+02 6.560000000000000000e+02
7.840000000000000000e+02 6.570000000000000000e+02
7.800000000000000000e+02 6.580000000000000000e+02
7.840000000000000000e+02 6.590000000000000000e+02
7.820000000000000000e+02 6.570000000000000000e+02
7.810000000000000000e+02 6.570000000000000000e+02
7.840000000000000000e+02 6.590000000000000000e+02
7.810000000000000000e+02 6.580000000000000000e+02
7.800000000000000000e+02 6.590000000000000000e+02
7.800000000000000000e+02 6.600000000000000000e+02
7.790000000000000000e+02 6.570000000000000000e+02
7.820000000000000000e+02 6.600000000000000000e+02
7.820000000000000000e+02 6.580000000000000000e+02
7.820000000000000000e+02 6.560000000000000000e+02
7.860000000000000000e+02 6.560000000000000000e+02
7.850000000000000000e+02 6.560000000000000000e+02
7.860000000000000000e+02 6.570000000000000000e+02
7.820000000000000000e+02 6.570000000000000000e+02
7.810000000000000000e+02 6.580000000000000000e+02
7.820000000000000000e+02 6.580000000000000000e+02
7.810000000000000000e+02 6.550000000000000000e+02
7.860000000000000000e+02 6.580000000000000000e+02
7.850000000000000000e+02 6.570000000000000000e+02
7.860000000000000000e+02 6.560000000000000000e+02
7.880000000000000000e+02 6.590000000000000000e+02
7.860000000000000000e+02 6.600000000000000000e+02
7.880000000000000000e+02 6.600000000000000000e+02
7.880000000000000000e+02 6.590000000000000000e+02
7.870000000000000000e+02 6.550000000000000000e+02
7.860000000000000000e+02 6.560000000000000000e+02
7.810000000000000000e+02 6.560000000000000000e+02
7.820000000000000000e+02 6.570000000000000000e+02
