date/time: ,19/10/2022,07:18 p.m.
Run 1

time	Velocity 2
0,000000	5,617260E-1
0,016667	5,633146E-1
0,033333	5,646178E-1
0,050000	5,664187E-1
0,066667	5,682782E-1
0,083333	5,696399E-1
0,100000	5,712725E-1
0,116667	5,727879E-1
0,133333	5,742887E-1
0,150000	5,755845E-1
0,166667	5,763751E-1
0,183333	5,773122E-1
0,200000	5,781541E-1
0,216667	5,790107E-1
0,233333	5,794279E-1
0,250000	5,793035E-1
0,266667	5,792522E-1
0,283333	5,790326E-1
0,300000	5,786666E-1
0,316667	5,780223E-1
0,333333	5,772902E-1
0,350000	5,763532E-1
0,366667	5,752550E-1
0,383333	5,740398E-1
0,400000	5,722535E-1
0,416667	5,710894E-1
0,433333	5,694203E-1
0,450000	5,674802E-1
0,466667	5,660014E-1
0,483333	5,645080E-1
0,500000	5,625899E-1
0,516667	5,611037E-1
0,533333	5,595590E-1
0,550000	5,578679E-1
0,566667	5,568137E-1
0,583333	5,554154E-1
0,600000	5,545515E-1
0,616667	5,532704E-1
0,633333	5,528311E-1
0,650000	5,521869E-1
0,666667	5,518428E-1
0,683333	5,517403E-1
0,700000	5,518794E-1
0,716667	5,523626E-1
0,733333	5,526993E-1
0,750000	5,531825E-1
0,766667	5,542880E-1
0,783333	5,552397E-1
0,800000	5,562353E-1
0,816667	5,576629E-1
0,833333	5,593467E-1
0,850000	5,605181E-1
0,866667	5,623703E-1
0,883333	5,637759E-1
0,900000	5,656720E-1
0,916667	5,674729E-1
0,933333	5,689078E-1
0,950000	5,706721E-1
0,966667	5,722242E-1
0,983333	5,734321E-1
1,000000	5,748011E-1
1,016667	5,761555E-1
1,033333	5,768730E-1
1,050000	5,778613E-1
1,066667	5,785055E-1
1,083333	5,789740E-1
1,100000	5,792888E-1
1,116667	5,793621E-1
1,133333	5,791864E-1
1,150000	5,789301E-1
1,166667	5,783884E-1
1,183333	5,776416E-1
1,200000	5,768656E-1
1,216667	5,756870E-1
1,233333	5,745595E-1
1,250000	5,732564E-1
1,266667	5,719679E-1
1,283333	5,704379E-1
1,300000	5,685198E-1
1,316667	5,670263E-1
1,333333	5,655256E-1
1,350000	5,639150E-1
1,366667	5,619896E-1
1,383333	5,605986E-1
1,400000	5,588635E-1
1,416667	5,573994E-1
1,433333	5,563525E-1
1,450000	5,549835E-1
1,466667	5,543099E-1
1,483333	5,533875E-1
1,500000	5,526115E-1
1,516667	5,524138E-1
1,533333	5,520112E-1
1,550000	5,520331E-1
1,566667	5,521430E-1
1,583333	5,522674E-1
1,600000	5,527506E-1
1,616667	5,534827E-1
1,633333	5,546467E-1
1,650000	5,556936E-1
1,666667	5,571138E-1
1,683333	5,582559E-1
1,700000	5,599104E-1
1,716667	5,611550E-1
1,733333	5,629706E-1
1,750000	5,643615E-1
1,766667	5,661698E-1
1,783333	5,680147E-1
1,800000	5,693397E-1
1,816667	5,708991E-1
1,833333	5,724365E-1
1,850000	5,738641E-1
1,866667	5,751745E-1
1,883333	5,763458E-1
1,900000	5,772976E-1
1,916667	5,777807E-1
1,933333	5,783737E-1
1,950000	5,788569E-1
1,966667	5,791571E-1
1,983333	5,791937E-1
2,000000	5,789814E-1
2,016667	5,784835E-1
2,033333	5,779052E-1
2,050000	5,771438E-1
2,066667	5,762360E-1
2,083333	5,751891E-1
2,100000	5,740178E-1
2,116667	5,727293E-1
2,133333	5,713603E-1
2,150000	5,694642E-1
2,166667	5,680147E-1
2,183333	5,664480E-1
2,200000	5,645153E-1
2,216667	5,628754E-1
2,233333	5,614112E-1
2,250000	5,600568E-1
2,266667	5,583438E-1
2,283333	5,572383E-1
2,300000	5,557522E-1
2,316667	5,549322E-1
2,333333	5,538634E-1
2,350000	5,529629E-1
2,366667	5,526774E-1
2,383333	5,521722E-1
2,400000	5,521064E-1
2,416667	5,519380E-1
2,433333	5,524211E-1
2,450000	5,526847E-1
2,466667	5,531020E-1
2,483333	5,542001E-1
2,500000	5,551518E-1
2,516667	5,560743E-1
2,533333	5,575531E-1
2,550000	5,588269E-1
2,566667	5,605254E-1
2,583333	5,618212E-1
2,600000	5,634245E-1
2,616667	5,652913E-1
2,633333	5,670922E-1
2,650000	5,684978E-1
2,666667	5,703061E-1
2,683333	5,718655E-1
2,700000	5,730002E-1
2,716667	5,743472E-1
2,733333	5,756211E-1
2,750000	5,766314E-1
2,766667	5,775318E-1
2,783333	5,784543E-1
2,800000	5,790399E-1
2,816667	5,792596E-1
2,833333	5,793694E-1
2,850000	5,792669E-1
2,866667	5,789887E-1
2,883333	5,785128E-1
2,900000	5,777954E-1
2,916667	5,770267E-1
2,933333	5,761701E-1
2,950000	5,750134E-1
2,966667	5,734102E-1
2,983333	5,720924E-1
3,000000	5,704818E-1
3,016667	5,689225E-1
3,033333	5,674070E-1
3,050000	5,657379E-1
3,066667	5,638418E-1
3,083333	5,624142E-1
3,100000	5,610012E-1
3,116667	5,592442E-1
3,133333	5,580582E-1
3,150000	5,565428E-1
3,166667	5,551079E-1
3,183333	5,543978E-1
3,200000	5,535925E-1
3,216667	5,527286E-1
3,233333	5,524944E-1
3,250000	5,520405E-1
3,266667	5,517476E-1
3,283333	5,521210E-1
3,300000	5,522454E-1
3,316667	5,525456E-1
3,333333	5,535266E-1
3,350000	5,542660E-1
3,366667	5,556643E-1
3,383333	5,566453E-1
3,400000	5,580948E-1
3,416667	5,593101E-1
3,433333	5,609939E-1
3,450000	5,626704E-1
3,466667	5,641858E-1
3,483333	5,660673E-1
3,500000	5,674802E-1
3,516667	5,692153E-1
3,533333	5,709650E-1
3,550000	5,721363E-1
3,566667	5,735932E-1
3,583333	5,749842E-1
3,600000	5,760164E-1
3,616667	5,769901E-1
3,633333	5,780736E-1
3,650000	5,787471E-1
3,666667	5,792156E-1
3,683333	5,794865E-1
3,700000	5,791424E-1
3,716667	5,793621E-1
3,733333	5,790326E-1
3,750000	5,780882E-1
3,766667	5,777149E-1
3,783333	5,764776E-1
3,800000	5,757675E-1
3,816667	5,741569E-1
3,833333	5,729197E-1
3,850000	5,714116E-1
3,866667	5,699620E-1
3,883333	5,684173E-1
3,900000	5,668433E-1
3,916667	5,649106E-1
3,933333	5,634171E-1
3,950000	5,619896E-1
3,966667	5,600935E-1
3,983333	5,588855E-1
4,000000	5,575970E-1
4,016667	5,560523E-1
4,033333	5,551299E-1
4,050000	5,540684E-1
4,066667	5,531459E-1
4,083333	5,527652E-1
4,100000	5,522674E-1
4,116667	5,519599E-1
4,133333	5,522088E-1
4,150000	5,521796E-1
4,166667	5,524651E-1
4,183333	5,532118E-1
4,200000	5,540610E-1
4,216667	5,548444E-1
4,233333	5,558180E-1
4,250000	5,574360E-1
4,266667	5,585707E-1
4,283333	5,602911E-1
4,300000	5,615869E-1
4,316667	5,634830E-1
4,333333	5,648667E-1
4,350000	5,666164E-1
4,366667	5,684612E-1
4,383333	5,699840E-1
4,400000	5,712578E-1
4,416667	5,727293E-1
4,433333	5,742081E-1
4,450000	5,754747E-1
4,466667	5,765728E-1
4,483333	5,775611E-1
4,500000	5,779564E-1
4,516667	5,788716E-1
4,533333	5,792888E-1
4,550000	5,790326E-1
4,566667	5,789960E-1
4,583333	5,789374E-1
4,600000	5,785641E-1
4,616667	5,779345E-1
4,633333	5,771438E-1
4,650000	5,762434E-1
4,666667	5,747572E-1
4,683333	5,735127E-1
4,700000	5,721803E-1
4,716667	5,707820E-1
4,733333	5,692299E-1
4,750000	5,677072E-1
4,766667	5,657232E-1
4,783333	5,643469E-1
4,800000	5,626484E-1
4,816667	5,608475E-1
4,833333	5,595956E-1
4,850000	5,578606E-1
4,866667	5,567405E-1
4,883333	5,553129E-1
4,900000	5,544637E-1
4,916667	5,534314E-1
4,933333	5,530361E-1
4,950000	5,524358E-1
4,966667	5,523553E-1
4,983333	5,519233E-1
5,000000	5,522235E-1
5,016667	5,523187E-1
5,033333	5,530507E-1
5,050000	5,534973E-1
5,066667	5,545808E-1
5,083333	5,554520E-1
5,100000	5,564769E-1
5,116667	5,581022E-1
5,133333	5,593028E-1
5,150000	5,606279E-1
5,166667	5,623995E-1
5,183333	5,639882E-1
5,200000	5,657964E-1
5,216667	5,671508E-1
5,233333	5,689151E-1
5,250000	5,706355E-1
5,266667	5,719387E-1
5,283333	5,733443E-1
5,300000	5,747352E-1
5,316667	5,759725E-1
5,333333	5,769828E-1
5,350000	5,778613E-1
5,366667	5,784982E-1
5,383333	5,788057E-1
5,400000	5,790985E-1
5,416667	5,791644E-1
5,433333	5,790399E-1
5,450000	5,787617E-1
5,466667	5,782273E-1
5,483333	5,775538E-1
5,500000	5,767265E-1
5,516667	5,756577E-1
5,533333	5,745522E-1
5,550000	5,732564E-1
5,566667	5,719167E-1
5,583333	5,703134E-1
5,600000	5,688273E-1
5,616667	5,670117E-1
5,633333	5,654670E-1
5,650000	5,635636E-1
5,666667	5,620994E-1
5,683333	5,606718E-1
5,700000	5,589294E-1
5,716667	5,577215E-1
5,733333	5,563378E-1
5,750000	5,554154E-1
5,766667	5,543319E-1
5,783333	5,535486E-1
5,800000	5,527506E-1
5,816667	5,525602E-1
5,833333	5,522015E-1
5,850000	5,519819E-1
5,866667	5,523919E-1
5,883333	5,525529E-1
5,900000	5,529775E-1
5,916667	5,540244E-1
5,933333	5,547492E-1
5,950000	5,557375E-1
5,966667	5,572237E-1
5,983333	5,581973E-1
6,000000	5,598519E-1
6,016667	5,614625E-1
6,033333	5,628095E-1
6,050000	5,645592E-1
6,066667	5,659575E-1
6,083333	5,676779E-1
6,100000	5,695374E-1
6,116667	5,712432E-1
6,133333	5,727513E-1
6,150000	5,738275E-1
6,166667	5,750867E-1
6,183333	5,760310E-1
6,200000	5,769681E-1
6,216667	5,777881E-1
6,233333	5,785055E-1
6,250000	5,789374E-1
6,266667	5,792230E-1
6,283333	5,792230E-1
6,300000	5,789887E-1
6,316667	5,786080E-1
6,333333	5,780297E-1
6,350000	5,772170E-1
6,366667	5,763312E-1
6,383333	5,751306E-1
6,400000	5,739958E-1
6,416667	5,727220E-1
6,433333	5,712944E-1
6,450000	5,694496E-1
6,466667	5,678536E-1
6,483333	5,663967E-1
6,500000	5,645153E-1
6,516667	5,629559E-1
6,533333	5,615942E-1
6,550000	5,598811E-1
6,566667	5,584243E-1
6,583333	5,572895E-1
6,600000	5,559132E-1
6,616667	5,550274E-1
6,633333	5,538926E-1
6,650000	5,529849E-1
6,666667	5,527726E-1
6,683333	5,521137E-1
6,700000	5,522528E-1
6,716667	5,520917E-1
6,733333	5,525456E-1
6,750000	5,528824E-1
6,766667	5,536291E-1
6,783333	5,542367E-1
6,800000	5,550786E-1
6,816667	5,564989E-1
6,833333	5,575604E-1
6,850000	5,591857E-1
6,866667	5,604009E-1
6,883333	5,621872E-1
6,900000	5,634537E-1
6,916667	5,652693E-1
6,933333	5,670922E-1
6,950000	5,684393E-1
6,966667	5,699840E-1
6,983333	5,716898E-1
7,000000	5,732125E-1
7,016667	5,745888E-1
7,033333	5,758480E-1
7,050000	5,764483E-1
7,066667	5,774001E-1
7,083333	5,782200E-1
7,100000	5,787983E-1
7,116667	5,791058E-1
7,133333	5,792522E-1
7,150000	5,792596E-1
7,166667	5,787105E-1
7,183333	5,784469E-1
7,200000	5,774806E-1
7,216667	5,766387E-1
7,233333	5,757529E-1
7,250000	5,746401E-1
7,266667	5,733955E-1
7,283333	5,721583E-1
7,300000	5,702988E-1
7,316667	5,689078E-1
7,333333	5,673411E-1
7,350000	5,657379E-1
7,366667	5,640614E-1
7,383333	5,620628E-1
7,400000	5,607670E-1
7,416667	5,590392E-1
7,433333	5,578313E-1
7,450000	5,563378E-1
7,466667	5,554374E-1
7,483333	5,542221E-1
7,500000	5,532484E-1
7,516667	5,528458E-1
7,533333	5,521869E-1
7,550000	5,522088E-1
7,566667	5,518062E-1
7,583333	5,522235E-1
7,600000	5,522967E-1
7,616667	5,531020E-1
7,633333	5,536071E-1
7,650000	5,543612E-1
7,666667	5,557522E-1
7,683333	5,567551E-1
7,700000	5,583072E-1
7,716667	5,595005E-1
7,733333	5,611769E-1
7,750000	5,625313E-1
7,766667	5,641785E-1
7,783333	5,659648E-1
7,800000	5,678316E-1
7,816667	5,691274E-1
7,833333	5,708552E-1
7,850000	5,724145E-1
7,866667	5,738494E-1
7,883333	5,748085E-1
7,900000	5,759725E-1
7,916667	5,769462E-1
7,933333	5,778466E-1
7,950000	5,784616E-1
7,966667	5,787544E-1
7,983333	5,790546E-1
8,000000	5,790692E-1
8,016667	5,788935E-1
8,033333	5,785568E-1
8,050000	5,779345E-1
8,066667	5,772463E-1
8,083333	5,763312E-1
8,100000	5,753282E-1
8,116667	5,742447E-1
8,133333	5,729782E-1
8,150000	5,712432E-1
8,166667	5,696179E-1
8,183333	5,681245E-1
8,200000	5,665651E-1
8,216667	5,650643E-1
8,233333	5,631902E-1
8,250000	5,617333E-1
8,266667	5,600276E-1
8,283333	5,587977E-1
8,300000	5,571651E-1
8,316667	5,561109E-1
8,333333	5,548004E-1
8,350000	5,540244E-1
8,366667	5,533509E-1
8,383333	5,526335E-1
8,400000	5,524138E-1
8,416667	5,521796E-1
8,433333	5,520258E-1
8,450000	5,524065E-1
8,466667	5,526335E-1
8,483333	5,535193E-1
8,500000	5,541342E-1
8,516667	5,552251E-1
8,533333	5,561841E-1
8,550000	5,575385E-1
8,566667	5,586512E-1
8,583333	5,603497E-1
8,600000	5,617699E-1
8,616667	5,635489E-1
8,633333	5,649033E-1
8,650000	5,667994E-1
8,666667	5,681318E-1
8,683333	5,698229E-1
8,700000	5,715214E-1
8,716667	5,730222E-1
8,733333	5,739812E-1
8,750000	5,754454E-1
8,766667	5,761921E-1
8,783333	5,770999E-1
8,800000	5,779345E-1
8,816667	5,785421E-1
8,833333	5,788789E-1
8,850000	5,788716E-1
8,866667	5,789155E-1
8,883333	5,786153E-1
8,900000	5,782127E-1
8,916667	5,775465E-1
8,933333	5,767265E-1
8,950000	5,756430E-1
8,966667	5,745962E-1
8,983333	5,734028E-1
9,000000	5,720997E-1
9,016667	5,707014E-1
9,033333	5,692592E-1
9,050000	5,673265E-1
9,066667	5,658696E-1
9,083333	5,643542E-1
9,100000	5,624581E-1
9,116667	5,611330E-1
9,133333	5,595224E-1
9,150000	5,581388E-1
9,166667	5,569235E-1
9,183333	5,555106E-1
9,200000	5,547712E-1
9,216667	5,537389E-1
9,233333	5,529629E-1
9,250000	5,526993E-1
9,266667	5,521942E-1
9,283333	5,520112E-1
9,300000	5,522967E-1
9,316667	5,524944E-1
9,333333	5,531898E-1
9,350000	5,538487E-1
9,366667	5,544490E-1
9,383333	5,554300E-1
9,400000	5,567844E-1
9,416667	5,578752E-1
9,433333	5,595737E-1
9,450000	5,608109E-1
9,466667	5,625972E-1
9,483333	5,639369E-1
9,500000	5,657891E-1
9,516667	5,675168E-1
9,533333	5,687248E-1
9,550000	5,706868E-1
9,566667	5,718801E-1
9,583333	5,733736E-1
9,600000	5,745595E-1
9,616667	5,758993E-1
9,633333	5,769169E-1
9,650000	5,777807E-1
9,666667	5,781029E-1
9,683333	5,785714E-1
9,700000	5,791644E-1
9,716667	5,789521E-1
9,733333	5,787910E-1
9,750000	5,786593E-1
9,766667	5,781468E-1
9,783333	5,774586E-1
9,800000	5,765874E-1
9,816667	5,756357E-1
9,833333	5,741276E-1
9,850000	5,728757E-1
9,866667	5,714774E-1
9,883333	5,700499E-1
9,900000	5,685491E-1
9,916667	5,669678E-1
9,933333	5,651229E-1
9,950000	5,634757E-1
9,966667	5,618798E-1
9,983333	5,602106E-1
10,000000	5,589367E-1

