date/time: ,19/10/2022,06:15 p.m.
Run 1

time	Velocity 2
0,000000	5,524944E-1
0,016667	5,506934E-1
0,033333	5,496978E-1
0,050000	5,487241E-1
0,066667	5,480945E-1
0,083333	5,476186E-1
0,100000	5,475528E-1
0,116667	5,481457E-1
0,133333	5,486948E-1
0,150000	5,495880E-1
0,166667	5,505543E-1
0,183333	5,517916E-1
0,200000	5,536291E-1
0,216667	5,551372E-1
0,233333	5,573554E-1
0,250000	5,592662E-1
0,266667	5,614112E-1
0,283333	5,638784E-1
0,300000	5,664700E-1
0,316667	5,684173E-1
0,333333	5,708771E-1
0,350000	5,732125E-1
0,366667	5,754015E-1
0,383333	5,775538E-1
0,400000	5,796256E-1
0,416667	5,813753E-1
0,433333	5,829347E-1
0,450000	5,842378E-1
0,466667	5,851968E-1
0,483333	5,859289E-1
0,500000	5,863755E-1
0,516667	5,867781E-1
0,533333	5,863901E-1
0,550000	5,862803E-1
0,566667	5,856507E-1
0,583333	5,846770E-1
0,600000	5,834764E-1
0,616667	5,820195E-1
0,633333	5,804309E-1
0,650000	5,784909E-1
0,666667	5,764557E-1
0,683333	5,743253E-1
0,700000	5,721729E-1
0,716667	5,699767E-1
0,733333	5,677218E-1
0,750000	5,653791E-1
0,766667	5,627217E-1
0,783333	5,606279E-1
0,800000	5,581534E-1
0,816667	5,562427E-1
0,833333	5,541635E-1
0,850000	5,527579E-1
0,866667	5,511546E-1
0,883333	5,501883E-1
0,900000	5,490462E-1
0,916667	5,481677E-1
0,933333	5,475820E-1
0,950000	5,475454E-1
0,966667	5,475747E-1
0,983333	5,482629E-1
1,000000	5,488119E-1
1,016667	5,495953E-1
1,033333	5,511254E-1
1,050000	5,524944E-1
1,066667	5,539659E-1
1,083333	5,561841E-1
1,100000	5,581095E-1
1,116667	5,602984E-1
1,133333	5,624435E-1
1,150000	5,648520E-1
1,166667	5,673777E-1
1,183333	5,694130E-1
1,200000	5,719021E-1
1,216667	5,742960E-1
1,233333	5,765582E-1
1,250000	5,786519E-1
1,266667	5,806359E-1
1,283333	5,822904E-1
1,300000	5,837253E-1
1,316667	5,847868E-1
1,333333	5,859143E-1
1,350000	5,865585E-1
1,366667	5,869904E-1
1,383333	5,869904E-1
1,400000	5,868221E-1
1,416667	5,863169E-1
1,433333	5,855189E-1
1,450000	5,844794E-1
1,466667	5,830957E-1
1,483333	5,819317E-1
1,500000	5,802259E-1
1,516667	5,783518E-1
1,533333	5,761189E-1
1,550000	5,739812E-1
1,566667	5,717044E-1
1,583333	5,695008E-1
1,600000	5,667481E-1
1,616667	5,645738E-1
1,633333	5,623776E-1
1,650000	5,598519E-1
1,666667	5,575458E-1
1,683333	5,556716E-1
1,700000	5,540684E-1
1,716667	5,522162E-1
1,733333	5,509130E-1
1,750000	5,496319E-1
1,766667	5,486070E-1
1,783333	5,478822E-1
1,800000	5,478309E-1
1,816667	5,475308E-1
1,833333	5,479920E-1
1,850000	5,484020E-1
1,866667	5,491121E-1
1,883333	5,500345E-1
1,900000	5,512791E-1
1,916667	5,530947E-1
1,933333	5,549615E-1
1,950000	5,567039E-1
1,966667	5,585927E-1
1,983333	5,609134E-1
2,000000	5,630657E-1
2,016667	5,655914E-1
2,033333	5,681172E-1
2,050000	5,702475E-1
2,066667	5,726561E-1
2,083333	5,749110E-1
2,100000	5,770926E-1
2,116667	5,791131E-1
2,133333	5,806579E-1
2,150000	5,821806E-1
2,166667	5,836667E-1
2,183333	5,851529E-1
2,200000	5,859655E-1
2,216667	5,865365E-1
2,233333	5,868074E-1
2,250000	5,867049E-1
2,266667	5,864048E-1
2,283333	5,857898E-1
2,300000	5,848674E-1
2,316667	5,837473E-1
2,333333	5,826345E-1
2,350000	5,809653E-1
2,366667	5,791058E-1
2,383333	5,771511E-1
2,400000	5,751525E-1
2,416667	5,729416E-1
2,433333	5,707161E-1
2,450000	5,680586E-1
2,466667	5,657671E-1
2,483333	5,635928E-1
2,500000	5,609646E-1
2,516667	5,589221E-1
2,533333	5,569015E-1
2,550000	5,547419E-1
2,566667	5,532411E-1
2,583333	5,516305E-1
2,600000	5,501297E-1
2,616667	5,494196E-1
2,633333	5,484679E-1
2,650000	5,478749E-1
2,666667	5,475454E-1
2,683333	5,478456E-1
2,700000	5,481165E-1
2,716667	5,491707E-1
2,733333	5,497271E-1
2,750000	5,508545E-1
2,766667	5,526701E-1
2,783333	5,541562E-1
2,800000	5,558400E-1
2,816667	5,581681E-1
2,833333	5,601447E-1
2,850000	5,626192E-1
2,866667	5,647129E-1
2,883333	5,672972E-1
2,900000	5,697131E-1
2,916667	5,717776E-1
2,933333	5,740983E-1
2,950000	5,763019E-1
2,966667	5,784177E-1
2,983333	5,802772E-1
3,000000	5,819537E-1
3,016667	5,837912E-1
3,033333	5,846185E-1
3,050000	5,858850E-1
3,066667	5,865658E-1
3,083333	5,869172E-1
3,100000	5,871149E-1
3,116667	5,865805E-1
3,133333	5,861632E-1
3,150000	5,857459E-1
3,166667	5,846331E-1
3,183333	5,833007E-1
3,200000	5,817121E-1
3,216667	5,800356E-1
3,233333	5,780809E-1
3,250000	5,760310E-1
3,266667	5,738421E-1
3,283333	5,716165E-1
3,300000	5,689371E-1
3,316667	5,668214E-1
3,333333	5,641273E-1
3,350000	5,619749E-1
3,366667	5,598811E-1
3,383333	5,575458E-1
3,400000	5,557668E-1
3,416667	5,536950E-1
3,433333	5,519160E-1
3,450000	5,507813E-1
3,466667	5,495440E-1
3,483333	5,484971E-1
3,500000	5,477651E-1
3,516667	5,475235E-1
3,533333	5,477138E-1
3,550000	5,479334E-1
3,566667	5,483361E-1
3,583333	5,490169E-1
3,600000	5,503567E-1
3,616667	5,516671E-1
3,633333	5,530727E-1
3,650000	5,549981E-1
3,666667	5,568723E-1
3,683333	5,592076E-1
3,700000	5,611769E-1
3,716667	5,635562E-1
3,733333	5,660527E-1
3,750000	5,681757E-1
3,766667	5,706575E-1
3,783333	5,731100E-1
3,800000	5,750793E-1
3,816667	5,775831E-1
3,833333	5,792083E-1
3,850000	5,810459E-1
3,866667	5,826052E-1
3,883333	5,839962E-1
3,900000	5,851090E-1
3,916667	5,860753E-1
3,933333	5,865951E-1
3,950000	5,869026E-1
3,966667	5,867488E-1
3,983333	5,864853E-1
4,000000	5,859069E-1
4,016667	5,849918E-1
4,033333	5,842451E-1
4,050000	5,827956E-1
4,066667	5,811996E-1
4,083333	5,793913E-1
4,100000	5,774074E-1
4,116667	5,752038E-1
4,133333	5,730002E-1
4,150000	5,708186E-1
4,166667	5,681464E-1
4,183333	5,658696E-1
4,200000	5,636294E-1
4,216667	5,610671E-1
4,233333	5,590758E-1
4,250000	5,571285E-1
4,266667	5,550274E-1
4,283333	5,532631E-1
4,300000	5,519599E-1
4,316667	5,507154E-1
4,333333	5,495367E-1
4,350000	5,485411E-1
4,366667	5,483361E-1
4,383333	5,479920E-1
4,400000	5,479188E-1
4,416667	5,485996E-1
4,433333	5,491560E-1
4,450000	5,500565E-1
4,466667	5,510082E-1
4,483333	5,526701E-1
4,500000	5,541196E-1
4,516667	5,560377E-1
4,533333	5,579191E-1
4,550000	5,602399E-1
4,566667	5,623190E-1
4,583333	5,647642E-1
4,600000	5,668214E-1
4,616667	5,692446E-1
4,633333	5,716898E-1
4,650000	5,735639E-1
4,666667	5,757602E-1
4,683333	5,778320E-1
4,700000	5,797208E-1
4,716667	5,816462E-1
4,733333	5,830298E-1
4,750000	5,842524E-1
4,766667	5,851895E-1
4,783333	5,859216E-1
4,800000	5,862657E-1
4,816667	5,864121E-1
4,833333	5,861851E-1
4,850000	5,857093E-1
4,866667	5,850431E-1
4,883333	5,843988E-1
4,900000	5,830518E-1
4,916667	5,814192E-1
4,933333	5,798086E-1
4,950000	5,780004E-1
4,966667	5,760384E-1
4,983333	5,739958E-1
5,000000	5,718069E-1
5,016667	5,690835E-1
5,033333	5,668653E-1
5,050000	5,646178E-1
5,066667	5,624654E-1
5,083333	5,599397E-1
5,100000	5,580875E-1
5,116667	5,561694E-1
5,133333	5,542367E-1
5,150000	5,523333E-1
5,166667	5,511912E-1
5,183333	5,499028E-1
5,200000	5,488632E-1
5,216667	5,484313E-1
5,233333	5,480213E-1
5,250000	5,478822E-1
5,266667	5,479627E-1
5,283333	5,487680E-1
5,300000	5,493024E-1
5,316667	5,506422E-1
5,333333	5,517989E-1
5,350000	5,531825E-1
5,366667	5,551299E-1
5,383333	5,569528E-1
5,400000	5,587684E-1
5,416667	5,612282E-1
5,433333	5,633146E-1
5,450000	5,658038E-1
5,466667	5,683954E-1
5,483333	5,707307E-1
5,500000	5,729929E-1
5,516667	5,752550E-1
5,533333	5,773854E-1
5,550000	5,789740E-1
5,566667	5,808116E-1
5,583333	5,823563E-1
5,600000	5,837473E-1
5,616667	5,848234E-1
5,633333	5,857752E-1
5,650000	5,865805E-1
5,666667	5,868660E-1
5,683333	5,868806E-1
5,700000	5,864267E-1
5,716667	5,858337E-1
5,733333	5,854238E-1
5,750000	5,842524E-1
5,766667	5,829347E-1
5,783333	5,813167E-1
5,800000	5,794499E-1
5,816667	5,774513E-1
5,833333	5,754088E-1
5,850000	5,732930E-1
5,866667	5,709943E-1
5,883333	5,682929E-1
5,900000	5,658696E-1
5,916667	5,635489E-1
5,933333	5,613966E-1
5,950000	5,589953E-1
5,966667	5,570846E-1
5,983333	5,549469E-1
6,000000	5,533875E-1
6,016667	5,516451E-1
6,033333	5,502249E-1
6,050000	5,493830E-1
6,066667	5,484166E-1
6,083333	5,477358E-1
6,100000	5,476992E-1
6,116667	5,476406E-1
6,133333	5,478529E-1
6,150000	5,487314E-1
6,166667	5,495660E-1
6,183333	5,509716E-1
6,200000	5,522528E-1
6,216667	5,535998E-1
6,233333	5,556350E-1
6,250000	5,574579E-1
6,266667	5,598445E-1
6,283333	5,619164E-1
6,300000	5,643176E-1
6,316667	5,667555E-1
6,333333	5,688932E-1
6,350000	5,713017E-1
6,366667	5,736737E-1
6,383333	5,759286E-1
6,400000	5,780004E-1
6,416667	5,799843E-1
6,433333	5,817413E-1
6,450000	5,832787E-1
6,466667	5,841206E-1
6,483333	5,855043E-1
6,500000	5,859728E-1
6,516667	5,863901E-1
6,533333	5,864999E-1
6,550000	5,864633E-1
6,566667	5,863462E-1
6,583333	5,856214E-1
6,600000	5,846404E-1
6,616667	5,833739E-1
6,633333	5,819756E-1
6,650000	5,802332E-1
6,666667	5,783737E-1
6,683333	5,764117E-1
6,700000	5,741276E-1
6,716667	5,719240E-1
6,733333	5,697570E-1
6,750000	5,673924E-1
6,766667	5,647935E-1
6,783333	5,626997E-1
6,800000	5,601886E-1
6,816667	5,582779E-1
6,833333	5,563964E-1
6,850000	5,544710E-1
6,866667	5,526920E-1
6,883333	5,514401E-1
6,900000	5,499467E-1
6,916667	5,493244E-1
6,933333	5,485923E-1
6,950000	5,481311E-1
6,966667	5,478676E-1
6,983333	5,484239E-1
7,000000	5,487168E-1
7,016667	5,494415E-1
7,033333	5,503054E-1
7,050000	5,518574E-1
7,066667	5,532118E-1
7,083333	5,551665E-1
7,100000	5,571504E-1
7,116667	5,590026E-1
7,133333	5,610086E-1
7,150000	5,634830E-1
7,166667	5,659795E-1
7,183333	5,680147E-1
7,200000	5,704159E-1
7,216667	5,728684E-1
7,233333	5,751086E-1
7,250000	5,769022E-1
7,266667	5,788716E-1
7,283333	5,809141E-1
7,300000	5,825100E-1
7,316667	5,838351E-1
7,333333	5,848601E-1
7,350000	5,856361E-1
7,366667	5,861192E-1
7,383333	5,863169E-1
7,400000	5,862291E-1
7,416667	5,862949E-1
7,433333	5,857166E-1
7,450000	5,848601E-1
7,466667	5,837619E-1
7,483333	5,821440E-1
7,500000	5,809800E-1
7,516667	5,787910E-1
7,533333	5,772317E-1
7,550000	5,747426E-1
7,566667	5,725683E-1
7,583333	5,703427E-1
7,600000	5,681391E-1
7,616667	5,659868E-1
7,633333	5,633659E-1
7,650000	5,612355E-1
7,666667	5,591930E-1
7,683333	5,571431E-1
7,700000	5,549176E-1
7,716667	5,534607E-1
7,733333	5,518208E-1
7,750000	5,504006E-1
7,766667	5,496758E-1
7,783333	5,487680E-1
7,800000	5,481457E-1
7,816667	5,477504E-1
7,833333	5,481750E-1
7,850000	5,483873E-1
7,866667	5,489218E-1
7,883333	5,499320E-1
7,900000	5,508911E-1
7,916667	5,525969E-1
7,933333	5,541782E-1
7,950000	5,558254E-1
7,966667	5,575751E-1
7,983333	5,599397E-1
8,000000	5,623629E-1
8,016667	5,643103E-1
8,033333	5,669019E-1
8,050000	5,693251E-1
8,066667	5,712578E-1
8,083333	5,738714E-1
8,100000	5,756650E-1
8,116667	5,778466E-1
8,133333	5,797867E-1
8,150000	5,814851E-1
8,166667	5,830079E-1
8,183333	5,841353E-1
8,200000	5,851090E-1
8,216667	5,857825E-1
8,233333	5,865073E-1
8,250000	5,865731E-1
8,266667	5,865439E-1
8,283333	5,859582E-1
8,300000	5,856873E-1
8,316667	5,846331E-1
8,333333	5,833739E-1
8,350000	5,819463E-1
8,366667	5,802698E-1
8,383333	5,784982E-1
8,400000	5,765289E-1
8,416667	5,745229E-1
8,433333	5,719021E-1
8,450000	5,696765E-1
8,466667	5,674363E-1
8,483333	5,650277E-1
8,500000	5,628095E-1
8,516667	5,607230E-1
8,533333	5,583730E-1
8,550000	5,565501E-1
8,566667	5,545589E-1
8,583333	5,531459E-1
8,600000	5,516085E-1
8,616667	5,502395E-1
8,633333	5,495733E-1
8,650000	5,487387E-1
8,666667	5,481238E-1
8,683333	5,481311E-1
8,700000	5,481165E-1
8,716667	5,487973E-1
8,733333	5,494781E-1
8,750000	5,503493E-1
8,766667	5,515280E-1
8,783333	5,528750E-1
8,800000	5,548297E-1
8,816667	5,564257E-1
8,833333	5,586805E-1
8,850000	5,606132E-1
8,866667	5,631097E-1
8,883333	5,653572E-1
8,900000	5,674363E-1
8,916667	5,699108E-1
8,933333	5,722827E-1
8,950000	5,745962E-1
8,966667	5,763898E-1
8,983333	5,782346E-1
9,000000	5,800795E-1
9,016667	5,817487E-1
9,033333	5,831030E-1
9,050000	5,842671E-1
9,066667	5,851309E-1
9,083333	5,859948E-1
9,100000	5,862510E-1
9,116667	5,863242E-1
9,133333	5,860680E-1
9,150000	5,854530E-1
9,166667	5,846331E-1
9,183333	5,835935E-1
9,200000	5,826491E-1
9,216667	5,811630E-1
9,233333	5,794792E-1
9,250000	5,775465E-1
9,266667	5,752111E-1
9,283333	5,733004E-1
9,300000	5,707380E-1
9,316667	5,684612E-1
9,333333	5,661991E-1
9,350000	5,640614E-1
9,366667	5,615650E-1
9,383333	5,596396E-1
9,400000	5,573042E-1
9,416667	5,555765E-1
9,433333	5,537096E-1
9,450000	5,524065E-1
9,466667	5,507959E-1
9,483333	5,499760E-1
9,500000	5,490535E-1
9,516667	5,483873E-1
9,533333	5,483361E-1
9,550000	5,482336E-1
9,566667	5,484825E-1
9,583333	5,489803E-1
9,600000	5,501810E-1
9,616667	5,512571E-1
9,633333	5,525090E-1
9,650000	5,538560E-1
9,666667	5,557375E-1
9,683333	5,579411E-1
9,700000	5,597933E-1
9,716667	5,622751E-1
9,733333	5,642810E-1
9,750000	5,667774E-1
9,766667	5,689151E-1
9,783333	5,713603E-1
9,800000	5,736518E-1
9,816667	5,758480E-1
9,833333	5,779418E-1
9,850000	5,797940E-1
9,866667	5,813533E-1
9,883333	5,828102E-1
9,900000	5,840548E-1
9,916667	5,854750E-1
9,933333	5,862510E-1
9,950000	5,866830E-1
9,966667	5,867488E-1
9,983333	5,866537E-1
10,000000	5,861778E-1

