date/time: ,19/10/2022,06:58 p.m.
Run 1

time	Velocity 2
0,000000	6,867962E-1
0,016667	6,863423E-1
0,033333	6,866645E-1
0,050000	6,871696E-1
0,066667	6,880481E-1
0,083333	6,895782E-1
0,100000	6,916646E-1
0,116667	6,935608E-1
0,133333	6,959547E-1
0,150000	6,981802E-1
0,166667	7,004497E-1
0,183333	7,026094E-1
0,200000	7,051717E-1
0,216667	7,071557E-1
0,233333	7,088468E-1
0,250000	7,104281E-1
0,266667	7,120899E-1
0,283333	7,130929E-1
0,300000	7,141178E-1
0,316667	7,141178E-1
0,333333	7,138396E-1
0,350000	7,134370E-1
0,366667	7,122876E-1
0,383333	7,108015E-1
0,400000	7,093153E-1
0,416667	7,073606E-1
0,433333	7,052303E-1
0,450000	7,031951E-1
0,466667	7,009622E-1
0,483333	6,985609E-1
0,500000	6,962402E-1
0,516667	6,943368E-1
0,533333	6,918696E-1
0,550000	6,900394E-1
0,566667	6,886045E-1
0,583333	6,876015E-1
0,600000	6,869500E-1
0,616667	6,867523E-1
0,633333	6,869646E-1
0,650000	6,872501E-1
0,666667	6,881360E-1
0,683333	6,892707E-1
0,700000	6,903103E-1
0,716667	6,920966E-1
0,733333	6,941318E-1
0,750000	6,964232E-1
0,766667	6,992052E-1
0,783333	7,015991E-1
0,800000	7,039711E-1
0,816667	7,060795E-1
0,833333	7,082465E-1
0,850000	7,098644E-1
0,866667	7,112334E-1
0,883333	7,127928E-1
0,900000	7,135102E-1
0,916667	7,142862E-1
0,933333	7,143375E-1
0,950000	7,139714E-1
0,966667	7,137005E-1
0,983333	7,124340E-1
1,000000	7,107942E-1
1,016667	7,089859E-1
1,033333	7,072435E-1
1,050000	7,049814E-1
1,066667	7,025215E-1
1,083333	7,001349E-1
1,100000	6,978581E-1
1,116667	6,957497E-1
1,133333	6,936486E-1
1,150000	6,915695E-1
1,166667	6,897392E-1
1,183333	6,882677E-1
1,200000	6,872355E-1
1,216667	6,864375E-1
1,233333	6,861886E-1
1,250000	6,864668E-1
1,266667	6,871476E-1
1,283333	6,882458E-1
1,300000	6,891682E-1
1,316667	6,906544E-1
1,333333	6,925065E-1
1,350000	6,944978E-1
1,366667	6,967380E-1
1,383333	6,990734E-1
1,400000	7,016796E-1
1,416667	7,040882E-1
1,433333	7,063138E-1
1,450000	7,083050E-1
1,466667	7,100255E-1
1,483333	7,117019E-1
1,500000	7,126317E-1
1,516667	7,136347E-1
1,533333	7,138323E-1
1,550000	7,137372E-1
1,566667	7,135175E-1
1,583333	7,127049E-1
1,600000	7,118337E-1
1,616667	7,102597E-1
1,633333	7,089200E-1
1,650000	7,067311E-1
1,666667	7,044762E-1
1,683333	7,020018E-1
1,700000	6,999153E-1
1,716667	6,974482E-1
1,733333	6,951421E-1
1,750000	6,931288E-1
1,766667	6,913279E-1
1,783333	6,896001E-1
1,800000	6,884215E-1
1,816667	6,874917E-1
1,833333	6,870086E-1
1,850000	6,867377E-1
1,866667	6,870012E-1
1,883333	6,873526E-1
1,900000	6,884508E-1
1,916667	6,899808E-1
1,933333	6,916793E-1
1,950000	6,936779E-1
1,966667	6,956765E-1
1,983333	6,977337E-1
2,000000	6,999958E-1
2,016667	7,022141E-1
2,033333	7,045641E-1
2,050000	7,066652E-1
2,066667	7,090079E-1
2,083333	7,106843E-1
2,100000	7,123169E-1
2,116667	7,132613E-1
2,133333	7,138616E-1
2,150000	7,142862E-1
2,166667	7,142130E-1
2,183333	7,135981E-1
2,200000	7,126756E-1
2,216667	7,113652E-1
2,233333	7,101646E-1
2,250000	7,081952E-1
2,266667	7,061893E-1
2,283333	7,043664E-1
2,300000	7,019359E-1
2,316667	6,992930E-1
2,333333	6,968259E-1
2,350000	6,947833E-1
2,366667	6,927042E-1
2,383333	6,909326E-1
2,400000	6,894171E-1
2,416667	6,883922E-1
2,433333	6,871989E-1
2,450000	6,868182E-1
2,466667	6,867523E-1
2,483333	6,865839E-1
2,500000	6,873014E-1
2,516667	6,884801E-1
2,533333	6,897612E-1
2,550000	6,916061E-1
2,566667	6,936413E-1
2,583333	6,960352E-1
2,600000	6,982315E-1
2,616667	7,004644E-1
2,633333	7,026753E-1
2,650000	7,051278E-1
2,666667	7,070605E-1
2,683333	7,088907E-1
2,700000	7,104354E-1
2,716667	7,121705E-1
2,733333	7,132833E-1
2,750000	7,138250E-1
2,766667	7,139129E-1
2,783333	7,140666E-1
2,800000	7,133199E-1
2,816667	7,125292E-1
2,833333	7,110577E-1
2,850000	7,092055E-1
2,866667	7,076901E-1
2,883333	7,055890E-1
2,900000	7,032243E-1
2,916667	7,011598E-1
2,933333	6,988318E-1
2,950000	6,965404E-1
2,966667	6,943807E-1
2,983333	6,922650E-1
3,000000	6,904713E-1
3,016667	6,889852E-1
3,033333	6,879310E-1
3,050000	6,873233E-1
3,066667	6,869939E-1
3,083333	6,867011E-1
3,100000	6,874917E-1
3,116667	6,883483E-1
3,133333	6,891170E-1
3,150000	6,904933E-1
3,166667	6,922723E-1
3,183333	6,943441E-1
3,200000	6,965257E-1
3,216667	6,989050E-1
3,233333	7,012331E-1
3,250000	7,034733E-1
3,266667	7,061015E-1
3,283333	7,079024E-1
3,300000	7,098205E-1
3,316667	7,112188E-1
3,333333	7,122803E-1
3,350000	7,135395E-1
3,366667	7,139421E-1
3,383333	7,139787E-1
3,400000	7,139129E-1
3,416667	7,131661E-1
3,433333	7,123755E-1
3,450000	7,107649E-1
3,466667	7,089420E-1
3,483333	7,069580E-1
3,500000	7,051790E-1
3,516667	7,028217E-1
3,533333	7,004717E-1
3,550000	6,981217E-1
3,566667	6,958595E-1
3,583333	6,937877E-1
3,600000	6,917891E-1
3,616667	6,899662E-1
3,633333	6,884947E-1
3,650000	6,874478E-1
3,666667	6,868695E-1
3,683333	6,864302E-1
3,700000	6,866498E-1
3,716667	6,872794E-1
3,733333	6,882897E-1
3,750000	6,896001E-1
3,766667	6,910570E-1
3,783333	6,927994E-1
3,800000	6,944466E-1
3,816667	6,969869E-1
3,833333	6,993223E-1
3,850000	7,015698E-1
3,866667	7,037222E-1
3,883333	7,059111E-1
3,900000	7,081513E-1
3,916667	7,098571E-1
3,933333	7,112261E-1
3,950000	7,126390E-1
3,966667	7,132979E-1
3,983333	7,138836E-1
4,000000	7,137372E-1
4,016667	7,136566E-1
4,033333	7,127854E-1
4,050000	7,118923E-1
4,066667	7,103988E-1
4,083333	7,085027E-1
4,100000	7,067896E-1
4,116667	7,046226E-1
4,133333	7,023092E-1
4,150000	6,998201E-1
4,166667	6,978069E-1
4,183333	6,955447E-1
4,200000	6,935608E-1
4,216667	6,917012E-1
4,233333	6,901565E-1
4,250000	6,886997E-1
4,266667	6,878285E-1
4,283333	6,872428E-1
4,300000	6,867011E-1
4,316667	6,868475E-1
4,333333	6,875576E-1
4,350000	6,886850E-1
4,366667	6,901492E-1
4,383333	6,915036E-1
4,400000	6,933192E-1
4,416667	6,954862E-1
4,433333	6,979020E-1
4,450000	7,001130E-1
4,466667	7,022799E-1
4,483333	7,044543E-1
4,500000	7,065920E-1
4,516667	7,089566E-1
4,533333	7,105672E-1
4,550000	7,119216E-1
4,566667	7,132320E-1
4,583333	7,137811E-1
4,600000	7,138616E-1
4,616667	7,137591E-1
4,633333	7,132759E-1
4,650000	7,126903E-1
4,666667	7,113798E-1
4,683333	7,101499E-1
4,700000	7,082392E-1
4,716667	7,061893E-1
4,733333	7,042493E-1
4,750000	7,017455E-1
4,766667	6,992637E-1
4,783333	6,968991E-1
4,800000	6,947394E-1
4,816667	6,929385E-1
4,833333	6,911815E-1
4,850000	6,893000E-1
4,866667	6,884361E-1
4,883333	6,874624E-1
4,900000	6,869573E-1
4,916667	6,867596E-1
4,933333	6,871184E-1
4,950000	6,873526E-1
4,966667	6,885313E-1
4,983333	6,899808E-1
5,000000	6,919575E-1
5,016667	6,935168E-1
5,033333	6,956545E-1
5,050000	6,979826E-1
5,066667	7,005888E-1
5,083333	7,027778E-1
5,100000	7,048203E-1
5,116667	7,069141E-1
5,133333	7,090664E-1
5,150000	7,106111E-1
5,166667	7,117459E-1
5,183333	7,128879E-1
5,200000	7,134004E-1
5,216667	7,140959E-1
5,233333	7,136786E-1
5,250000	7,134809E-1
5,266667	7,123974E-1
5,283333	7,112920E-1
5,300000	7,095276E-1
5,316667	7,075656E-1
5,333333	7,058452E-1
5,350000	7,035538E-1
5,366667	7,012770E-1
5,383333	6,992052E-1
5,400000	6,969210E-1
5,416667	6,947614E-1
5,433333	6,927555E-1
5,450000	6,910716E-1
5,466667	6,892121E-1
5,483333	6,880920E-1
5,500000	6,874551E-1
5,516667	6,871989E-1
5,533333	6,869427E-1
5,550000	6,874332E-1
5,566667	6,880554E-1
5,583333	6,891682E-1
5,600000	6,905958E-1
5,616667	6,923162E-1
5,633333	6,943075E-1
5,650000	6,964964E-1
5,666667	6,988172E-1
5,683333	7,010940E-1
5,700000	7,033049E-1
5,716667	7,058599E-1
5,733333	7,076828E-1
5,750000	7,095789E-1
5,766667	7,109186E-1
5,783333	7,119948E-1
5,800000	7,133565E-1
5,816667	7,136493E-1
5,833333	7,141032E-1
5,850000	7,136932E-1
5,866667	7,133345E-1
5,883333	7,121924E-1
5,900000	7,105086E-1
5,916667	7,090811E-1
5,933333	7,070385E-1
5,950000	7,051497E-1
5,966667	7,030706E-1
5,983333	7,007206E-1
6,000000	6,983413E-1
6,016667	6,961377E-1
6,033333	6,939780E-1
6,050000	6,920819E-1
6,066667	6,902517E-1
6,083333	6,888607E-1
6,100000	6,878431E-1
6,116667	6,872428E-1
6,133333	6,868841E-1
6,150000	6,870232E-1
6,166667	6,875430E-1
6,183333	6,885093E-1
6,200000	6,893732E-1
6,216667	6,908813E-1
6,233333	6,925651E-1
6,250000	6,946150E-1
6,266667	6,968552E-1
6,283333	6,990734E-1
6,300000	7,014454E-1
6,316667	7,035465E-1
6,333333	7,059331E-1
6,350000	7,078365E-1
6,366667	7,095057E-1
6,383333	7,110943E-1
6,400000	7,124706E-1
6,416667	7,130783E-1
6,433333	7,137518E-1
6,450000	7,136347E-1
6,466667	7,135907E-1
6,483333	7,127049E-1
6,500000	7,115921E-1
6,516667	7,102451E-1
6,533333	7,088614E-1
6,550000	7,069141E-1
6,566667	7,046446E-1
6,583333	7,023239E-1
6,600000	7,003399E-1
6,616667	6,979753E-1
6,633333	6,957863E-1
6,650000	6,936925E-1
6,666667	6,919868E-1
6,683333	6,900248E-1
6,700000	6,891682E-1
6,716667	6,882019E-1
6,733333	6,871843E-1
6,750000	6,869793E-1
6,766667	6,872135E-1
6,783333	6,878578E-1
6,800000	6,888900E-1
6,816667	6,902371E-1
6,833333	6,918037E-1
6,850000	6,932386E-1
6,866667	6,952446E-1
6,883333	6,974555E-1
6,900000	6,998128E-1
6,916667	7,020310E-1
6,933333	7,041834E-1
6,950000	7,063650E-1
6,966667	7,082318E-1
6,983333	7,102085E-1
7,000000	7,114530E-1
7,016667	7,127781E-1
7,033333	7,132833E-1
7,050000	7,135029E-1
7,066667	7,136200E-1
7,083333	7,132979E-1
7,100000	7,123828E-1
7,116667	7,111529E-1
7,133333	7,100694E-1
7,150000	7,081367E-1
7,166667	7,060649E-1
7,183333	7,041834E-1
7,200000	7,018041E-1
7,216667	6,993882E-1
7,233333	6,970162E-1
7,250000	6,948712E-1
7,266667	6,928360E-1
7,283333	6,915036E-1
7,300000	6,896294E-1
7,316667	6,883922E-1
7,333333	6,876601E-1
7,350000	6,871184E-1
7,366667	6,870598E-1
7,383333	6,873600E-1
7,400000	6,879676E-1
7,416667	6,886631E-1
7,433333	6,900614E-1
7,450000	6,917964E-1
7,466667	6,935754E-1
7,483333	6,960133E-1
7,500000	6,982535E-1
7,516667	7,004570E-1
7,533333	7,026313E-1
7,550000	7,048789E-1
7,566667	7,067164E-1
7,583333	7,088395E-1
7,600000	7,104135E-1
7,616667	7,115555E-1
7,633333	7,129172E-1
7,650000	7,132100E-1
7,666667	7,137445E-1
7,683333	7,134663E-1
7,700000	7,132320E-1
7,716667	7,122583E-1
7,733333	7,112554E-1
7,750000	7,095423E-1
7,766667	7,076608E-1
7,783333	7,055890E-1
7,800000	7,038247E-1
7,816667	7,014161E-1
7,833333	6,991027E-1
7,850000	6,971626E-1
7,866667	6,950615E-1
7,883333	6,930922E-1
7,900000	6,913352E-1
7,916667	6,898564E-1
7,933333	6,886997E-1
7,950000	6,879017E-1
7,966667	6,872062E-1
7,983333	6,871843E-1
8,000000	6,875869E-1
8,016667	6,883849E-1
8,033333	6,892780E-1
8,050000	6,907861E-1
8,066667	6,924333E-1
8,083333	6,943514E-1
8,100000	6,965184E-1
8,116667	6,986854E-1
8,133333	7,009988E-1
8,150000	7,030560E-1
8,166667	7,050692E-1
8,183333	7,072069E-1
8,200000	7,091396E-1
8,216667	7,107502E-1
8,233333	7,117678E-1
8,250000	7,126317E-1
8,266667	7,135615E-1
8,283333	7,136127E-1
8,300000	7,132759E-1
8,316667	7,128952E-1
8,333333	7,116946E-1
8,350000	7,106258E-1
8,366667	7,088614E-1
8,383333	7,069360E-1
8,400000	7,052522E-1
8,416667	7,028949E-1
8,433333	7,006474E-1
8,450000	6,987366E-1
8,466667	6,964891E-1
8,483333	6,943368E-1
8,500000	6,923967E-1
8,516667	6,907129E-1
8,533333	6,893073E-1
8,550000	6,879163E-1
8,566667	6,872721E-1
8,583333	6,870232E-1
8,600000	6,873819E-1
8,616667	6,874624E-1
8,633333	6,883849E-1
8,650000	6,895343E-1
8,666667	6,910424E-1
8,683333	6,927847E-1
8,700000	6,948419E-1
8,716667	6,970748E-1
8,733333	6,991905E-1
8,750000	7,013063E-1
8,766667	7,035099E-1
8,783333	7,058452E-1
8,800000	7,077194E-1
8,816667	7,093739E-1
8,833333	7,107502E-1
8,850000	7,121632E-1
8,866667	7,132540E-1
8,883333	7,135615E-1
8,900000	7,134224E-1
8,916667	7,134004E-1
8,933333	7,125658E-1
8,950000	7,118191E-1
8,966667	7,103256E-1
8,983333	7,087223E-1
9,000000	7,067677E-1
9,016667	7,050912E-1
9,033333	7,027851E-1
9,050000	7,004351E-1
9,066667	6,981583E-1
9,083333	6,959254E-1
9,100000	6,938463E-1
9,116667	6,921112E-1
9,133333	6,906617E-1
9,150000	6,893732E-1
9,166667	6,882824E-1
9,183333	6,877553E-1
9,200000	6,875723E-1
9,216667	6,873453E-1
9,233333	6,878797E-1
9,250000	6,888388E-1
9,266667	6,900906E-1
9,283333	6,916500E-1
9,300000	6,934949E-1
9,316667	6,953910E-1
9,333333	6,975799E-1
9,350000	6,995346E-1
9,366667	7,016870E-1
9,383333	7,038905E-1
9,400000	7,063211E-1
9,416667	7,081367E-1
9,433333	7,097033E-1
9,450000	7,113505E-1
9,466667	7,122876E-1
9,483333	7,132100E-1
9,500000	7,134956E-1
9,516667	7,132174E-1
9,533333	7,131588E-1
9,550000	7,121412E-1
9,566667	7,113432E-1
9,583333	7,098058E-1
9,600000	7,084441E-1
9,616667	7,063357E-1
9,633333	7,041614E-1
9,650000	7,018260E-1
9,666667	6,994687E-1
9,683333	6,975726E-1
9,700000	6,955081E-1
9,716667	6,935900E-1
9,733333	6,916720E-1
9,750000	6,901199E-1
9,766667	6,888754E-1
9,783333	6,880335E-1
9,800000	6,875796E-1
9,816667	6,874112E-1
9,833333	6,872648E-1
9,850000	6,879529E-1
9,866667	6,890291E-1
9,883333	6,904860E-1
9,900000	6,920380E-1
9,916667	6,936120E-1
9,933333	6,956033E-1
9,950000	6,977410E-1
9,966667	7,000251E-1
9,983333	7,025362E-1
10,000000	7,046446E-1

