# frames 106, center=[612, 386], duration=[120, 225], video=segunda muestra_2
6.120000000000000000e+02 3.860000000000000000e+02
6.120000000000000000e+02 3.860000000000000000e+02
6.120000000000000000e+02 3.860000000000000000e+02
6.110000000000000000e+02 3.860000000000000000e+02
6.110000000000000000e+02 3.860000000000000000e+02
6.120000000000000000e+02 3.860000000000000000e+02
6.110000000000000000e+02 3.860000000000000000e+02
6.110000000000000000e+02 3.860000000000000000e+02
6.110000000000000000e+02 3.850000000000000000e+02
6.110000000000000000e+02 3.850000000000000000e+02
6.100000000000000000e+02 3.840000000000000000e+02
6.110000000000000000e+02 3.840000000000000000e+02
6.100000000000000000e+02 3.840000000000000000e+02
6.100000000000000000e+02 3.850000000000000000e+02
6.100000000000000000e+02 3.850000000000000000e+02
6.110000000000000000e+02 3.850000000000000000e+02
6.110000000000000000e+02 3.850000000000000000e+02
6.120000000000000000e+02 3.860000000000000000e+02
6.120000000000000000e+02 3.860000000000000000e+02
6.130000000000000000e+02 3.860000000000000000e+02
6.120000000000000000e+02 3.860000000000000000e+02
6.120000000000000000e+02 3.860000000000000000e+02
6.120000000000000000e+02 3.860000000000000000e+02
6.110000000000000000e+02 3.850000000000000000e+02
6.120000000000000000e+02 3.840000000000000000e+02
6.120000000000000000e+02 3.840000000000000000e+02
6.130000000000000000e+02 3.850000000000000000e+02
6.130000000000000000e+02 3.840000000000000000e+02
6.130000000000000000e+02 3.850000000000000000e+02
6.120000000000000000e+02 3.840000000000000000e+02
6.120000000000000000e+02 3.840000000000000000e+02
6.120000000000000000e+02 3.840000000000000000e+02
6.120000000000000000e+02 3.840000000000000000e+02
6.130000000000000000e+02 3.850000000000000000e+02
6.130000000000000000e+02 3.850000000000000000e+02
6.120000000000000000e+02 3.860000000000000000e+02
6.120000000000000000e+02 3.860000000000000000e+02
6.110000000000000000e+02 3.860000000000000000e+02
6.120000000000000000e+02 3.860000000000000000e+02
6.110000000000000000e+02 3.860000000000000000e+02
6.110000000000000000e+02 3.860000000000000000e+02
6.110000000000000000e+02 3.860000000000000000e+02
6.110000000000000000e+02 3.860000000000000000e+02
6.110000000000000000e+02 3.860000000000000000e+02
6.110000000000000000e+02 3.860000000000000000e+02
6.110000000000000000e+02 3.860000000000000000e+02
6.110000000000000000e+02 3.860000000000000000e+02
6.120000000000000000e+02 3.850000000000000000e+02
6.120000000000000000e+02 3.850000000000000000e+02
6.130000000000000000e+02 3.850000000000000000e+02
6.130000000000000000e+02 3.850000000000000000e+02
6.130000000000000000e+02 3.850000000000000000e+02
6.130000000000000000e+02 3.860000000000000000e+02
6.120000000000000000e+02 3.860000000000000000e+02
6.130000000000000000e+02 3.860000000000000000e+02
6.120000000000000000e+02 3.860000000000000000e+02
6.120000000000000000e+02 3.850000000000000000e+02
6.130000000000000000e+02 3.850000000000000000e+02
6.120000000000000000e+02 3.850000000000000000e+02
6.120000000000000000e+02 3.850000000000000000e+02
6.130000000000000000e+02 3.840000000000000000e+02
6.130000000000000000e+02 3.850000000000000000e+02
6.120000000000000000e+02 3.850000000000000000e+02
6.110000000000000000e+02 3.860000000000000000e+02
6.110000000000000000e+02 3.860000000000000000e+02
6.100000000000000000e+02 3.850000000000000000e+02
6.110000000000000000e+02 3.860000000000000000e+02
6.110000000000000000e+02 3.850000000000000000e+02
6.110000000000000000e+02 3.850000000000000000e+02
6.110000000000000000e+02 3.860000000000000000e+02
6.120000000000000000e+02 3.860000000000000000e+02
6.110000000000000000e+02 3.860000000000000000e+02
6.120000000000000000e+02 3.850000000000000000e+02
6.120000000000000000e+02 3.850000000000000000e+02
6.110000000000000000e+02 3.840000000000000000e+02
6.120000000000000000e+02 3.840000000000000000e+02
6.100000000000000000e+02 3.830000000000000000e+02
6.100000000000000000e+02 3.840000000000000000e+02
6.100000000000000000e+02 3.830000000000000000e+02
6.100000000000000000e+02 3.840000000000000000e+02
6.120000000000000000e+02 3.840000000000000000e+02
6.120000000000000000e+02 3.840000000000000000e+02
6.120000000000000000e+02 3.840000000000000000e+02
6.120000000000000000e+02 3.850000000000000000e+02
6.120000000000000000e+02 3.850000000000000000e+02
6.120000000000000000e+02 3.850000000000000000e+02
6.120000000000000000e+02 3.860000000000000000e+02
6.120000000000000000e+02 3.860000000000000000e+02
6.120000000000000000e+02 3.850000000000000000e+02
6.120000000000000000e+02 3.860000000000000000e+02
6.110000000000000000e+02 3.850000000000000000e+02
6.120000000000000000e+02 3.840000000000000000e+02
6.110000000000000000e+02 3.840000000000000000e+02
6.120000000000000000e+02 3.860000000000000000e+02
6.120000000000000000e+02 3.850000000000000000e+02
6.110000000000000000e+02 3.850000000000000000e+02
6.120000000000000000e+02 3.840000000000000000e+02
6.100000000000000000e+02 3.840000000000000000e+02
6.100000000000000000e+02 3.840000000000000000e+02
6.100000000000000000e+02 3.840000000000000000e+02
6.100000000000000000e+02 3.840000000000000000e+02
6.110000000000000000e+02 3.840000000000000000e+02
6.110000000000000000e+02 3.840000000000000000e+02
6.120000000000000000e+02 3.840000000000000000e+02
6.120000000000000000e+02 3.840000000000000000e+02
6.120000000000000000e+02 3.840000000000000000e+02
