# frames 106, center=[807, 534], duration=[120, 225], video=segunda muestra_2
8.070000000000000000e+02 5.340000000000000000e+02
8.070000000000000000e+02 5.340000000000000000e+02
8.070000000000000000e+02 5.340000000000000000e+02
8.060000000000000000e+02 5.340000000000000000e+02
8.070000000000000000e+02 5.360000000000000000e+02
8.060000000000000000e+02 5.360000000000000000e+02
8.060000000000000000e+02 5.350000000000000000e+02
8.070000000000000000e+02 5.360000000000000000e+02
8.080000000000000000e+02 5.350000000000000000e+02
8.070000000000000000e+02 5.350000000000000000e+02
8.080000000000000000e+02 5.350000000000000000e+02
8.080000000000000000e+02 5.330000000000000000e+02
8.100000000000000000e+02 5.330000000000000000e+02
8.100000000000000000e+02 5.320000000000000000e+02
8.100000000000000000e+02 5.310000000000000000e+02
8.090000000000000000e+02 5.320000000000000000e+02
8.080000000000000000e+02 5.320000000000000000e+02
8.100000000000000000e+02 5.310000000000000000e+02
8.100000000000000000e+02 5.320000000000000000e+02
8.120000000000000000e+02 5.320000000000000000e+02
8.130000000000000000e+02 5.310000000000000000e+02
8.120000000000000000e+02 5.320000000000000000e+02
8.110000000000000000e+02 5.310000000000000000e+02
8.100000000000000000e+02 5.300000000000000000e+02
8.120000000000000000e+02 5.310000000000000000e+02
8.120000000000000000e+02 5.320000000000000000e+02
8.110000000000000000e+02 5.320000000000000000e+02
8.120000000000000000e+02 5.320000000000000000e+02
8.100000000000000000e+02 5.330000000000000000e+02
8.110000000000000000e+02 5.340000000000000000e+02
8.120000000000000000e+02 5.350000000000000000e+02
8.120000000000000000e+02 5.350000000000000000e+02
8.130000000000000000e+02 5.360000000000000000e+02
8.130000000000000000e+02 5.360000000000000000e+02
8.130000000000000000e+02 5.350000000000000000e+02
8.130000000000000000e+02 5.350000000000000000e+02
8.120000000000000000e+02 5.350000000000000000e+02
8.130000000000000000e+02 5.350000000000000000e+02
8.130000000000000000e+02 5.360000000000000000e+02
8.140000000000000000e+02 5.350000000000000000e+02
8.140000000000000000e+02 5.370000000000000000e+02
8.120000000000000000e+02 5.370000000000000000e+02
8.120000000000000000e+02 5.370000000000000000e+02
8.130000000000000000e+02 5.380000000000000000e+02
8.120000000000000000e+02 5.390000000000000000e+02
8.130000000000000000e+02 5.390000000000000000e+02
8.120000000000000000e+02 5.410000000000000000e+02
8.120000000000000000e+02 5.380000000000000000e+02
8.110000000000000000e+02 5.380000000000000000e+02
8.100000000000000000e+02 5.360000000000000000e+02
8.090000000000000000e+02 5.360000000000000000e+02
8.100000000000000000e+02 5.350000000000000000e+02
8.100000000000000000e+02 5.330000000000000000e+02
8.090000000000000000e+02 5.340000000000000000e+02
8.100000000000000000e+02 5.320000000000000000e+02
8.110000000000000000e+02 5.310000000000000000e+02
8.110000000000000000e+02 5.300000000000000000e+02
8.110000000000000000e+02 5.300000000000000000e+02
8.100000000000000000e+02 5.300000000000000000e+02
8.080000000000000000e+02 5.310000000000000000e+02
8.070000000000000000e+02 5.310000000000000000e+02
8.070000000000000000e+02 5.310000000000000000e+02
8.060000000000000000e+02 5.310000000000000000e+02
8.060000000000000000e+02 5.320000000000000000e+02
8.060000000000000000e+02 5.340000000000000000e+02
8.040000000000000000e+02 5.330000000000000000e+02
8.030000000000000000e+02 5.330000000000000000e+02
8.020000000000000000e+02 5.320000000000000000e+02
8.030000000000000000e+02 5.320000000000000000e+02
8.040000000000000000e+02 5.330000000000000000e+02
8.030000000000000000e+02 5.320000000000000000e+02
8.030000000000000000e+02 5.330000000000000000e+02
8.040000000000000000e+02 5.350000000000000000e+02
8.050000000000000000e+02 5.340000000000000000e+02
8.060000000000000000e+02 5.340000000000000000e+02
8.040000000000000000e+02 5.340000000000000000e+02
8.050000000000000000e+02 5.330000000000000000e+02
8.050000000000000000e+02 5.340000000000000000e+02
8.060000000000000000e+02 5.340000000000000000e+02
8.070000000000000000e+02 5.350000000000000000e+02
8.080000000000000000e+02 5.340000000000000000e+02
8.100000000000000000e+02 5.340000000000000000e+02
8.090000000000000000e+02 5.330000000000000000e+02
8.090000000000000000e+02 5.340000000000000000e+02
8.080000000000000000e+02 5.360000000000000000e+02
8.090000000000000000e+02 5.370000000000000000e+02
8.090000000000000000e+02 5.370000000000000000e+02
8.080000000000000000e+02 5.380000000000000000e+02
8.080000000000000000e+02 5.380000000000000000e+02
8.100000000000000000e+02 5.370000000000000000e+02
8.100000000000000000e+02 5.370000000000000000e+02
8.090000000000000000e+02 5.370000000000000000e+02
8.100000000000000000e+02 5.380000000000000000e+02
8.090000000000000000e+02 5.390000000000000000e+02
8.080000000000000000e+02 5.380000000000000000e+02
8.090000000000000000e+02 5.370000000000000000e+02
8.090000000000000000e+02 5.370000000000000000e+02
8.090000000000000000e+02 5.380000000000000000e+02
8.100000000000000000e+02 5.400000000000000000e+02
8.100000000000000000e+02 5.410000000000000000e+02
8.090000000000000000e+02 5.420000000000000000e+02
8.080000000000000000e+02 5.410000000000000000e+02
8.080000000000000000e+02 5.420000000000000000e+02
8.080000000000000000e+02 5.420000000000000000e+02
8.080000000000000000e+02 5.440000000000000000e+02
8.100000000000000000e+02 5.430000000000000000e+02
