# frames 106, center=[807, 693], duration=[120, 225], video=segunda muestra_2
8.070000000000000000e+02 6.930000000000000000e+02
8.070000000000000000e+02 6.930000000000000000e+02
8.070000000000000000e+02 6.930000000000000000e+02
8.090000000000000000e+02 6.930000000000000000e+02
8.100000000000000000e+02 6.920000000000000000e+02
8.070000000000000000e+02 6.930000000000000000e+02
8.100000000000000000e+02 6.950000000000000000e+02
8.100000000000000000e+02 6.940000000000000000e+02
8.090000000000000000e+02 6.950000000000000000e+02
8.080000000000000000e+02 6.960000000000000000e+02
8.090000000000000000e+02 6.970000000000000000e+02
8.090000000000000000e+02 6.980000000000000000e+02
8.080000000000000000e+02 6.980000000000000000e+02
8.060000000000000000e+02 6.980000000000000000e+02
8.070000000000000000e+02 6.980000000000000000e+02
8.090000000000000000e+02 6.970000000000000000e+02
8.090000000000000000e+02 6.980000000000000000e+02
8.100000000000000000e+02 6.970000000000000000e+02
8.100000000000000000e+02 6.980000000000000000e+02
8.100000000000000000e+02 6.980000000000000000e+02
8.080000000000000000e+02 6.980000000000000000e+02
8.090000000000000000e+02 6.990000000000000000e+02
8.090000000000000000e+02 7.000000000000000000e+02
8.110000000000000000e+02 6.990000000000000000e+02
8.120000000000000000e+02 6.990000000000000000e+02
8.100000000000000000e+02 7.000000000000000000e+02
8.100000000000000000e+02 7.000000000000000000e+02
8.110000000000000000e+02 6.990000000000000000e+02
8.110000000000000000e+02 6.990000000000000000e+02
8.110000000000000000e+02 6.990000000000000000e+02
8.120000000000000000e+02 6.980000000000000000e+02
8.110000000000000000e+02 6.970000000000000000e+02
8.110000000000000000e+02 6.960000000000000000e+02
8.120000000000000000e+02 6.960000000000000000e+02
8.120000000000000000e+02 6.960000000000000000e+02
8.130000000000000000e+02 6.950000000000000000e+02
8.120000000000000000e+02 6.960000000000000000e+02
8.110000000000000000e+02 6.960000000000000000e+02
8.120000000000000000e+02 6.970000000000000000e+02
8.110000000000000000e+02 6.990000000000000000e+02
8.110000000000000000e+02 6.990000000000000000e+02
8.110000000000000000e+02 7.000000000000000000e+02
8.130000000000000000e+02 6.980000000000000000e+02
8.130000000000000000e+02 6.970000000000000000e+02
8.120000000000000000e+02 6.980000000000000000e+02
8.130000000000000000e+02 6.990000000000000000e+02
8.120000000000000000e+02 7.000000000000000000e+02
8.120000000000000000e+02 7.000000000000000000e+02
8.110000000000000000e+02 7.000000000000000000e+02
8.120000000000000000e+02 7.000000000000000000e+02
8.130000000000000000e+02 7.020000000000000000e+02
8.130000000000000000e+02 7.020000000000000000e+02
8.130000000000000000e+02 7.020000000000000000e+02
8.130000000000000000e+02 7.020000000000000000e+02
8.130000000000000000e+02 7.040000000000000000e+02
8.140000000000000000e+02 7.030000000000000000e+02
8.140000000000000000e+02 7.020000000000000000e+02
8.140000000000000000e+02 7.020000000000000000e+02
8.130000000000000000e+02 7.010000000000000000e+02
8.130000000000000000e+02 7.000000000000000000e+02
8.120000000000000000e+02 7.000000000000000000e+02
8.120000000000000000e+02 6.990000000000000000e+02
8.120000000000000000e+02 6.990000000000000000e+02
8.100000000000000000e+02 7.000000000000000000e+02
8.100000000000000000e+02 6.990000000000000000e+02
8.090000000000000000e+02 6.970000000000000000e+02
8.090000000000000000e+02 6.990000000000000000e+02
8.090000000000000000e+02 7.010000000000000000e+02
8.100000000000000000e+02 7.020000000000000000e+02
8.100000000000000000e+02 7.020000000000000000e+02
8.090000000000000000e+02 7.010000000000000000e+02
8.090000000000000000e+02 7.010000000000000000e+02
8.090000000000000000e+02 7.020000000000000000e+02
8.090000000000000000e+02 7.030000000000000000e+02
8.090000000000000000e+02 7.040000000000000000e+02
8.100000000000000000e+02 7.040000000000000000e+02
8.100000000000000000e+02 7.040000000000000000e+02
8.110000000000000000e+02 7.050000000000000000e+02
8.110000000000000000e+02 7.050000000000000000e+02
8.130000000000000000e+02 7.040000000000000000e+02
8.130000000000000000e+02 7.050000000000000000e+02
8.130000000000000000e+02 7.050000000000000000e+02
8.140000000000000000e+02 7.060000000000000000e+02
8.130000000000000000e+02 7.050000000000000000e+02
8.130000000000000000e+02 7.050000000000000000e+02
8.130000000000000000e+02 7.040000000000000000e+02
8.120000000000000000e+02 7.040000000000000000e+02
8.130000000000000000e+02 7.040000000000000000e+02
8.130000000000000000e+02 7.050000000000000000e+02
8.130000000000000000e+02 7.050000000000000000e+02
8.130000000000000000e+02 7.060000000000000000e+02
8.120000000000000000e+02 7.060000000000000000e+02
8.120000000000000000e+02 7.080000000000000000e+02
8.120000000000000000e+02 7.080000000000000000e+02
8.130000000000000000e+02 7.090000000000000000e+02
8.120000000000000000e+02 7.080000000000000000e+02
8.120000000000000000e+02 7.090000000000000000e+02
8.140000000000000000e+02 7.100000000000000000e+02
8.130000000000000000e+02 7.100000000000000000e+02
8.140000000000000000e+02 7.110000000000000000e+02
8.130000000000000000e+02 7.110000000000000000e+02
8.140000000000000000e+02 7.110000000000000000e+02
8.150000000000000000e+02 7.110000000000000000e+02
8.150000000000000000e+02 7.110000000000000000e+02
8.160000000000000000e+02 7.110000000000000000e+02
8.150000000000000000e+02 7.110000000000000000e+02
