# frames 106, center=[575, 667], duration=[120, 225], video=segunda muestra_2
5.750000000000000000e+02 6.670000000000000000e+02
5.750000000000000000e+02 6.660000000000000000e+02
5.750000000000000000e+02 6.660000000000000000e+02
5.740000000000000000e+02 6.700000000000000000e+02
5.780000000000000000e+02 6.670000000000000000e+02
5.760000000000000000e+02 6.650000000000000000e+02
5.770000000000000000e+02 6.690000000000000000e+02
5.780000000000000000e+02 6.660000000000000000e+02
5.760000000000000000e+02 6.670000000000000000e+02
5.780000000000000000e+02 6.680000000000000000e+02
5.760000000000000000e+02 6.680000000000000000e+02
5.740000000000000000e+02 6.680000000000000000e+02
5.750000000000000000e+02 6.640000000000000000e+02
5.750000000000000000e+02 6.650000000000000000e+02
5.760000000000000000e+02 6.660000000000000000e+02
5.770000000000000000e+02 6.680000000000000000e+02
5.760000000000000000e+02 6.670000000000000000e+02
5.760000000000000000e+02 6.670000000000000000e+02
5.750000000000000000e+02 6.680000000000000000e+02
5.740000000000000000e+02 6.680000000000000000e+02
5.730000000000000000e+02 6.660000000000000000e+02
5.700000000000000000e+02 6.650000000000000000e+02
5.700000000000000000e+02 6.680000000000000000e+02
5.700000000000000000e+02 6.650000000000000000e+02
5.710000000000000000e+02 6.630000000000000000e+02
5.710000000000000000e+02 6.620000000000000000e+02
5.670000000000000000e+02 6.610000000000000000e+02
5.650000000000000000e+02 6.620000000000000000e+02
5.650000000000000000e+02 6.630000000000000000e+02
5.650000000000000000e+02 6.640000000000000000e+02
5.630000000000000000e+02 6.630000000000000000e+02
5.630000000000000000e+02 6.630000000000000000e+02
5.670000000000000000e+02 6.600000000000000000e+02
5.660000000000000000e+02 6.640000000000000000e+02
5.650000000000000000e+02 6.610000000000000000e+02
5.630000000000000000e+02 6.620000000000000000e+02
5.640000000000000000e+02 6.620000000000000000e+02
5.630000000000000000e+02 6.650000000000000000e+02
5.610000000000000000e+02 6.640000000000000000e+02
5.610000000000000000e+02 6.640000000000000000e+02
5.580000000000000000e+02 6.640000000000000000e+02
5.570000000000000000e+02 6.690000000000000000e+02
5.560000000000000000e+02 6.680000000000000000e+02
5.530000000000000000e+02 6.700000000000000000e+02
5.490000000000000000e+02 6.690000000000000000e+02
5.460000000000000000e+02 6.670000000000000000e+02
5.480000000000000000e+02 6.670000000000000000e+02
5.490000000000000000e+02 6.620000000000000000e+02
5.520000000000000000e+02 6.630000000000000000e+02
5.500000000000000000e+02 6.620000000000000000e+02
5.510000000000000000e+02 6.640000000000000000e+02
5.530000000000000000e+02 6.640000000000000000e+02
5.540000000000000000e+02 6.620000000000000000e+02
5.550000000000000000e+02 6.600000000000000000e+02
5.560000000000000000e+02 6.600000000000000000e+02
5.590000000000000000e+02 6.580000000000000000e+02
5.580000000000000000e+02 6.590000000000000000e+02
5.600000000000000000e+02 6.600000000000000000e+02
5.640000000000000000e+02 6.580000000000000000e+02
5.650000000000000000e+02 6.570000000000000000e+02
5.660000000000000000e+02 6.630000000000000000e+02
5.660000000000000000e+02 6.640000000000000000e+02
5.670000000000000000e+02 6.650000000000000000e+02
5.690000000000000000e+02 6.600000000000000000e+02
5.680000000000000000e+02 6.630000000000000000e+02
5.660000000000000000e+02 6.620000000000000000e+02
5.680000000000000000e+02 6.600000000000000000e+02
5.690000000000000000e+02 6.620000000000000000e+02
5.700000000000000000e+02 6.630000000000000000e+02
5.690000000000000000e+02 6.600000000000000000e+02
5.710000000000000000e+02 6.580000000000000000e+02
5.710000000000000000e+02 6.560000000000000000e+02
5.690000000000000000e+02 6.570000000000000000e+02
5.670000000000000000e+02 6.570000000000000000e+02
5.640000000000000000e+02 6.560000000000000000e+02
5.670000000000000000e+02 6.570000000000000000e+02
5.680000000000000000e+02 6.590000000000000000e+02
5.660000000000000000e+02 6.600000000000000000e+02
5.660000000000000000e+02 6.580000000000000000e+02
5.660000000000000000e+02 6.590000000000000000e+02
5.670000000000000000e+02 6.560000000000000000e+02
5.670000000000000000e+02 6.570000000000000000e+02
5.660000000000000000e+02 6.600000000000000000e+02
5.620000000000000000e+02 6.570000000000000000e+02
5.620000000000000000e+02 6.590000000000000000e+02
5.620000000000000000e+02 6.570000000000000000e+02
5.630000000000000000e+02 6.600000000000000000e+02
5.600000000000000000e+02 6.650000000000000000e+02
5.630000000000000000e+02 6.600000000000000000e+02
5.630000000000000000e+02 6.590000000000000000e+02
5.610000000000000000e+02 6.640000000000000000e+02
5.610000000000000000e+02 6.640000000000000000e+02
5.590000000000000000e+02 6.650000000000000000e+02
5.560000000000000000e+02 6.640000000000000000e+02
5.570000000000000000e+02 6.650000000000000000e+02
5.530000000000000000e+02 6.650000000000000000e+02
5.570000000000000000e+02 6.650000000000000000e+02
5.580000000000000000e+02 6.640000000000000000e+02
5.580000000000000000e+02 6.640000000000000000e+02
5.590000000000000000e+02 6.610000000000000000e+02
5.610000000000000000e+02 6.600000000000000000e+02
5.590000000000000000e+02 6.600000000000000000e+02
5.600000000000000000e+02 6.590000000000000000e+02
5.580000000000000000e+02 6.550000000000000000e+02
5.520000000000000000e+02 6.510000000000000000e+02
5.530000000000000000e+02 6.520000000000000000e+02
