# frames 106, center=[273, 651], duration=[120, 225], video=segunda muestra_2
2.730000000000000000e+02 6.510000000000000000e+02
2.730000000000000000e+02 6.510000000000000000e+02
2.730000000000000000e+02 6.510000000000000000e+02
2.730000000000000000e+02 6.520000000000000000e+02
2.720000000000000000e+02 6.550000000000000000e+02
2.720000000000000000e+02 6.550000000000000000e+02
2.730000000000000000e+02 6.560000000000000000e+02
2.740000000000000000e+02 6.560000000000000000e+02
2.740000000000000000e+02 6.560000000000000000e+02
2.740000000000000000e+02 6.570000000000000000e+02
2.730000000000000000e+02 6.570000000000000000e+02
2.720000000000000000e+02 6.570000000000000000e+02
2.730000000000000000e+02 6.570000000000000000e+02
2.720000000000000000e+02 6.560000000000000000e+02
2.720000000000000000e+02 6.560000000000000000e+02
2.710000000000000000e+02 6.570000000000000000e+02
2.700000000000000000e+02 6.560000000000000000e+02
2.700000000000000000e+02 6.570000000000000000e+02
2.700000000000000000e+02 6.600000000000000000e+02
2.700000000000000000e+02 6.600000000000000000e+02
2.710000000000000000e+02 6.600000000000000000e+02
2.720000000000000000e+02 6.600000000000000000e+02
2.710000000000000000e+02 6.590000000000000000e+02
2.690000000000000000e+02 6.590000000000000000e+02
2.690000000000000000e+02 6.580000000000000000e+02
2.690000000000000000e+02 6.590000000000000000e+02
2.690000000000000000e+02 6.590000000000000000e+02
2.700000000000000000e+02 6.580000000000000000e+02
2.690000000000000000e+02 6.590000000000000000e+02
2.700000000000000000e+02 6.600000000000000000e+02
2.710000000000000000e+02 6.600000000000000000e+02
2.710000000000000000e+02 6.590000000000000000e+02
2.740000000000000000e+02 6.580000000000000000e+02
2.750000000000000000e+02 6.570000000000000000e+02
2.740000000000000000e+02 6.570000000000000000e+02
2.750000000000000000e+02 6.560000000000000000e+02
2.730000000000000000e+02 6.550000000000000000e+02
2.720000000000000000e+02 6.540000000000000000e+02
2.730000000000000000e+02 6.550000000000000000e+02
2.740000000000000000e+02 6.570000000000000000e+02
2.720000000000000000e+02 6.580000000000000000e+02
2.710000000000000000e+02 6.580000000000000000e+02
2.690000000000000000e+02 6.590000000000000000e+02
2.700000000000000000e+02 6.580000000000000000e+02
2.690000000000000000e+02 6.590000000000000000e+02
2.690000000000000000e+02 6.590000000000000000e+02
2.680000000000000000e+02 6.590000000000000000e+02
2.670000000000000000e+02 6.600000000000000000e+02
2.660000000000000000e+02 6.610000000000000000e+02
2.660000000000000000e+02 6.620000000000000000e+02
2.670000000000000000e+02 6.600000000000000000e+02
2.670000000000000000e+02 6.600000000000000000e+02
2.650000000000000000e+02 6.590000000000000000e+02
2.660000000000000000e+02 6.600000000000000000e+02
2.650000000000000000e+02 6.610000000000000000e+02
2.650000000000000000e+02 6.620000000000000000e+02
2.650000000000000000e+02 6.620000000000000000e+02
2.640000000000000000e+02 6.600000000000000000e+02
2.640000000000000000e+02 6.600000000000000000e+02
2.650000000000000000e+02 6.610000000000000000e+02
2.640000000000000000e+02 6.600000000000000000e+02
2.650000000000000000e+02 6.610000000000000000e+02
2.650000000000000000e+02 6.610000000000000000e+02
2.640000000000000000e+02 6.620000000000000000e+02
2.630000000000000000e+02 6.630000000000000000e+02
2.620000000000000000e+02 6.620000000000000000e+02
2.630000000000000000e+02 6.630000000000000000e+02
2.620000000000000000e+02 6.620000000000000000e+02
2.630000000000000000e+02 6.620000000000000000e+02
2.610000000000000000e+02 6.620000000000000000e+02
2.600000000000000000e+02 6.620000000000000000e+02
2.610000000000000000e+02 6.620000000000000000e+02
2.610000000000000000e+02 6.620000000000000000e+02
2.610000000000000000e+02 6.620000000000000000e+02
2.610000000000000000e+02 6.630000000000000000e+02
2.610000000000000000e+02 6.640000000000000000e+02
2.610000000000000000e+02 6.640000000000000000e+02
2.590000000000000000e+02 6.640000000000000000e+02
2.600000000000000000e+02 6.640000000000000000e+02
2.590000000000000000e+02 6.640000000000000000e+02
2.590000000000000000e+02 6.640000000000000000e+02
2.610000000000000000e+02 6.650000000000000000e+02
2.610000000000000000e+02 6.650000000000000000e+02
2.580000000000000000e+02 6.640000000000000000e+02
2.580000000000000000e+02 6.640000000000000000e+02
2.590000000000000000e+02 6.650000000000000000e+02
2.590000000000000000e+02 6.650000000000000000e+02
2.600000000000000000e+02 6.660000000000000000e+02
2.580000000000000000e+02 6.660000000000000000e+02
2.570000000000000000e+02 6.660000000000000000e+02
2.560000000000000000e+02 6.660000000000000000e+02
2.550000000000000000e+02 6.670000000000000000e+02
2.530000000000000000e+02 6.660000000000000000e+02
2.530000000000000000e+02 6.670000000000000000e+02
2.520000000000000000e+02 6.670000000000000000e+02
2.520000000000000000e+02 6.670000000000000000e+02
2.540000000000000000e+02 6.700000000000000000e+02
2.540000000000000000e+02 6.710000000000000000e+02
2.530000000000000000e+02 6.700000000000000000e+02
2.520000000000000000e+02 6.700000000000000000e+02
2.510000000000000000e+02 6.710000000000000000e+02
2.510000000000000000e+02 6.720000000000000000e+02
2.510000000000000000e+02 6.720000000000000000e+02
2.500000000000000000e+02 6.730000000000000000e+02
2.490000000000000000e+02 6.740000000000000000e+02
2.490000000000000000e+02 6.740000000000000000e+02
