# frames 61, center=[727, 609], duration=[0, 60], video=videos pinzas/slow/pinza4 0,005
7.270000000000000000e+02 6.090000000000000000e+02
7.270000000000000000e+02 6.090000000000000000e+02
7.270000000000000000e+02 6.090000000000000000e+02
7.270000000000000000e+02 6.090000000000000000e+02
7.270000000000000000e+02 6.090000000000000000e+02
7.280000000000000000e+02 6.090000000000000000e+02
7.280000000000000000e+02 6.090000000000000000e+02
7.280000000000000000e+02 6.090000000000000000e+02
7.270000000000000000e+02 6.090000000000000000e+02
7.270000000000000000e+02 6.090000000000000000e+02
7.270000000000000000e+02 6.100000000000000000e+02
7.270000000000000000e+02 6.090000000000000000e+02
7.270000000000000000e+02 6.080000000000000000e+02
7.270000000000000000e+02 6.090000000000000000e+02
7.270000000000000000e+02 6.090000000000000000e+02
7.270000000000000000e+02 6.110000000000000000e+02
7.270000000000000000e+02 6.090000000000000000e+02
7.260000000000000000e+02 6.090000000000000000e+02
7.250000000000000000e+02 6.100000000000000000e+02
7.240000000000000000e+02 6.080000000000000000e+02
7.220000000000000000e+02 6.080000000000000000e+02
7.230000000000000000e+02 6.080000000000000000e+02
7.210000000000000000e+02 6.090000000000000000e+02
7.190000000000000000e+02 6.090000000000000000e+02
7.170000000000000000e+02 6.070000000000000000e+02
7.150000000000000000e+02 6.070000000000000000e+02
7.130000000000000000e+02 6.060000000000000000e+02
7.130000000000000000e+02 6.050000000000000000e+02
7.120000000000000000e+02 6.070000000000000000e+02
7.110000000000000000e+02 6.070000000000000000e+02
7.110000000000000000e+02 6.070000000000000000e+02
7.100000000000000000e+02 6.060000000000000000e+02
7.080000000000000000e+02 6.060000000000000000e+02
7.080000000000000000e+02 6.080000000000000000e+02
7.070000000000000000e+02 6.050000000000000000e+02
7.060000000000000000e+02 6.060000000000000000e+02
7.040000000000000000e+02 6.050000000000000000e+02
7.030000000000000000e+02 6.060000000000000000e+02
7.000000000000000000e+02 6.060000000000000000e+02
6.970000000000000000e+02 6.060000000000000000e+02
6.950000000000000000e+02 6.050000000000000000e+02
6.940000000000000000e+02 6.060000000000000000e+02
6.920000000000000000e+02 6.060000000000000000e+02
6.880000000000000000e+02 6.060000000000000000e+02
6.830000000000000000e+02 6.060000000000000000e+02
6.800000000000000000e+02 6.060000000000000000e+02
6.760000000000000000e+02 6.070000000000000000e+02
6.700000000000000000e+02 6.060000000000000000e+02
6.650000000000000000e+02 6.060000000000000000e+02
6.600000000000000000e+02 6.060000000000000000e+02
6.550000000000000000e+02 6.060000000000000000e+02
6.480000000000000000e+02 6.060000000000000000e+02
6.430000000000000000e+02 6.050000000000000000e+02
6.380000000000000000e+02 6.070000000000000000e+02
6.330000000000000000e+02 6.070000000000000000e+02
6.280000000000000000e+02 6.050000000000000000e+02
6.220000000000000000e+02 6.060000000000000000e+02
6.170000000000000000e+02 6.070000000000000000e+02
6.130000000000000000e+02 6.080000000000000000e+02
6.060000000000000000e+02 6.090000000000000000e+02
6.000000000000000000e+02 6.070000000000000000e+02
