# frames 61, center=[407, 707], duration=[0, 60], video=videos pinzas/slow/pinza4 0,005
4.070000000000000000e+02 7.070000000000000000e+02
4.070000000000000000e+02 7.070000000000000000e+02
4.070000000000000000e+02 7.070000000000000000e+02
4.070000000000000000e+02 7.070000000000000000e+02
4.080000000000000000e+02 7.060000000000000000e+02
4.070000000000000000e+02 7.070000000000000000e+02
4.070000000000000000e+02 7.040000000000000000e+02
4.040000000000000000e+02 7.030000000000000000e+02
4.000000000000000000e+02 7.030000000000000000e+02
4.020000000000000000e+02 7.040000000000000000e+02
4.030000000000000000e+02 7.040000000000000000e+02
4.040000000000000000e+02 7.060000000000000000e+02
4.040000000000000000e+02 7.040000000000000000e+02
4.060000000000000000e+02 7.060000000000000000e+02
4.060000000000000000e+02 7.070000000000000000e+02
4.050000000000000000e+02 7.040000000000000000e+02
4.040000000000000000e+02 7.040000000000000000e+02
4.030000000000000000e+02 7.040000000000000000e+02
4.000000000000000000e+02 7.060000000000000000e+02
3.980000000000000000e+02 7.030000000000000000e+02
3.960000000000000000e+02 7.030000000000000000e+02
3.920000000000000000e+02 7.030000000000000000e+02
3.880000000000000000e+02 7.030000000000000000e+02
3.820000000000000000e+02 7.020000000000000000e+02
3.800000000000000000e+02 7.010000000000000000e+02
3.720000000000000000e+02 7.010000000000000000e+02
3.650000000000000000e+02 7.000000000000000000e+02
3.580000000000000000e+02 6.990000000000000000e+02
3.510000000000000000e+02 7.010000000000000000e+02
3.460000000000000000e+02 7.000000000000000000e+02
3.380000000000000000e+02 6.990000000000000000e+02
3.350000000000000000e+02 6.980000000000000000e+02
3.310000000000000000e+02 6.980000000000000000e+02
3.270000000000000000e+02 6.960000000000000000e+02
3.210000000000000000e+02 6.960000000000000000e+02
3.160000000000000000e+02 6.980000000000000000e+02
3.080000000000000000e+02 6.980000000000000000e+02
3.040000000000000000e+02 6.980000000000000000e+02
2.950000000000000000e+02 7.000000000000000000e+02
2.900000000000000000e+02 6.990000000000000000e+02
2.860000000000000000e+02 7.010000000000000000e+02
2.790000000000000000e+02 7.000000000000000000e+02
2.740000000000000000e+02 6.990000000000000000e+02
2.700000000000000000e+02 7.010000000000000000e+02
2.630000000000000000e+02 7.020000000000000000e+02
2.570000000000000000e+02 6.990000000000000000e+02
2.510000000000000000e+02 7.000000000000000000e+02
2.450000000000000000e+02 7.000000000000000000e+02
2.380000000000000000e+02 7.000000000000000000e+02
2.310000000000000000e+02 6.990000000000000000e+02
2.250000000000000000e+02 6.980000000000000000e+02
2.210000000000000000e+02 7.000000000000000000e+02
2.160000000000000000e+02 6.990000000000000000e+02
2.130000000000000000e+02 6.980000000000000000e+02
2.090000000000000000e+02 6.970000000000000000e+02
2.010000000000000000e+02 6.950000000000000000e+02
1.950000000000000000e+02 6.950000000000000000e+02
1.890000000000000000e+02 6.980000000000000000e+02
1.830000000000000000e+02 6.960000000000000000e+02
1.780000000000000000e+02 6.970000000000000000e+02
1.710000000000000000e+02 7.010000000000000000e+02
