1.68
1.75
2.15
1.87
1.62
1.97
1.51
2.01
1.22
2.19
1.66
1.98
1.64
1.28
1.64
1.72
1.78
1.75
1.84
1.54
1.18
1.57
1.28
1.65
1.62
1.73
1.54
1.90
1.89
1.92
1.83
1.95
2.00
1.74
1.03
1.52
2.21
1.05
1.75
1.53
2.17
1.84
1.64
1.73
1.20
2.34
1.94
1.44
1.55
1.90
1.51
1.46
1.99
1.69
1.85
2.02
1.48
2.21
2.02
1.41
1.34
1.77
1.83
1.51
1.65
1.66
1.63
1.85
2.21
2.31
1.49
1.72
1.56
1.72
1.62
2.15
2.03
1.56
2.15
1.53
1.78
1.92
1.63
1.51
1.84
1.99
1.70
2.28
1.96
1.58
1.97
1.65
1.88
1.95
1.90
2.22
1.81
1.90
1.66
1.29
1.57
1.78
0.95
1.83
1.85
2.07
1.85
2.07
1.73
1.60
1.89
1.41
2.13
1.37
2.17
1.55
1.57
1.39
1.65
1.75
1.26
1.18
1.70
1.26
1.90
2.06
1.54
2.68
1.70
1.38
2.27
1.85
1.55
1.69
2.13
2.20
1.70
1.38
1.54
1.92
1.72
1.81
1.81
2.18
1.60
1.66
1.06
1.66
1.17
1.47
1.72
1.51
1.66
1.02
1.57
1.75
1.70
1.82
1.49
1.91
1.53
1.62
2.00
2.14
1.96
1.36
1.60
1.56
1.73
2.19
2.06
1.34
1.81
1.79
1.51
1.59
2.06
1.66
1.66
1.57
0.68
1.74
1.99
2.33
2.43
1.42
1.71
1.55
1.81
1.39
1.80
1.92
1.91
1.84
2.03
1.65
1.59
1.70
1.63
1.83
2.03
1.68
1.19
1.21
1.84
1.89
1.87
0.92
1.95
2.55
1.71
1.65
2.05
1.49
1.39
2.08
1.43
1.92
1.55
1.62
1.44
1.86
1.69
1.66
1.58
1.54
2.05
1.96
2.01
1.36
1.84
1.20
2.18
2.26
2.14
1.86
1.88
1.66
1.46
1.98
2.02
1.58
1.28
1.54
1.57
1.49
1.13
1.24
1.70
2.25
1.24
1.73
1.59
1.78
1.71
2.02
1.70
1.48
1.75
1.72
1.94
1.86
1.87
1.69
1.63
1.60
1.75
2.06
2.14
1.51
1.63
1.68
2.25
1.43
1.72
0.98
1.80
1.41
1.69
1.98
1.28
0.99
1.82
1.50
1.85
2.15
1.39
1.29
1.43
1.16
1.44
2.02
1.44
1.23
1.81
1.85
1.05
1.72
1.54
1.81
