# frames 181, center=[1004, 469], duration=[0, 180], video=videos pinzas/slow/0,005
1.004000000000000000e+03 4.690000000000000000e+02
1.004000000000000000e+03 4.690000000000000000e+02
1.004000000000000000e+03 4.690000000000000000e+02
1.004000000000000000e+03 4.700000000000000000e+02
1.004000000000000000e+03 4.700000000000000000e+02
1.004000000000000000e+03 4.710000000000000000e+02
1.004000000000000000e+03 4.710000000000000000e+02
1.004000000000000000e+03 4.710000000000000000e+02
1.003000000000000000e+03 4.700000000000000000e+02
1.003000000000000000e+03 4.700000000000000000e+02
1.003000000000000000e+03 4.690000000000000000e+02
1.003000000000000000e+03 4.700000000000000000e+02
1.003000000000000000e+03 4.700000000000000000e+02
1.003000000000000000e+03 4.700000000000000000e+02
1.004000000000000000e+03 4.700000000000000000e+02
1.004000000000000000e+03 4.700000000000000000e+02
1.004000000000000000e+03 4.690000000000000000e+02
1.003000000000000000e+03 4.700000000000000000e+02
1.005000000000000000e+03 4.700000000000000000e+02
1.005000000000000000e+03 4.690000000000000000e+02
1.005000000000000000e+03 4.690000000000000000e+02
1.006000000000000000e+03 4.690000000000000000e+02
1.008000000000000000e+03 4.700000000000000000e+02
1.008000000000000000e+03 4.700000000000000000e+02
1.009000000000000000e+03 4.690000000000000000e+02
1.009000000000000000e+03 4.700000000000000000e+02
1.010000000000000000e+03 4.700000000000000000e+02
1.011000000000000000e+03 4.710000000000000000e+02
1.013000000000000000e+03 4.700000000000000000e+02
1.013000000000000000e+03 4.710000000000000000e+02
1.014000000000000000e+03 4.700000000000000000e+02
1.015000000000000000e+03 4.700000000000000000e+02
1.016000000000000000e+03 4.690000000000000000e+02
1.017000000000000000e+03 4.700000000000000000e+02
1.018000000000000000e+03 4.700000000000000000e+02
1.017000000000000000e+03 4.700000000000000000e+02
1.018000000000000000e+03 4.690000000000000000e+02
1.017000000000000000e+03 4.680000000000000000e+02
1.018000000000000000e+03 4.690000000000000000e+02
1.018000000000000000e+03 4.690000000000000000e+02
1.017000000000000000e+03 4.690000000000000000e+02
1.017000000000000000e+03 4.680000000000000000e+02
1.017000000000000000e+03 4.680000000000000000e+02
1.017000000000000000e+03 4.680000000000000000e+02
1.017000000000000000e+03 4.690000000000000000e+02
1.016000000000000000e+03 4.690000000000000000e+02
1.018000000000000000e+03 4.690000000000000000e+02
1.017000000000000000e+03 4.690000000000000000e+02
1.016000000000000000e+03 4.680000000000000000e+02
1.016000000000000000e+03 4.690000000000000000e+02
1.016000000000000000e+03 4.700000000000000000e+02
1.017000000000000000e+03 4.700000000000000000e+02
1.017000000000000000e+03 4.700000000000000000e+02
1.017000000000000000e+03 4.680000000000000000e+02
1.018000000000000000e+03 4.680000000000000000e+02
1.018000000000000000e+03 4.690000000000000000e+02
1.018000000000000000e+03 4.680000000000000000e+02
1.018000000000000000e+03 4.680000000000000000e+02
1.020000000000000000e+03 4.680000000000000000e+02
1.019000000000000000e+03 4.680000000000000000e+02
1.019000000000000000e+03 4.690000000000000000e+02
1.019000000000000000e+03 4.690000000000000000e+02
1.019000000000000000e+03 4.690000000000000000e+02
1.020000000000000000e+03 4.690000000000000000e+02
1.020000000000000000e+03 4.690000000000000000e+02
1.021000000000000000e+03 4.680000000000000000e+02
1.021000000000000000e+03 4.680000000000000000e+02
1.021000000000000000e+03 4.680000000000000000e+02
1.022000000000000000e+03 4.680000000000000000e+02
1.021000000000000000e+03 4.670000000000000000e+02
1.021000000000000000e+03 4.660000000000000000e+02
1.021000000000000000e+03 4.660000000000000000e+02
1.021000000000000000e+03 4.660000000000000000e+02
1.022000000000000000e+03 4.660000000000000000e+02
1.022000000000000000e+03 4.660000000000000000e+02
1.022000000000000000e+03 4.670000000000000000e+02
1.021000000000000000e+03 4.680000000000000000e+02
1.021000000000000000e+03 4.680000000000000000e+02
1.021000000000000000e+03 4.690000000000000000e+02
1.020000000000000000e+03 4.690000000000000000e+02
1.021000000000000000e+03 4.680000000000000000e+02
1.022000000000000000e+03 4.670000000000000000e+02
1.021000000000000000e+03 4.660000000000000000e+02
1.022000000000000000e+03 4.670000000000000000e+02
1.021000000000000000e+03 4.680000000000000000e+02
1.024000000000000000e+03 4.670000000000000000e+02
1.022000000000000000e+03 4.670000000000000000e+02
1.022000000000000000e+03 4.670000000000000000e+02
1.022000000000000000e+03 4.660000000000000000e+02
1.022000000000000000e+03 4.670000000000000000e+02
1.023000000000000000e+03 4.660000000000000000e+02
1.024000000000000000e+03 4.650000000000000000e+02
1.024000000000000000e+03 4.650000000000000000e+02
1.023000000000000000e+03 4.650000000000000000e+02
1.024000000000000000e+03 4.660000000000000000e+02
1.024000000000000000e+03 4.670000000000000000e+02
1.025000000000000000e+03 4.660000000000000000e+02
1.026000000000000000e+03 4.660000000000000000e+02
1.025000000000000000e+03 4.660000000000000000e+02
1.025000000000000000e+03 4.660000000000000000e+02
1.026000000000000000e+03 4.660000000000000000e+02
1.026000000000000000e+03 4.650000000000000000e+02
1.027000000000000000e+03 4.640000000000000000e+02
1.028000000000000000e+03 4.630000000000000000e+02
1.028000000000000000e+03 4.630000000000000000e+02
1.027000000000000000e+03 4.620000000000000000e+02
1.028000000000000000e+03 4.620000000000000000e+02
1.028000000000000000e+03 4.620000000000000000e+02
1.029000000000000000e+03 4.620000000000000000e+02
1.030000000000000000e+03 4.610000000000000000e+02
1.030000000000000000e+03 4.610000000000000000e+02
1.031000000000000000e+03 4.600000000000000000e+02
1.031000000000000000e+03 4.600000000000000000e+02
1.032000000000000000e+03 4.590000000000000000e+02
1.030000000000000000e+03 4.590000000000000000e+02
1.030000000000000000e+03 4.590000000000000000e+02
1.031000000000000000e+03 4.580000000000000000e+02
1.032000000000000000e+03 4.590000000000000000e+02
1.033000000000000000e+03 4.580000000000000000e+02
1.032000000000000000e+03 4.580000000000000000e+02
1.032000000000000000e+03 4.570000000000000000e+02
1.031000000000000000e+03 4.580000000000000000e+02
1.032000000000000000e+03 4.590000000000000000e+02
1.032000000000000000e+03 4.570000000000000000e+02
1.032000000000000000e+03 4.580000000000000000e+02
1.031000000000000000e+03 4.580000000000000000e+02
1.032000000000000000e+03 4.580000000000000000e+02
1.033000000000000000e+03 4.580000000000000000e+02
1.034000000000000000e+03 4.590000000000000000e+02
1.033000000000000000e+03 4.600000000000000000e+02
1.033000000000000000e+03 4.590000000000000000e+02
1.032000000000000000e+03 4.600000000000000000e+02
1.031000000000000000e+03 4.600000000000000000e+02
1.031000000000000000e+03 4.590000000000000000e+02
1.031000000000000000e+03 4.600000000000000000e+02
1.031000000000000000e+03 4.600000000000000000e+02
1.030000000000000000e+03 4.600000000000000000e+02
1.029000000000000000e+03 4.600000000000000000e+02
1.029000000000000000e+03 4.590000000000000000e+02
1.029000000000000000e+03 4.600000000000000000e+02
1.029000000000000000e+03 4.600000000000000000e+02
1.028000000000000000e+03 4.600000000000000000e+02
1.028000000000000000e+03 4.600000000000000000e+02
1.028000000000000000e+03 4.610000000000000000e+02
1.029000000000000000e+03 4.600000000000000000e+02
1.029000000000000000e+03 4.600000000000000000e+02
1.030000000000000000e+03 4.590000000000000000e+02
1.031000000000000000e+03 4.600000000000000000e+02
1.030000000000000000e+03 4.580000000000000000e+02
1.030000000000000000e+03 4.590000000000000000e+02
1.030000000000000000e+03 4.580000000000000000e+02
1.030000000000000000e+03 4.580000000000000000e+02
1.030000000000000000e+03 4.580000000000000000e+02
1.028000000000000000e+03 4.590000000000000000e+02
1.028000000000000000e+03 4.590000000000000000e+02
1.027000000000000000e+03 4.600000000000000000e+02
1.028000000000000000e+03 4.610000000000000000e+02
1.027000000000000000e+03 4.610000000000000000e+02
1.026000000000000000e+03 4.610000000000000000e+02
1.027000000000000000e+03 4.610000000000000000e+02
1.027000000000000000e+03 4.610000000000000000e+02
1.028000000000000000e+03 4.600000000000000000e+02
1.029000000000000000e+03 4.610000000000000000e+02
1.029000000000000000e+03 4.600000000000000000e+02
1.030000000000000000e+03 4.590000000000000000e+02
1.030000000000000000e+03 4.580000000000000000e+02
1.032000000000000000e+03 4.590000000000000000e+02
1.033000000000000000e+03 4.580000000000000000e+02
1.032000000000000000e+03 4.570000000000000000e+02
1.033000000000000000e+03 4.570000000000000000e+02
1.034000000000000000e+03 4.570000000000000000e+02
1.035000000000000000e+03 4.570000000000000000e+02
1.036000000000000000e+03 4.560000000000000000e+02
1.038000000000000000e+03 4.560000000000000000e+02
1.039000000000000000e+03 4.560000000000000000e+02
1.041000000000000000e+03 4.560000000000000000e+02
1.042000000000000000e+03 4.540000000000000000e+02
1.046000000000000000e+03 4.540000000000000000e+02
1.050000000000000000e+03 4.530000000000000000e+02
1.054000000000000000e+03 4.530000000000000000e+02
1.056000000000000000e+03 4.540000000000000000e+02
