# frames 106, center=[879, 406], duration=[0, 105], video=videos pinzas/slow/0,005
8.790000000000000000e+02 4.060000000000000000e+02
8.790000000000000000e+02 4.060000000000000000e+02
8.790000000000000000e+02 4.060000000000000000e+02
8.790000000000000000e+02 4.050000000000000000e+02
8.790000000000000000e+02 4.050000000000000000e+02
8.790000000000000000e+02 4.060000000000000000e+02
8.790000000000000000e+02 4.050000000000000000e+02
8.790000000000000000e+02 4.060000000000000000e+02
8.790000000000000000e+02 4.050000000000000000e+02
8.800000000000000000e+02 4.050000000000000000e+02
8.790000000000000000e+02 4.040000000000000000e+02
8.790000000000000000e+02 4.040000000000000000e+02
8.800000000000000000e+02 4.040000000000000000e+02
8.790000000000000000e+02 4.030000000000000000e+02
8.790000000000000000e+02 4.030000000000000000e+02
8.790000000000000000e+02 4.040000000000000000e+02
8.780000000000000000e+02 4.050000000000000000e+02
8.770000000000000000e+02 4.050000000000000000e+02
8.770000000000000000e+02 4.070000000000000000e+02
8.760000000000000000e+02 4.080000000000000000e+02
8.780000000000000000e+02 4.060000000000000000e+02
8.790000000000000000e+02 4.060000000000000000e+02
8.810000000000000000e+02 4.060000000000000000e+02
8.840000000000000000e+02 4.070000000000000000e+02
8.850000000000000000e+02 4.080000000000000000e+02
8.890000000000000000e+02 4.080000000000000000e+02
8.940000000000000000e+02 4.070000000000000000e+02
8.990000000000000000e+02 4.070000000000000000e+02
9.010000000000000000e+02 4.060000000000000000e+02
9.050000000000000000e+02 4.060000000000000000e+02
9.110000000000000000e+02 4.060000000000000000e+02
9.160000000000000000e+02 4.070000000000000000e+02
9.210000000000000000e+02 4.080000000000000000e+02
9.270000000000000000e+02 4.080000000000000000e+02
9.330000000000000000e+02 4.080000000000000000e+02
9.380000000000000000e+02 4.090000000000000000e+02
9.440000000000000000e+02 4.090000000000000000e+02
9.490000000000000000e+02 4.090000000000000000e+02
9.560000000000000000e+02 4.100000000000000000e+02
9.600000000000000000e+02 4.090000000000000000e+02
9.650000000000000000e+02 4.080000000000000000e+02
9.700000000000000000e+02 4.090000000000000000e+02
9.760000000000000000e+02 4.080000000000000000e+02
9.810000000000000000e+02 4.090000000000000000e+02
9.850000000000000000e+02 4.100000000000000000e+02
9.890000000000000000e+02 4.100000000000000000e+02
9.930000000000000000e+02 4.100000000000000000e+02
9.960000000000000000e+02 4.100000000000000000e+02
1.000000000000000000e+03 4.090000000000000000e+02
1.006000000000000000e+03 4.090000000000000000e+02
1.010000000000000000e+03 4.090000000000000000e+02
1.017000000000000000e+03 4.070000000000000000e+02
1.022000000000000000e+03 4.070000000000000000e+02
1.028000000000000000e+03 4.060000000000000000e+02
1.034000000000000000e+03 4.050000000000000000e+02
1.039000000000000000e+03 4.060000000000000000e+02
1.042000000000000000e+03 4.070000000000000000e+02
1.047000000000000000e+03 4.080000000000000000e+02
1.052000000000000000e+03 4.080000000000000000e+02
1.058000000000000000e+03 4.090000000000000000e+02
1.062000000000000000e+03 4.090000000000000000e+02
1.068000000000000000e+03 4.100000000000000000e+02
1.073000000000000000e+03 4.110000000000000000e+02
1.078000000000000000e+03 4.110000000000000000e+02
1.083000000000000000e+03 4.110000000000000000e+02
1.088000000000000000e+03 4.110000000000000000e+02
1.093000000000000000e+03 4.110000000000000000e+02
1.098000000000000000e+03 4.120000000000000000e+02
1.102000000000000000e+03 4.130000000000000000e+02
1.107000000000000000e+03 4.130000000000000000e+02
1.113000000000000000e+03 4.120000000000000000e+02
1.117000000000000000e+03 4.130000000000000000e+02
1.122000000000000000e+03 4.120000000000000000e+02
1.128000000000000000e+03 4.130000000000000000e+02
1.134000000000000000e+03 4.130000000000000000e+02
1.140000000000000000e+03 4.130000000000000000e+02
1.146000000000000000e+03 4.130000000000000000e+02
1.153000000000000000e+03 4.120000000000000000e+02
1.159000000000000000e+03 4.110000000000000000e+02
1.166000000000000000e+03 4.090000000000000000e+02
1.171000000000000000e+03 4.090000000000000000e+02
1.177000000000000000e+03 4.100000000000000000e+02
1.183000000000000000e+03 4.100000000000000000e+02
1.188000000000000000e+03 4.100000000000000000e+02
1.195000000000000000e+03 4.100000000000000000e+02
1.201000000000000000e+03 4.100000000000000000e+02
1.206000000000000000e+03 4.100000000000000000e+02
1.212000000000000000e+03 4.100000000000000000e+02
1.218000000000000000e+03 4.100000000000000000e+02
1.222000000000000000e+03 4.100000000000000000e+02
1.227000000000000000e+03 4.100000000000000000e+02
1.233000000000000000e+03 4.100000000000000000e+02
1.239000000000000000e+03 4.100000000000000000e+02
1.246000000000000000e+03 4.100000000000000000e+02
1.252000000000000000e+03 4.100000000000000000e+02
1.256000000000000000e+03 4.090000000000000000e+02
1.262000000000000000e+03 4.100000000000000000e+02
1.268000000000000000e+03 4.090000000000000000e+02
1.274000000000000000e+03 4.080000000000000000e+02
1.253000000000000000e+03 4.040000000000000000e+02
1.258000000000000000e+03 4.010000000000000000e+02
1.265000000000000000e+03 3.980000000000000000e+02
1.272000000000000000e+03 3.950000000000000000e+02
1.279000000000000000e+03 3.920000000000000000e+02
1.286000000000000000e+03 3.890000000000000000e+02
1.293000000000000000e+03 3.860000000000000000e+02
