# frames 101, center=[555, 393], duration=[0, 100], video=videos browniano 1/Calibracion_0
5.550000000000000000e+02 3.930000000000000000e+02
5.550000000000000000e+02 3.930000000000000000e+02
5.550000000000000000e+02 3.930000000000000000e+02
5.530000000000000000e+02 3.920000000000000000e+02
5.520000000000000000e+02 3.940000000000000000e+02
5.510000000000000000e+02 3.950000000000000000e+02
5.530000000000000000e+02 3.960000000000000000e+02
5.500000000000000000e+02 3.960000000000000000e+02
5.490000000000000000e+02 3.950000000000000000e+02
5.500000000000000000e+02 3.970000000000000000e+02
5.500000000000000000e+02 3.960000000000000000e+02
5.510000000000000000e+02 3.940000000000000000e+02
5.520000000000000000e+02 3.970000000000000000e+02
5.480000000000000000e+02 3.960000000000000000e+02
5.490000000000000000e+02 3.970000000000000000e+02
5.450000000000000000e+02 3.980000000000000000e+02
5.450000000000000000e+02 3.980000000000000000e+02
5.440000000000000000e+02 3.980000000000000000e+02
5.430000000000000000e+02 3.960000000000000000e+02
5.450000000000000000e+02 3.970000000000000000e+02
5.440000000000000000e+02 3.980000000000000000e+02
5.440000000000000000e+02 3.970000000000000000e+02
5.460000000000000000e+02 4.000000000000000000e+02
5.420000000000000000e+02 3.970000000000000000e+02
5.430000000000000000e+02 3.990000000000000000e+02
5.430000000000000000e+02 4.010000000000000000e+02
5.400000000000000000e+02 4.000000000000000000e+02
5.430000000000000000e+02 4.020000000000000000e+02
5.430000000000000000e+02 4.040000000000000000e+02
5.460000000000000000e+02 4.070000000000000000e+02
5.450000000000000000e+02 4.060000000000000000e+02
5.450000000000000000e+02 4.050000000000000000e+02
5.470000000000000000e+02 4.060000000000000000e+02
5.440000000000000000e+02 4.100000000000000000e+02
5.430000000000000000e+02 4.080000000000000000e+02
5.450000000000000000e+02 4.090000000000000000e+02
5.420000000000000000e+02 4.110000000000000000e+02
5.420000000000000000e+02 4.140000000000000000e+02
5.430000000000000000e+02 4.150000000000000000e+02
5.430000000000000000e+02 4.140000000000000000e+02
5.460000000000000000e+02 4.130000000000000000e+02
5.420000000000000000e+02 4.120000000000000000e+02
5.440000000000000000e+02 4.120000000000000000e+02
5.450000000000000000e+02 4.150000000000000000e+02
5.430000000000000000e+02 4.120000000000000000e+02
5.460000000000000000e+02 4.130000000000000000e+02
5.450000000000000000e+02 4.140000000000000000e+02
5.460000000000000000e+02 4.160000000000000000e+02
5.450000000000000000e+02 4.150000000000000000e+02
5.450000000000000000e+02 4.130000000000000000e+02
5.480000000000000000e+02 4.120000000000000000e+02
5.460000000000000000e+02 4.120000000000000000e+02
5.450000000000000000e+02 4.100000000000000000e+02
5.490000000000000000e+02 4.110000000000000000e+02
5.440000000000000000e+02 4.100000000000000000e+02
5.450000000000000000e+02 4.090000000000000000e+02
5.460000000000000000e+02 4.090000000000000000e+02
5.430000000000000000e+02 4.070000000000000000e+02
5.440000000000000000e+02 4.090000000000000000e+02
5.400000000000000000e+02 4.080000000000000000e+02
5.390000000000000000e+02 4.100000000000000000e+02
5.410000000000000000e+02 4.120000000000000000e+02
5.370000000000000000e+02 4.110000000000000000e+02
5.380000000000000000e+02 4.110000000000000000e+02
5.360000000000000000e+02 4.130000000000000000e+02
5.390000000000000000e+02 4.110000000000000000e+02
5.410000000000000000e+02 4.120000000000000000e+02
5.380000000000000000e+02 4.120000000000000000e+02
5.380000000000000000e+02 4.150000000000000000e+02
5.370000000000000000e+02 4.150000000000000000e+02
5.390000000000000000e+02 4.140000000000000000e+02
5.400000000000000000e+02 4.130000000000000000e+02
5.360000000000000000e+02 4.150000000000000000e+02
5.350000000000000000e+02 4.160000000000000000e+02
5.360000000000000000e+02 4.190000000000000000e+02
5.350000000000000000e+02 4.190000000000000000e+02
5.390000000000000000e+02 4.180000000000000000e+02
5.350000000000000000e+02 4.180000000000000000e+02
5.370000000000000000e+02 4.180000000000000000e+02
5.380000000000000000e+02 4.220000000000000000e+02
5.390000000000000000e+02 4.170000000000000000e+02
5.390000000000000000e+02 4.160000000000000000e+02
5.360000000000000000e+02 4.170000000000000000e+02
5.370000000000000000e+02 4.170000000000000000e+02
5.390000000000000000e+02 4.180000000000000000e+02
5.340000000000000000e+02 4.180000000000000000e+02
5.340000000000000000e+02 4.230000000000000000e+02
5.410000000000000000e+02 4.230000000000000000e+02
5.440000000000000000e+02 4.200000000000000000e+02
5.400000000000000000e+02 4.200000000000000000e+02
5.330000000000000000e+02 4.230000000000000000e+02
5.360000000000000000e+02 4.250000000000000000e+02
5.430000000000000000e+02 4.230000000000000000e+02
5.400000000000000000e+02 4.190000000000000000e+02
5.340000000000000000e+02 4.180000000000000000e+02
5.280000000000000000e+02 4.210000000000000000e+02
5.350000000000000000e+02 4.210000000000000000e+02
5.440000000000000000e+02 4.230000000000000000e+02
5.430000000000000000e+02 4.210000000000000000e+02
5.380000000000000000e+02 4.210000000000000000e+02
5.330000000000000000e+02 4.230000000000000000e+02
