# frames 101, center=[537, 424], duration=[100, 200], video=videos browniano 1/Calibracion_0
5.370000000000000000e+02 4.240000000000000000e+02
5.370000000000000000e+02 4.240000000000000000e+02
5.370000000000000000e+02 4.240000000000000000e+02
5.370000000000000000e+02 4.240000000000000000e+02
5.340000000000000000e+02 4.240000000000000000e+02
5.300000000000000000e+02 4.250000000000000000e+02
5.230000000000000000e+02 4.260000000000000000e+02
5.290000000000000000e+02 4.300000000000000000e+02
5.280000000000000000e+02 4.300000000000000000e+02
5.320000000000000000e+02 4.280000000000000000e+02
5.330000000000000000e+02 4.300000000000000000e+02
5.260000000000000000e+02 4.300000000000000000e+02
5.270000000000000000e+02 4.290000000000000000e+02
5.270000000000000000e+02 4.300000000000000000e+02
5.290000000000000000e+02 4.290000000000000000e+02
5.360000000000000000e+02 4.270000000000000000e+02
5.360000000000000000e+02 4.270000000000000000e+02
5.320000000000000000e+02 4.260000000000000000e+02
5.300000000000000000e+02 4.280000000000000000e+02
5.290000000000000000e+02 4.260000000000000000e+02
5.340000000000000000e+02 4.260000000000000000e+02
5.340000000000000000e+02 4.230000000000000000e+02
5.340000000000000000e+02 4.210000000000000000e+02
5.310000000000000000e+02 4.230000000000000000e+02
5.280000000000000000e+02 4.230000000000000000e+02
5.310000000000000000e+02 4.260000000000000000e+02
5.320000000000000000e+02 4.270000000000000000e+02
5.340000000000000000e+02 4.260000000000000000e+02
5.340000000000000000e+02 4.260000000000000000e+02
5.310000000000000000e+02 4.240000000000000000e+02
5.280000000000000000e+02 4.240000000000000000e+02
5.290000000000000000e+02 4.250000000000000000e+02
5.350000000000000000e+02 4.220000000000000000e+02
5.360000000000000000e+02 4.230000000000000000e+02
5.340000000000000000e+02 4.240000000000000000e+02
5.320000000000000000e+02 4.240000000000000000e+02
5.310000000000000000e+02 4.240000000000000000e+02
5.340000000000000000e+02 4.230000000000000000e+02
5.370000000000000000e+02 4.240000000000000000e+02
5.330000000000000000e+02 4.240000000000000000e+02
5.340000000000000000e+02 4.260000000000000000e+02
5.340000000000000000e+02 4.270000000000000000e+02
5.260000000000000000e+02 4.270000000000000000e+02
5.290000000000000000e+02 4.280000000000000000e+02
5.290000000000000000e+02 4.300000000000000000e+02
5.330000000000000000e+02 4.290000000000000000e+02
5.360000000000000000e+02 4.280000000000000000e+02
5.290000000000000000e+02 4.280000000000000000e+02
5.240000000000000000e+02 4.270000000000000000e+02
5.260000000000000000e+02 4.270000000000000000e+02
5.310000000000000000e+02 4.290000000000000000e+02
5.340000000000000000e+02 4.310000000000000000e+02
5.330000000000000000e+02 4.320000000000000000e+02
5.270000000000000000e+02 4.310000000000000000e+02
5.270000000000000000e+02 4.330000000000000000e+02
5.260000000000000000e+02 4.320000000000000000e+02
5.280000000000000000e+02 4.350000000000000000e+02
5.280000000000000000e+02 4.340000000000000000e+02
5.270000000000000000e+02 4.320000000000000000e+02
5.280000000000000000e+02 4.350000000000000000e+02
5.240000000000000000e+02 4.360000000000000000e+02
5.180000000000000000e+02 4.360000000000000000e+02
5.210000000000000000e+02 4.370000000000000000e+02
5.210000000000000000e+02 4.380000000000000000e+02
5.250000000000000000e+02 4.400000000000000000e+02
5.220000000000000000e+02 4.370000000000000000e+02
5.210000000000000000e+02 4.370000000000000000e+02
5.190000000000000000e+02 4.380000000000000000e+02
5.130000000000000000e+02 4.380000000000000000e+02
5.190000000000000000e+02 4.400000000000000000e+02
5.250000000000000000e+02 4.400000000000000000e+02
5.260000000000000000e+02 4.370000000000000000e+02
5.250000000000000000e+02 4.380000000000000000e+02
5.190000000000000000e+02 4.390000000000000000e+02
5.220000000000000000e+02 4.410000000000000000e+02
5.280000000000000000e+02 4.430000000000000000e+02
5.350000000000000000e+02 4.410000000000000000e+02
5.330000000000000000e+02 4.400000000000000000e+02
5.290000000000000000e+02 4.450000000000000000e+02
5.270000000000000000e+02 4.440000000000000000e+02
5.300000000000000000e+02 4.460000000000000000e+02
5.320000000000000000e+02 4.430000000000000000e+02
5.350000000000000000e+02 4.440000000000000000e+02
5.330000000000000000e+02 4.450000000000000000e+02
5.250000000000000000e+02 4.450000000000000000e+02
5.260000000000000000e+02 4.470000000000000000e+02
5.280000000000000000e+02 4.470000000000000000e+02
5.310000000000000000e+02 4.490000000000000000e+02
5.280000000000000000e+02 4.490000000000000000e+02
5.230000000000000000e+02 4.510000000000000000e+02
5.310000000000000000e+02 4.520000000000000000e+02
5.260000000000000000e+02 4.500000000000000000e+02
5.280000000000000000e+02 4.470000000000000000e+02
5.260000000000000000e+02 4.500000000000000000e+02
5.220000000000000000e+02 4.480000000000000000e+02
5.230000000000000000e+02 4.470000000000000000e+02
5.230000000000000000e+02 4.520000000000000000e+02
5.290000000000000000e+02 4.520000000000000000e+02
5.270000000000000000e+02 4.520000000000000000e+02
5.230000000000000000e+02 4.500000000000000000e+02
5.250000000000000000e+02 4.480000000000000000e+02
