# frames 101, center=[638, 673], duration=[0, 100], video=videos browniano 1/Calibracion_0
6.380000000000000000e+02 6.730000000000000000e+02
6.380000000000000000e+02 6.730000000000000000e+02
6.380000000000000000e+02 6.730000000000000000e+02
6.370000000000000000e+02 6.760000000000000000e+02
6.370000000000000000e+02 6.750000000000000000e+02
6.380000000000000000e+02 6.770000000000000000e+02
6.370000000000000000e+02 6.770000000000000000e+02
6.410000000000000000e+02 6.770000000000000000e+02
6.410000000000000000e+02 6.780000000000000000e+02
6.400000000000000000e+02 6.760000000000000000e+02
6.400000000000000000e+02 6.770000000000000000e+02
6.390000000000000000e+02 6.760000000000000000e+02
6.390000000000000000e+02 6.740000000000000000e+02
6.400000000000000000e+02 6.750000000000000000e+02
6.400000000000000000e+02 6.740000000000000000e+02
6.440000000000000000e+02 6.740000000000000000e+02
6.410000000000000000e+02 6.770000000000000000e+02
6.430000000000000000e+02 6.770000000000000000e+02
6.450000000000000000e+02 6.780000000000000000e+02
6.430000000000000000e+02 6.800000000000000000e+02
6.470000000000000000e+02 6.780000000000000000e+02
6.460000000000000000e+02 6.790000000000000000e+02
6.460000000000000000e+02 6.800000000000000000e+02
6.470000000000000000e+02 6.830000000000000000e+02
6.450000000000000000e+02 6.820000000000000000e+02
6.440000000000000000e+02 6.800000000000000000e+02
6.440000000000000000e+02 6.830000000000000000e+02
6.420000000000000000e+02 6.810000000000000000e+02
6.440000000000000000e+02 6.810000000000000000e+02
6.420000000000000000e+02 6.810000000000000000e+02
6.410000000000000000e+02 6.820000000000000000e+02
6.400000000000000000e+02 6.830000000000000000e+02
6.370000000000000000e+02 6.820000000000000000e+02
6.360000000000000000e+02 6.810000000000000000e+02
6.330000000000000000e+02 6.830000000000000000e+02
6.310000000000000000e+02 6.800000000000000000e+02
6.280000000000000000e+02 6.810000000000000000e+02
6.260000000000000000e+02 6.820000000000000000e+02
6.260000000000000000e+02 6.820000000000000000e+02
6.280000000000000000e+02 6.840000000000000000e+02
6.280000000000000000e+02 6.860000000000000000e+02
6.300000000000000000e+02 6.890000000000000000e+02
6.260000000000000000e+02 6.870000000000000000e+02
6.260000000000000000e+02 6.870000000000000000e+02
6.260000000000000000e+02 6.870000000000000000e+02
6.220000000000000000e+02 6.870000000000000000e+02
6.240000000000000000e+02 6.890000000000000000e+02
6.220000000000000000e+02 6.890000000000000000e+02
6.250000000000000000e+02 6.860000000000000000e+02
6.260000000000000000e+02 6.890000000000000000e+02
6.240000000000000000e+02 6.890000000000000000e+02
6.260000000000000000e+02 6.900000000000000000e+02
6.260000000000000000e+02 6.910000000000000000e+02
6.250000000000000000e+02 6.900000000000000000e+02
6.270000000000000000e+02 6.910000000000000000e+02
6.230000000000000000e+02 6.900000000000000000e+02
6.240000000000000000e+02 6.910000000000000000e+02
6.260000000000000000e+02 6.910000000000000000e+02
6.270000000000000000e+02 6.910000000000000000e+02
6.290000000000000000e+02 6.920000000000000000e+02
6.260000000000000000e+02 6.910000000000000000e+02
6.270000000000000000e+02 6.930000000000000000e+02
6.280000000000000000e+02 6.950000000000000000e+02
6.270000000000000000e+02 6.950000000000000000e+02
6.270000000000000000e+02 6.950000000000000000e+02
6.260000000000000000e+02 6.990000000000000000e+02
6.230000000000000000e+02 6.980000000000000000e+02
6.240000000000000000e+02 6.960000000000000000e+02
6.230000000000000000e+02 6.950000000000000000e+02
6.250000000000000000e+02 6.930000000000000000e+02
6.240000000000000000e+02 6.960000000000000000e+02
6.250000000000000000e+02 6.930000000000000000e+02
6.280000000000000000e+02 6.930000000000000000e+02
6.260000000000000000e+02 6.950000000000000000e+02
6.260000000000000000e+02 6.950000000000000000e+02
6.290000000000000000e+02 6.980000000000000000e+02
6.280000000000000000e+02 6.970000000000000000e+02
6.330000000000000000e+02 6.980000000000000000e+02
6.290000000000000000e+02 6.980000000000000000e+02
6.280000000000000000e+02 6.990000000000000000e+02
6.300000000000000000e+02 6.990000000000000000e+02
6.300000000000000000e+02 6.960000000000000000e+02
6.340000000000000000e+02 6.970000000000000000e+02
6.320000000000000000e+02 6.990000000000000000e+02
6.360000000000000000e+02 6.980000000000000000e+02
6.370000000000000000e+02 6.980000000000000000e+02
6.340000000000000000e+02 6.970000000000000000e+02
6.320000000000000000e+02 7.010000000000000000e+02
6.370000000000000000e+02 7.050000000000000000e+02
6.380000000000000000e+02 7.010000000000000000e+02
6.400000000000000000e+02 7.000000000000000000e+02
6.280000000000000000e+02 7.020000000000000000e+02
6.280000000000000000e+02 7.010000000000000000e+02
6.430000000000000000e+02 7.010000000000000000e+02
6.450000000000000000e+02 6.980000000000000000e+02
6.400000000000000000e+02 6.990000000000000000e+02
6.270000000000000000e+02 7.010000000000000000e+02
6.300000000000000000e+02 6.990000000000000000e+02
6.440000000000000000e+02 7.010000000000000000e+02
6.440000000000000000e+02 7.000000000000000000e+02
6.420000000000000000e+02 6.990000000000000000e+02
