# frames 101, center=[630, 700], duration=[100, 200], video=videos browniano 1/Calibracion_0
6.300000000000000000e+02 7.000000000000000000e+02
6.300000000000000000e+02 7.000000000000000000e+02
6.300000000000000000e+02 7.000000000000000000e+02
6.340000000000000000e+02 7.000000000000000000e+02
6.350000000000000000e+02 6.990000000000000000e+02
6.400000000000000000e+02 7.010000000000000000e+02
6.390000000000000000e+02 7.010000000000000000e+02
6.380000000000000000e+02 7.000000000000000000e+02
6.400000000000000000e+02 7.000000000000000000e+02
6.410000000000000000e+02 6.990000000000000000e+02
6.500000000000000000e+02 6.990000000000000000e+02
6.530000000000000000e+02 6.990000000000000000e+02
6.490000000000000000e+02 7.010000000000000000e+02
6.440000000000000000e+02 7.040000000000000000e+02
6.420000000000000000e+02 7.060000000000000000e+02
6.410000000000000000e+02 7.030000000000000000e+02
6.500000000000000000e+02 7.040000000000000000e+02
6.510000000000000000e+02 7.050000000000000000e+02
6.450000000000000000e+02 7.030000000000000000e+02
6.410000000000000000e+02 7.040000000000000000e+02
6.390000000000000000e+02 7.040000000000000000e+02
6.420000000000000000e+02 7.040000000000000000e+02
6.430000000000000000e+02 7.050000000000000000e+02
6.470000000000000000e+02 7.030000000000000000e+02
6.490000000000000000e+02 7.030000000000000000e+02
6.400000000000000000e+02 7.000000000000000000e+02
6.400000000000000000e+02 7.040000000000000000e+02
6.420000000000000000e+02 7.060000000000000000e+02
6.460000000000000000e+02 7.040000000000000000e+02
6.470000000000000000e+02 7.050000000000000000e+02
6.430000000000000000e+02 7.050000000000000000e+02
6.390000000000000000e+02 7.050000000000000000e+02
6.390000000000000000e+02 7.050000000000000000e+02
6.390000000000000000e+02 7.030000000000000000e+02
6.460000000000000000e+02 7.040000000000000000e+02
6.440000000000000000e+02 7.020000000000000000e+02
6.430000000000000000e+02 7.030000000000000000e+02
6.430000000000000000e+02 7.030000000000000000e+02
6.380000000000000000e+02 7.020000000000000000e+02
6.410000000000000000e+02 7.010000000000000000e+02
6.430000000000000000e+02 7.010000000000000000e+02
6.460000000000000000e+02 7.000000000000000000e+02
6.470000000000000000e+02 7.010000000000000000e+02
6.380000000000000000e+02 7.000000000000000000e+02
6.400000000000000000e+02 7.000000000000000000e+02
6.430000000000000000e+02 7.010000000000000000e+02
6.460000000000000000e+02 7.000000000000000000e+02
6.480000000000000000e+02 7.030000000000000000e+02
6.500000000000000000e+02 7.040000000000000000e+02
6.420000000000000000e+02 7.000000000000000000e+02
6.390000000000000000e+02 7.010000000000000000e+02
6.380000000000000000e+02 7.020000000000000000e+02
6.450000000000000000e+02 7.030000000000000000e+02
6.470000000000000000e+02 7.030000000000000000e+02
6.480000000000000000e+02 7.020000000000000000e+02
6.500000000000000000e+02 7.020000000000000000e+02
6.370000000000000000e+02 7.020000000000000000e+02
6.380000000000000000e+02 7.020000000000000000e+02
6.410000000000000000e+02 7.030000000000000000e+02
6.440000000000000000e+02 7.020000000000000000e+02
6.480000000000000000e+02 7.030000000000000000e+02
6.430000000000000000e+02 7.010000000000000000e+02
6.420000000000000000e+02 7.040000000000000000e+02
6.370000000000000000e+02 7.040000000000000000e+02
6.380000000000000000e+02 7.040000000000000000e+02
6.450000000000000000e+02 7.060000000000000000e+02
6.480000000000000000e+02 7.050000000000000000e+02
6.480000000000000000e+02 7.040000000000000000e+02
6.480000000000000000e+02 7.060000000000000000e+02
6.410000000000000000e+02 7.050000000000000000e+02
6.400000000000000000e+02 7.060000000000000000e+02
6.420000000000000000e+02 7.060000000000000000e+02
6.450000000000000000e+02 7.060000000000000000e+02
6.460000000000000000e+02 7.080000000000000000e+02
6.360000000000000000e+02 7.090000000000000000e+02
6.340000000000000000e+02 7.100000000000000000e+02
6.380000000000000000e+02 7.130000000000000000e+02
6.420000000000000000e+02 7.120000000000000000e+02
6.490000000000000000e+02 7.130000000000000000e+02
6.440000000000000000e+02 7.130000000000000000e+02
6.420000000000000000e+02 7.100000000000000000e+02
6.410000000000000000e+02 7.140000000000000000e+02
6.380000000000000000e+02 7.120000000000000000e+02
6.470000000000000000e+02 7.100000000000000000e+02
6.450000000000000000e+02 7.090000000000000000e+02
6.390000000000000000e+02 7.070000000000000000e+02
6.390000000000000000e+02 7.090000000000000000e+02
6.400000000000000000e+02 7.060000000000000000e+02
6.400000000000000000e+02 7.060000000000000000e+02
6.400000000000000000e+02 7.080000000000000000e+02
6.320000000000000000e+02 7.060000000000000000e+02
6.370000000000000000e+02 7.060000000000000000e+02
6.340000000000000000e+02 7.060000000000000000e+02
6.320000000000000000e+02 7.060000000000000000e+02
6.360000000000000000e+02 7.070000000000000000e+02
6.350000000000000000e+02 7.050000000000000000e+02
6.350000000000000000e+02 7.070000000000000000e+02
6.340000000000000000e+02 7.080000000000000000e+02
6.340000000000000000e+02 7.070000000000000000e+02
6.390000000000000000e+02 7.070000000000000000e+02
6.360000000000000000e+02 7.040000000000000000e+02
