# frames 101, center=[684, 372], duration=[0, 100], video=videos browniano 1/Calibracion_0
6.840000000000000000e+02 3.720000000000000000e+02
6.840000000000000000e+02 3.720000000000000000e+02
6.840000000000000000e+02 3.720000000000000000e+02
6.860000000000000000e+02 3.700000000000000000e+02
6.870000000000000000e+02 3.720000000000000000e+02
6.890000000000000000e+02 3.690000000000000000e+02
6.920000000000000000e+02 3.700000000000000000e+02
6.910000000000000000e+02 3.710000000000000000e+02
6.880000000000000000e+02 3.720000000000000000e+02
6.910000000000000000e+02 3.760000000000000000e+02
6.880000000000000000e+02 3.760000000000000000e+02
6.920000000000000000e+02 3.780000000000000000e+02
6.870000000000000000e+02 3.760000000000000000e+02
6.800000000000000000e+02 3.750000000000000000e+02
6.790000000000000000e+02 3.770000000000000000e+02
6.770000000000000000e+02 3.770000000000000000e+02
6.780000000000000000e+02 3.790000000000000000e+02
6.800000000000000000e+02 3.800000000000000000e+02
6.800000000000000000e+02 3.780000000000000000e+02
6.820000000000000000e+02 3.760000000000000000e+02
6.800000000000000000e+02 3.720000000000000000e+02
6.790000000000000000e+02 3.750000000000000000e+02
6.780000000000000000e+02 3.790000000000000000e+02
6.750000000000000000e+02 3.800000000000000000e+02
6.770000000000000000e+02 3.790000000000000000e+02
6.770000000000000000e+02 3.770000000000000000e+02
6.760000000000000000e+02 3.750000000000000000e+02
6.760000000000000000e+02 3.760000000000000000e+02
6.750000000000000000e+02 3.740000000000000000e+02
6.810000000000000000e+02 3.750000000000000000e+02
6.770000000000000000e+02 3.740000000000000000e+02
6.740000000000000000e+02 3.750000000000000000e+02
6.780000000000000000e+02 3.750000000000000000e+02
6.740000000000000000e+02 3.760000000000000000e+02
6.760000000000000000e+02 3.730000000000000000e+02
6.720000000000000000e+02 3.720000000000000000e+02
6.680000000000000000e+02 3.700000000000000000e+02
6.660000000000000000e+02 3.700000000000000000e+02
6.680000000000000000e+02 3.720000000000000000e+02
6.680000000000000000e+02 3.700000000000000000e+02
6.690000000000000000e+02 3.740000000000000000e+02
6.710000000000000000e+02 3.740000000000000000e+02
6.750000000000000000e+02 3.770000000000000000e+02
6.710000000000000000e+02 3.770000000000000000e+02
6.680000000000000000e+02 3.730000000000000000e+02
6.690000000000000000e+02 3.750000000000000000e+02
6.690000000000000000e+02 3.710000000000000000e+02
6.730000000000000000e+02 3.660000000000000000e+02
6.710000000000000000e+02 3.700000000000000000e+02
6.720000000000000000e+02 3.660000000000000000e+02
6.780000000000000000e+02 3.680000000000000000e+02
6.760000000000000000e+02 3.720000000000000000e+02
6.760000000000000000e+02 3.720000000000000000e+02
6.770000000000000000e+02 3.770000000000000000e+02
6.770000000000000000e+02 3.760000000000000000e+02
6.830000000000000000e+02 3.730000000000000000e+02
6.790000000000000000e+02 3.740000000000000000e+02
6.800000000000000000e+02 3.750000000000000000e+02
6.780000000000000000e+02 3.760000000000000000e+02
6.720000000000000000e+02 3.810000000000000000e+02
6.740000000000000000e+02 3.790000000000000000e+02
6.740000000000000000e+02 3.770000000000000000e+02
6.740000000000000000e+02 3.780000000000000000e+02
6.760000000000000000e+02 3.770000000000000000e+02
6.720000000000000000e+02 3.800000000000000000e+02
6.750000000000000000e+02 3.770000000000000000e+02
6.730000000000000000e+02 3.810000000000000000e+02
6.690000000000000000e+02 3.770000000000000000e+02
6.610000000000000000e+02 3.830000000000000000e+02
6.640000000000000000e+02 3.840000000000000000e+02
6.670000000000000000e+02 3.860000000000000000e+02
6.690000000000000000e+02 3.830000000000000000e+02
6.670000000000000000e+02 3.860000000000000000e+02
6.650000000000000000e+02 3.840000000000000000e+02
6.660000000000000000e+02 3.860000000000000000e+02
6.640000000000000000e+02 3.800000000000000000e+02
6.640000000000000000e+02 3.830000000000000000e+02
6.550000000000000000e+02 3.800000000000000000e+02
6.590000000000000000e+02 3.800000000000000000e+02
6.590000000000000000e+02 3.850000000000000000e+02
6.580000000000000000e+02 3.820000000000000000e+02
6.600000000000000000e+02 3.840000000000000000e+02
6.600000000000000000e+02 3.840000000000000000e+02
6.650000000000000000e+02 3.820000000000000000e+02
6.690000000000000000e+02 3.810000000000000000e+02
6.620000000000000000e+02 3.770000000000000000e+02
6.670000000000000000e+02 3.800000000000000000e+02
6.680000000000000000e+02 3.800000000000000000e+02
6.690000000000000000e+02 3.810000000000000000e+02
6.660000000000000000e+02 3.860000000000000000e+02
6.600000000000000000e+02 3.880000000000000000e+02
6.640000000000000000e+02 3.870000000000000000e+02
6.730000000000000000e+02 3.820000000000000000e+02
6.720000000000000000e+02 3.790000000000000000e+02
6.660000000000000000e+02 3.790000000000000000e+02
6.590000000000000000e+02 3.810000000000000000e+02
6.670000000000000000e+02 3.790000000000000000e+02
6.740000000000000000e+02 3.810000000000000000e+02
6.720000000000000000e+02 3.750000000000000000e+02
6.700000000000000000e+02 3.780000000000000000e+02
6.590000000000000000e+02 3.780000000000000000e+02
