# frames 101, center=[189, 167], duration=[0, 100], video=videos browniano 1/Calibracion_0
1.890000000000000000e+02 1.670000000000000000e+02
1.890000000000000000e+02 1.670000000000000000e+02
2.010000000000000000e+02 1.570000000000000000e+02
2.040000000000000000e+02 1.550000000000000000e+02
2.010000000000000000e+02 1.580000000000000000e+02
2.030000000000000000e+02 1.570000000000000000e+02
2.030000000000000000e+02 1.560000000000000000e+02
1.980000000000000000e+02 1.580000000000000000e+02
2.020000000000000000e+02 1.570000000000000000e+02
2.020000000000000000e+02 1.560000000000000000e+02
2.000000000000000000e+02 1.560000000000000000e+02
2.030000000000000000e+02 1.560000000000000000e+02
2.010000000000000000e+02 1.570000000000000000e+02
2.010000000000000000e+02 1.590000000000000000e+02
1.990000000000000000e+02 1.560000000000000000e+02
2.000000000000000000e+02 1.570000000000000000e+02
2.000000000000000000e+02 1.570000000000000000e+02
1.990000000000000000e+02 1.570000000000000000e+02
2.010000000000000000e+02 1.560000000000000000e+02
2.000000000000000000e+02 1.580000000000000000e+02
2.000000000000000000e+02 1.580000000000000000e+02
1.990000000000000000e+02 1.570000000000000000e+02
2.000000000000000000e+02 1.580000000000000000e+02
2.020000000000000000e+02 1.570000000000000000e+02
2.010000000000000000e+02 1.570000000000000000e+02
2.010000000000000000e+02 1.580000000000000000e+02
2.030000000000000000e+02 1.570000000000000000e+02
2.000000000000000000e+02 1.580000000000000000e+02
2.000000000000000000e+02 1.580000000000000000e+02
2.010000000000000000e+02 1.550000000000000000e+02
1.990000000000000000e+02 1.570000000000000000e+02
2.040000000000000000e+02 1.580000000000000000e+02
2.030000000000000000e+02 1.570000000000000000e+02
2.010000000000000000e+02 1.590000000000000000e+02
2.010000000000000000e+02 1.570000000000000000e+02
1.980000000000000000e+02 1.560000000000000000e+02
2.000000000000000000e+02 1.570000000000000000e+02
2.000000000000000000e+02 1.580000000000000000e+02
1.980000000000000000e+02 1.570000000000000000e+02
1.990000000000000000e+02 1.580000000000000000e+02
1.980000000000000000e+02 1.580000000000000000e+02
1.970000000000000000e+02 1.570000000000000000e+02
2.000000000000000000e+02 1.570000000000000000e+02
1.980000000000000000e+02 1.600000000000000000e+02
2.000000000000000000e+02 1.580000000000000000e+02
2.000000000000000000e+02 1.560000000000000000e+02
2.010000000000000000e+02 1.580000000000000000e+02
2.020000000000000000e+02 1.560000000000000000e+02
1.980000000000000000e+02 1.560000000000000000e+02
1.980000000000000000e+02 1.580000000000000000e+02
1.990000000000000000e+02 1.570000000000000000e+02
1.960000000000000000e+02 1.580000000000000000e+02
2.020000000000000000e+02 1.560000000000000000e+02
2.000000000000000000e+02 1.580000000000000000e+02
2.000000000000000000e+02 1.580000000000000000e+02
2.010000000000000000e+02 1.580000000000000000e+02
1.990000000000000000e+02 1.580000000000000000e+02
1.980000000000000000e+02 1.570000000000000000e+02
1.990000000000000000e+02 1.570000000000000000e+02
2.000000000000000000e+02 1.580000000000000000e+02
2.000000000000000000e+02 1.570000000000000000e+02
1.990000000000000000e+02 1.600000000000000000e+02
2.010000000000000000e+02 1.570000000000000000e+02
2.000000000000000000e+02 1.580000000000000000e+02
1.990000000000000000e+02 1.580000000000000000e+02
2.000000000000000000e+02 1.580000000000000000e+02
2.000000000000000000e+02 1.580000000000000000e+02
2.010000000000000000e+02 1.580000000000000000e+02
2.010000000000000000e+02 1.570000000000000000e+02
2.000000000000000000e+02 1.580000000000000000e+02
1.990000000000000000e+02 1.570000000000000000e+02
1.990000000000000000e+02 1.580000000000000000e+02
2.000000000000000000e+02 1.580000000000000000e+02
2.020000000000000000e+02 1.580000000000000000e+02
1.990000000000000000e+02 1.570000000000000000e+02
2.010000000000000000e+02 1.580000000000000000e+02
2.000000000000000000e+02 1.570000000000000000e+02
1.990000000000000000e+02 1.590000000000000000e+02
2.040000000000000000e+02 1.580000000000000000e+02
1.990000000000000000e+02 1.610000000000000000e+02
1.980000000000000000e+02 1.560000000000000000e+02
1.990000000000000000e+02 1.570000000000000000e+02
2.000000000000000000e+02 1.620000000000000000e+02
2.020000000000000000e+02 1.570000000000000000e+02
1.980000000000000000e+02 1.560000000000000000e+02
2.020000000000000000e+02 1.580000000000000000e+02
2.030000000000000000e+02 1.600000000000000000e+02
1.980000000000000000e+02 1.600000000000000000e+02
1.960000000000000000e+02 1.560000000000000000e+02
2.040000000000000000e+02 1.560000000000000000e+02
2.060000000000000000e+02 1.620000000000000000e+02
2.020000000000000000e+02 1.600000000000000000e+02
1.930000000000000000e+02 1.590000000000000000e+02
1.990000000000000000e+02 1.540000000000000000e+02
2.050000000000000000e+02 1.550000000000000000e+02
2.090000000000000000e+02 1.610000000000000000e+02
2.040000000000000000e+02 1.590000000000000000e+02
1.930000000000000000e+02 1.570000000000000000e+02
1.960000000000000000e+02 1.560000000000000000e+02
2.000000000000000000e+02 1.570000000000000000e+02
2.080000000000000000e+02 1.600000000000000000e+02
