# frames 101, center=[643, 413], duration=[1000, 1100], video=browniano sol 2_0
6.430000000000000000e+02 4.130000000000000000e+02
6.430000000000000000e+02 4.130000000000000000e+02
6.430000000000000000e+02 4.130000000000000000e+02
6.430000000000000000e+02 4.140000000000000000e+02
6.430000000000000000e+02 4.130000000000000000e+02
6.430000000000000000e+02 4.130000000000000000e+02
6.420000000000000000e+02 4.130000000000000000e+02
6.420000000000000000e+02 4.140000000000000000e+02
6.420000000000000000e+02 4.140000000000000000e+02
6.410000000000000000e+02 4.140000000000000000e+02
6.410000000000000000e+02 4.140000000000000000e+02
6.400000000000000000e+02 4.130000000000000000e+02
6.410000000000000000e+02 4.130000000000000000e+02
6.400000000000000000e+02 4.140000000000000000e+02
6.400000000000000000e+02 4.130000000000000000e+02
6.390000000000000000e+02 4.130000000000000000e+02
6.390000000000000000e+02 4.130000000000000000e+02
6.390000000000000000e+02 4.110000000000000000e+02
6.400000000000000000e+02 4.110000000000000000e+02
6.400000000000000000e+02 4.100000000000000000e+02
6.410000000000000000e+02 4.090000000000000000e+02
6.410000000000000000e+02 4.100000000000000000e+02
6.410000000000000000e+02 4.100000000000000000e+02
6.410000000000000000e+02 4.090000000000000000e+02
6.410000000000000000e+02 4.090000000000000000e+02
6.420000000000000000e+02 4.090000000000000000e+02
6.430000000000000000e+02 4.100000000000000000e+02
6.430000000000000000e+02 4.100000000000000000e+02
6.430000000000000000e+02 4.110000000000000000e+02
6.440000000000000000e+02 4.110000000000000000e+02
6.430000000000000000e+02 4.110000000000000000e+02
6.440000000000000000e+02 4.110000000000000000e+02
6.440000000000000000e+02 4.110000000000000000e+02
6.440000000000000000e+02 4.110000000000000000e+02
6.440000000000000000e+02 4.100000000000000000e+02
6.440000000000000000e+02 4.100000000000000000e+02
6.430000000000000000e+02 4.100000000000000000e+02
6.420000000000000000e+02 4.100000000000000000e+02
6.420000000000000000e+02 4.110000000000000000e+02
6.420000000000000000e+02 4.120000000000000000e+02
6.430000000000000000e+02 4.120000000000000000e+02
6.430000000000000000e+02 4.110000000000000000e+02
6.430000000000000000e+02 4.130000000000000000e+02
6.430000000000000000e+02 4.130000000000000000e+02
6.430000000000000000e+02 4.130000000000000000e+02
6.430000000000000000e+02 4.130000000000000000e+02
6.420000000000000000e+02 4.120000000000000000e+02
6.420000000000000000e+02 4.110000000000000000e+02
6.420000000000000000e+02 4.100000000000000000e+02
6.420000000000000000e+02 4.100000000000000000e+02
6.440000000000000000e+02 4.100000000000000000e+02
6.450000000000000000e+02 4.100000000000000000e+02
6.460000000000000000e+02 4.100000000000000000e+02
6.460000000000000000e+02 4.110000000000000000e+02
6.460000000000000000e+02 4.110000000000000000e+02
6.470000000000000000e+02 4.100000000000000000e+02
6.470000000000000000e+02 4.110000000000000000e+02
6.460000000000000000e+02 4.100000000000000000e+02
6.460000000000000000e+02 4.100000000000000000e+02
6.450000000000000000e+02 4.110000000000000000e+02
6.460000000000000000e+02 4.100000000000000000e+02
6.450000000000000000e+02 4.090000000000000000e+02
6.450000000000000000e+02 4.090000000000000000e+02
6.450000000000000000e+02 4.090000000000000000e+02
6.430000000000000000e+02 4.080000000000000000e+02
6.440000000000000000e+02 4.080000000000000000e+02
6.430000000000000000e+02 4.090000000000000000e+02
6.420000000000000000e+02 4.090000000000000000e+02
6.410000000000000000e+02 4.090000000000000000e+02
6.400000000000000000e+02 4.090000000000000000e+02
6.400000000000000000e+02 4.100000000000000000e+02
6.400000000000000000e+02 4.100000000000000000e+02
6.410000000000000000e+02 4.110000000000000000e+02
6.400000000000000000e+02 4.110000000000000000e+02
6.390000000000000000e+02 4.110000000000000000e+02
6.380000000000000000e+02 4.110000000000000000e+02
6.380000000000000000e+02 4.120000000000000000e+02
6.380000000000000000e+02 4.110000000000000000e+02
6.370000000000000000e+02 4.110000000000000000e+02
6.370000000000000000e+02 4.100000000000000000e+02
6.380000000000000000e+02 4.100000000000000000e+02
6.380000000000000000e+02 4.100000000000000000e+02
6.380000000000000000e+02 4.100000000000000000e+02
6.380000000000000000e+02 4.100000000000000000e+02
6.390000000000000000e+02 4.090000000000000000e+02
6.410000000000000000e+02 4.100000000000000000e+02
6.410000000000000000e+02 4.090000000000000000e+02
6.410000000000000000e+02 4.100000000000000000e+02
6.430000000000000000e+02 4.090000000000000000e+02
6.430000000000000000e+02 4.090000000000000000e+02
6.420000000000000000e+02 4.090000000000000000e+02
6.420000000000000000e+02 4.090000000000000000e+02
6.420000000000000000e+02 4.090000000000000000e+02
6.410000000000000000e+02 4.090000000000000000e+02
6.410000000000000000e+02 4.090000000000000000e+02
6.410000000000000000e+02 4.090000000000000000e+02
6.420000000000000000e+02 4.080000000000000000e+02
6.410000000000000000e+02 4.080000000000000000e+02
6.410000000000000000e+02 4.070000000000000000e+02
6.420000000000000000e+02 4.060000000000000000e+02
6.430000000000000000e+02 4.060000000000000000e+02
