# frames 101, center=[644, 408], duration=[1100, 1200], video=browniano sol 2_0
6.440000000000000000e+02 4.080000000000000000e+02
6.440000000000000000e+02 4.080000000000000000e+02
6.440000000000000000e+02 4.080000000000000000e+02
6.430000000000000000e+02 4.080000000000000000e+02
6.440000000000000000e+02 4.080000000000000000e+02
6.440000000000000000e+02 4.080000000000000000e+02
6.450000000000000000e+02 4.080000000000000000e+02
6.450000000000000000e+02 4.080000000000000000e+02
6.450000000000000000e+02 4.090000000000000000e+02
6.450000000000000000e+02 4.080000000000000000e+02
6.440000000000000000e+02 4.080000000000000000e+02
6.440000000000000000e+02 4.080000000000000000e+02
6.430000000000000000e+02 4.080000000000000000e+02
6.420000000000000000e+02 4.090000000000000000e+02
6.420000000000000000e+02 4.100000000000000000e+02
6.420000000000000000e+02 4.100000000000000000e+02
6.430000000000000000e+02 4.110000000000000000e+02
6.430000000000000000e+02 4.100000000000000000e+02
6.430000000000000000e+02 4.090000000000000000e+02
6.440000000000000000e+02 4.090000000000000000e+02
6.430000000000000000e+02 4.080000000000000000e+02
6.430000000000000000e+02 4.090000000000000000e+02
6.430000000000000000e+02 4.090000000000000000e+02
6.440000000000000000e+02 4.090000000000000000e+02
6.440000000000000000e+02 4.100000000000000000e+02
6.430000000000000000e+02 4.100000000000000000e+02
6.440000000000000000e+02 4.100000000000000000e+02
6.440000000000000000e+02 4.100000000000000000e+02
6.440000000000000000e+02 4.090000000000000000e+02
6.440000000000000000e+02 4.080000000000000000e+02
6.440000000000000000e+02 4.080000000000000000e+02
6.450000000000000000e+02 4.090000000000000000e+02
6.450000000000000000e+02 4.090000000000000000e+02
6.450000000000000000e+02 4.090000000000000000e+02
6.450000000000000000e+02 4.100000000000000000e+02
6.450000000000000000e+02 4.100000000000000000e+02
6.450000000000000000e+02 4.100000000000000000e+02
6.450000000000000000e+02 4.100000000000000000e+02
6.450000000000000000e+02 4.100000000000000000e+02
6.460000000000000000e+02 4.100000000000000000e+02
6.450000000000000000e+02 4.100000000000000000e+02
6.450000000000000000e+02 4.090000000000000000e+02
6.460000000000000000e+02 4.090000000000000000e+02
6.460000000000000000e+02 4.100000000000000000e+02
6.460000000000000000e+02 4.100000000000000000e+02
6.460000000000000000e+02 4.100000000000000000e+02
6.460000000000000000e+02 4.100000000000000000e+02
6.460000000000000000e+02 4.100000000000000000e+02
6.450000000000000000e+02 4.090000000000000000e+02
6.460000000000000000e+02 4.080000000000000000e+02
6.460000000000000000e+02 4.090000000000000000e+02
6.470000000000000000e+02 4.100000000000000000e+02
6.470000000000000000e+02 4.100000000000000000e+02
6.450000000000000000e+02 4.100000000000000000e+02
6.450000000000000000e+02 4.110000000000000000e+02
6.460000000000000000e+02 4.100000000000000000e+02
6.460000000000000000e+02 4.110000000000000000e+02
6.460000000000000000e+02 4.100000000000000000e+02
6.460000000000000000e+02 4.100000000000000000e+02
6.470000000000000000e+02 4.100000000000000000e+02
6.460000000000000000e+02 4.100000000000000000e+02
6.460000000000000000e+02 4.100000000000000000e+02
6.460000000000000000e+02 4.100000000000000000e+02
6.460000000000000000e+02 4.110000000000000000e+02
6.470000000000000000e+02 4.110000000000000000e+02
6.460000000000000000e+02 4.100000000000000000e+02
6.470000000000000000e+02 4.100000000000000000e+02
6.460000000000000000e+02 4.110000000000000000e+02
6.450000000000000000e+02 4.110000000000000000e+02
6.450000000000000000e+02 4.100000000000000000e+02
6.460000000000000000e+02 4.100000000000000000e+02
6.460000000000000000e+02 4.100000000000000000e+02
6.470000000000000000e+02 4.100000000000000000e+02
6.470000000000000000e+02 4.100000000000000000e+02
6.470000000000000000e+02 4.100000000000000000e+02
6.460000000000000000e+02 4.100000000000000000e+02
6.460000000000000000e+02 4.100000000000000000e+02
6.470000000000000000e+02 4.100000000000000000e+02
6.470000000000000000e+02 4.100000000000000000e+02
6.460000000000000000e+02 4.100000000000000000e+02
6.480000000000000000e+02 4.100000000000000000e+02
6.490000000000000000e+02 4.100000000000000000e+02
6.480000000000000000e+02 4.100000000000000000e+02
6.490000000000000000e+02 4.100000000000000000e+02
6.490000000000000000e+02 4.110000000000000000e+02
6.480000000000000000e+02 4.110000000000000000e+02
6.480000000000000000e+02 4.100000000000000000e+02
6.490000000000000000e+02 4.100000000000000000e+02
6.480000000000000000e+02 4.100000000000000000e+02
6.480000000000000000e+02 4.100000000000000000e+02
6.480000000000000000e+02 4.100000000000000000e+02
6.490000000000000000e+02 4.090000000000000000e+02
6.500000000000000000e+02 4.100000000000000000e+02
6.490000000000000000e+02 4.090000000000000000e+02
6.490000000000000000e+02 4.080000000000000000e+02
6.480000000000000000e+02 4.090000000000000000e+02
6.470000000000000000e+02 4.080000000000000000e+02
6.470000000000000000e+02 4.080000000000000000e+02
6.480000000000000000e+02 4.080000000000000000e+02
6.470000000000000000e+02 4.080000000000000000e+02
6.480000000000000000e+02 4.080000000000000000e+02
