# frames 101, center=[616, 428], duration=[700, 800], video=browniano sol 2_0
6.160000000000000000e+02 4.280000000000000000e+02
6.160000000000000000e+02 4.280000000000000000e+02
6.160000000000000000e+02 4.280000000000000000e+02
6.160000000000000000e+02 4.270000000000000000e+02
6.150000000000000000e+02 4.270000000000000000e+02
6.160000000000000000e+02 4.270000000000000000e+02
6.160000000000000000e+02 4.270000000000000000e+02
6.160000000000000000e+02 4.280000000000000000e+02
6.150000000000000000e+02 4.270000000000000000e+02
6.140000000000000000e+02 4.260000000000000000e+02
6.150000000000000000e+02 4.260000000000000000e+02
6.140000000000000000e+02 4.260000000000000000e+02
6.140000000000000000e+02 4.260000000000000000e+02
6.150000000000000000e+02 4.260000000000000000e+02
6.150000000000000000e+02 4.270000000000000000e+02
6.150000000000000000e+02 4.270000000000000000e+02
6.150000000000000000e+02 4.270000000000000000e+02
6.160000000000000000e+02 4.260000000000000000e+02
6.150000000000000000e+02 4.270000000000000000e+02
6.150000000000000000e+02 4.270000000000000000e+02
6.150000000000000000e+02 4.270000000000000000e+02
6.140000000000000000e+02 4.280000000000000000e+02
6.150000000000000000e+02 4.280000000000000000e+02
6.140000000000000000e+02 4.270000000000000000e+02
6.140000000000000000e+02 4.270000000000000000e+02
6.150000000000000000e+02 4.270000000000000000e+02
6.150000000000000000e+02 4.270000000000000000e+02
6.160000000000000000e+02 4.270000000000000000e+02
6.150000000000000000e+02 4.270000000000000000e+02
6.150000000000000000e+02 4.270000000000000000e+02
6.150000000000000000e+02 4.270000000000000000e+02
6.160000000000000000e+02 4.280000000000000000e+02
6.160000000000000000e+02 4.280000000000000000e+02
6.170000000000000000e+02 4.290000000000000000e+02
6.170000000000000000e+02 4.290000000000000000e+02
6.170000000000000000e+02 4.280000000000000000e+02
6.170000000000000000e+02 4.280000000000000000e+02
6.170000000000000000e+02 4.280000000000000000e+02
6.180000000000000000e+02 4.280000000000000000e+02
6.160000000000000000e+02 4.280000000000000000e+02
6.170000000000000000e+02 4.280000000000000000e+02
6.180000000000000000e+02 4.280000000000000000e+02
6.170000000000000000e+02 4.280000000000000000e+02
6.170000000000000000e+02 4.280000000000000000e+02
6.180000000000000000e+02 4.280000000000000000e+02
6.180000000000000000e+02 4.280000000000000000e+02
6.180000000000000000e+02 4.270000000000000000e+02
6.180000000000000000e+02 4.280000000000000000e+02
6.180000000000000000e+02 4.280000000000000000e+02
6.180000000000000000e+02 4.280000000000000000e+02
6.180000000000000000e+02 4.270000000000000000e+02
6.190000000000000000e+02 4.280000000000000000e+02
6.200000000000000000e+02 4.280000000000000000e+02
6.210000000000000000e+02 4.280000000000000000e+02
6.220000000000000000e+02 4.280000000000000000e+02
6.220000000000000000e+02 4.280000000000000000e+02
6.230000000000000000e+02 4.270000000000000000e+02
6.240000000000000000e+02 4.280000000000000000e+02
6.240000000000000000e+02 4.280000000000000000e+02
6.240000000000000000e+02 4.280000000000000000e+02
6.250000000000000000e+02 4.280000000000000000e+02
6.250000000000000000e+02 4.280000000000000000e+02
6.250000000000000000e+02 4.280000000000000000e+02
6.260000000000000000e+02 4.260000000000000000e+02
6.250000000000000000e+02 4.260000000000000000e+02
6.260000000000000000e+02 4.260000000000000000e+02
6.260000000000000000e+02 4.260000000000000000e+02
6.250000000000000000e+02 4.260000000000000000e+02
6.260000000000000000e+02 4.260000000000000000e+02
6.260000000000000000e+02 4.250000000000000000e+02
6.260000000000000000e+02 4.240000000000000000e+02
6.270000000000000000e+02 4.230000000000000000e+02
6.250000000000000000e+02 4.240000000000000000e+02
6.240000000000000000e+02 4.220000000000000000e+02
6.230000000000000000e+02 4.230000000000000000e+02
6.240000000000000000e+02 4.230000000000000000e+02
6.250000000000000000e+02 4.220000000000000000e+02
6.240000000000000000e+02 4.220000000000000000e+02
6.240000000000000000e+02 4.220000000000000000e+02
6.240000000000000000e+02 4.220000000000000000e+02
6.240000000000000000e+02 4.220000000000000000e+02
6.240000000000000000e+02 4.220000000000000000e+02
6.250000000000000000e+02 4.220000000000000000e+02
6.260000000000000000e+02 4.220000000000000000e+02
6.260000000000000000e+02 4.210000000000000000e+02
6.260000000000000000e+02 4.210000000000000000e+02
6.260000000000000000e+02 4.200000000000000000e+02
6.260000000000000000e+02 4.210000000000000000e+02
6.270000000000000000e+02 4.210000000000000000e+02
6.260000000000000000e+02 4.200000000000000000e+02
6.250000000000000000e+02 4.200000000000000000e+02
6.240000000000000000e+02 4.190000000000000000e+02
6.250000000000000000e+02 4.200000000000000000e+02
6.240000000000000000e+02 4.200000000000000000e+02
6.250000000000000000e+02 4.190000000000000000e+02
6.250000000000000000e+02 4.200000000000000000e+02
6.240000000000000000e+02 4.190000000000000000e+02
6.240000000000000000e+02 4.200000000000000000e+02
6.230000000000000000e+02 4.190000000000000000e+02
6.240000000000000000e+02 4.190000000000000000e+02
6.240000000000000000e+02 4.180000000000000000e+02
