# frames 101, center=[621, 409], duration=[400, 500], video=browniano sol 2_0
6.210000000000000000e+02 4.090000000000000000e+02
6.210000000000000000e+02 4.090000000000000000e+02
6.210000000000000000e+02 4.090000000000000000e+02
6.200000000000000000e+02 4.080000000000000000e+02
6.210000000000000000e+02 4.090000000000000000e+02
6.210000000000000000e+02 4.080000000000000000e+02
6.210000000000000000e+02 4.080000000000000000e+02
6.220000000000000000e+02 4.070000000000000000e+02
6.220000000000000000e+02 4.060000000000000000e+02
6.230000000000000000e+02 4.060000000000000000e+02
6.230000000000000000e+02 4.060000000000000000e+02
6.230000000000000000e+02 4.060000000000000000e+02
6.230000000000000000e+02 4.070000000000000000e+02
6.220000000000000000e+02 4.070000000000000000e+02
6.230000000000000000e+02 4.070000000000000000e+02
6.230000000000000000e+02 4.050000000000000000e+02
6.220000000000000000e+02 4.060000000000000000e+02
6.230000000000000000e+02 4.050000000000000000e+02
6.230000000000000000e+02 4.050000000000000000e+02
6.230000000000000000e+02 4.050000000000000000e+02
6.240000000000000000e+02 4.040000000000000000e+02
6.240000000000000000e+02 4.030000000000000000e+02
6.230000000000000000e+02 4.020000000000000000e+02
6.220000000000000000e+02 4.020000000000000000e+02
6.230000000000000000e+02 4.030000000000000000e+02
6.230000000000000000e+02 4.040000000000000000e+02
6.230000000000000000e+02 4.030000000000000000e+02
6.230000000000000000e+02 4.030000000000000000e+02
6.230000000000000000e+02 4.030000000000000000e+02
6.240000000000000000e+02 4.030000000000000000e+02
6.220000000000000000e+02 4.040000000000000000e+02
6.220000000000000000e+02 4.060000000000000000e+02
6.220000000000000000e+02 4.050000000000000000e+02
6.210000000000000000e+02 4.070000000000000000e+02
6.210000000000000000e+02 4.070000000000000000e+02
6.200000000000000000e+02 4.070000000000000000e+02
6.200000000000000000e+02 4.070000000000000000e+02
6.210000000000000000e+02 4.070000000000000000e+02
6.200000000000000000e+02 4.070000000000000000e+02
6.210000000000000000e+02 4.060000000000000000e+02
6.210000000000000000e+02 4.070000000000000000e+02
6.210000000000000000e+02 4.080000000000000000e+02
6.220000000000000000e+02 4.080000000000000000e+02
6.220000000000000000e+02 4.080000000000000000e+02
6.220000000000000000e+02 4.080000000000000000e+02
6.230000000000000000e+02 4.060000000000000000e+02
6.230000000000000000e+02 4.080000000000000000e+02
6.230000000000000000e+02 4.080000000000000000e+02
6.230000000000000000e+02 4.070000000000000000e+02
6.240000000000000000e+02 4.070000000000000000e+02
6.240000000000000000e+02 4.080000000000000000e+02
6.240000000000000000e+02 4.080000000000000000e+02
6.250000000000000000e+02 4.070000000000000000e+02
6.250000000000000000e+02 4.070000000000000000e+02
6.260000000000000000e+02 4.060000000000000000e+02
6.250000000000000000e+02 4.060000000000000000e+02
6.260000000000000000e+02 4.060000000000000000e+02
6.260000000000000000e+02 4.060000000000000000e+02
6.250000000000000000e+02 4.060000000000000000e+02
6.250000000000000000e+02 4.060000000000000000e+02
6.240000000000000000e+02 4.050000000000000000e+02
6.230000000000000000e+02 4.060000000000000000e+02
6.220000000000000000e+02 4.050000000000000000e+02
6.230000000000000000e+02 4.050000000000000000e+02
6.230000000000000000e+02 4.050000000000000000e+02
6.240000000000000000e+02 4.050000000000000000e+02
6.230000000000000000e+02 4.050000000000000000e+02
6.230000000000000000e+02 4.050000000000000000e+02
6.230000000000000000e+02 4.050000000000000000e+02
6.240000000000000000e+02 4.060000000000000000e+02
6.240000000000000000e+02 4.060000000000000000e+02
6.240000000000000000e+02 4.060000000000000000e+02
6.240000000000000000e+02 4.050000000000000000e+02
6.230000000000000000e+02 4.050000000000000000e+02
6.220000000000000000e+02 4.060000000000000000e+02
6.220000000000000000e+02 4.060000000000000000e+02
6.230000000000000000e+02 4.060000000000000000e+02
6.220000000000000000e+02 4.060000000000000000e+02
6.220000000000000000e+02 4.050000000000000000e+02
6.220000000000000000e+02 4.060000000000000000e+02
6.210000000000000000e+02 4.060000000000000000e+02
6.200000000000000000e+02 4.060000000000000000e+02
6.210000000000000000e+02 4.070000000000000000e+02
6.210000000000000000e+02 4.070000000000000000e+02
6.200000000000000000e+02 4.070000000000000000e+02
6.200000000000000000e+02 4.070000000000000000e+02
6.210000000000000000e+02 4.070000000000000000e+02
6.200000000000000000e+02 4.070000000000000000e+02
6.210000000000000000e+02 4.080000000000000000e+02
6.220000000000000000e+02 4.080000000000000000e+02
6.220000000000000000e+02 4.090000000000000000e+02
6.230000000000000000e+02 4.090000000000000000e+02
6.230000000000000000e+02 4.090000000000000000e+02
6.230000000000000000e+02 4.090000000000000000e+02
6.250000000000000000e+02 4.090000000000000000e+02
6.240000000000000000e+02 4.100000000000000000e+02
6.240000000000000000e+02 4.090000000000000000e+02
6.240000000000000000e+02 4.100000000000000000e+02
6.240000000000000000e+02 4.090000000000000000e+02
6.240000000000000000e+02 4.090000000000000000e+02
6.240000000000000000e+02 4.100000000000000000e+02
