# frames 101, center=[630, 418], duration=[900, 1000], video=browniano sol 2_0
6.300000000000000000e+02 4.180000000000000000e+02
6.300000000000000000e+02 4.180000000000000000e+02
6.300000000000000000e+02 4.180000000000000000e+02
6.300000000000000000e+02 4.190000000000000000e+02
6.290000000000000000e+02 4.200000000000000000e+02
6.290000000000000000e+02 4.190000000000000000e+02
6.290000000000000000e+02 4.180000000000000000e+02
6.280000000000000000e+02 4.180000000000000000e+02
6.280000000000000000e+02 4.170000000000000000e+02
6.280000000000000000e+02 4.170000000000000000e+02
6.280000000000000000e+02 4.170000000000000000e+02
6.280000000000000000e+02 4.180000000000000000e+02
6.290000000000000000e+02 4.170000000000000000e+02
6.290000000000000000e+02 4.180000000000000000e+02
6.280000000000000000e+02 4.170000000000000000e+02
6.290000000000000000e+02 4.170000000000000000e+02
6.290000000000000000e+02 4.170000000000000000e+02
6.290000000000000000e+02 4.170000000000000000e+02
6.290000000000000000e+02 4.170000000000000000e+02
6.300000000000000000e+02 4.170000000000000000e+02
6.290000000000000000e+02 4.170000000000000000e+02
6.280000000000000000e+02 4.160000000000000000e+02
6.290000000000000000e+02 4.170000000000000000e+02
6.290000000000000000e+02 4.170000000000000000e+02
6.290000000000000000e+02 4.170000000000000000e+02
6.290000000000000000e+02 4.180000000000000000e+02
6.290000000000000000e+02 4.180000000000000000e+02
6.300000000000000000e+02 4.190000000000000000e+02
6.300000000000000000e+02 4.180000000000000000e+02
6.300000000000000000e+02 4.190000000000000000e+02
6.310000000000000000e+02 4.180000000000000000e+02
6.300000000000000000e+02 4.190000000000000000e+02
6.300000000000000000e+02 4.180000000000000000e+02
6.300000000000000000e+02 4.170000000000000000e+02
6.300000000000000000e+02 4.170000000000000000e+02
6.300000000000000000e+02 4.180000000000000000e+02
6.320000000000000000e+02 4.180000000000000000e+02
6.310000000000000000e+02 4.190000000000000000e+02
6.320000000000000000e+02 4.190000000000000000e+02
6.320000000000000000e+02 4.190000000000000000e+02
6.320000000000000000e+02 4.180000000000000000e+02
6.320000000000000000e+02 4.180000000000000000e+02
6.330000000000000000e+02 4.180000000000000000e+02
6.320000000000000000e+02 4.180000000000000000e+02
6.320000000000000000e+02 4.180000000000000000e+02
6.320000000000000000e+02 4.180000000000000000e+02
6.330000000000000000e+02 4.170000000000000000e+02
6.330000000000000000e+02 4.170000000000000000e+02
6.340000000000000000e+02 4.180000000000000000e+02
6.320000000000000000e+02 4.160000000000000000e+02
6.330000000000000000e+02 4.170000000000000000e+02
6.330000000000000000e+02 4.160000000000000000e+02
6.340000000000000000e+02 4.160000000000000000e+02
6.340000000000000000e+02 4.160000000000000000e+02
6.350000000000000000e+02 4.170000000000000000e+02
6.350000000000000000e+02 4.170000000000000000e+02
6.370000000000000000e+02 4.170000000000000000e+02
6.360000000000000000e+02 4.180000000000000000e+02
6.360000000000000000e+02 4.170000000000000000e+02
6.360000000000000000e+02 4.180000000000000000e+02
6.350000000000000000e+02 4.170000000000000000e+02
6.360000000000000000e+02 4.160000000000000000e+02
6.380000000000000000e+02 4.160000000000000000e+02
6.380000000000000000e+02 4.160000000000000000e+02
6.370000000000000000e+02 4.150000000000000000e+02
6.380000000000000000e+02 4.150000000000000000e+02
6.390000000000000000e+02 4.150000000000000000e+02
6.390000000000000000e+02 4.150000000000000000e+02
6.400000000000000000e+02 4.150000000000000000e+02
6.400000000000000000e+02 4.140000000000000000e+02
6.380000000000000000e+02 4.140000000000000000e+02
6.380000000000000000e+02 4.140000000000000000e+02
6.380000000000000000e+02 4.140000000000000000e+02
6.380000000000000000e+02 4.130000000000000000e+02
6.370000000000000000e+02 4.130000000000000000e+02
6.380000000000000000e+02 4.130000000000000000e+02
6.370000000000000000e+02 4.130000000000000000e+02
6.360000000000000000e+02 4.120000000000000000e+02
6.350000000000000000e+02 4.130000000000000000e+02
6.360000000000000000e+02 4.140000000000000000e+02
6.360000000000000000e+02 4.140000000000000000e+02
6.360000000000000000e+02 4.130000000000000000e+02
6.360000000000000000e+02 4.140000000000000000e+02
6.350000000000000000e+02 4.130000000000000000e+02
6.370000000000000000e+02 4.130000000000000000e+02
6.370000000000000000e+02 4.130000000000000000e+02
6.370000000000000000e+02 4.130000000000000000e+02
6.370000000000000000e+02 4.130000000000000000e+02
6.360000000000000000e+02 4.130000000000000000e+02
6.360000000000000000e+02 4.130000000000000000e+02
6.370000000000000000e+02 4.140000000000000000e+02
6.380000000000000000e+02 4.140000000000000000e+02
6.380000000000000000e+02 4.140000000000000000e+02
6.390000000000000000e+02 4.150000000000000000e+02
6.400000000000000000e+02 4.140000000000000000e+02
6.400000000000000000e+02 4.130000000000000000e+02
6.410000000000000000e+02 4.140000000000000000e+02
6.420000000000000000e+02 4.140000000000000000e+02
6.420000000000000000e+02 4.140000000000000000e+02
6.420000000000000000e+02 4.150000000000000000e+02
6.430000000000000000e+02 4.150000000000000000e+02
