# frames 101, center=[589, 416], duration=[0, 100], video=browniano sol 2_0
5.890000000000000000e+02 4.160000000000000000e+02
5.890000000000000000e+02 4.160000000000000000e+02
5.890000000000000000e+02 4.160000000000000000e+02
5.900000000000000000e+02 4.170000000000000000e+02
5.900000000000000000e+02 4.170000000000000000e+02
5.900000000000000000e+02 4.170000000000000000e+02
5.900000000000000000e+02 4.170000000000000000e+02
5.900000000000000000e+02 4.170000000000000000e+02
5.910000000000000000e+02 4.160000000000000000e+02
5.900000000000000000e+02 4.180000000000000000e+02
5.900000000000000000e+02 4.180000000000000000e+02
5.890000000000000000e+02 4.180000000000000000e+02
5.890000000000000000e+02 4.180000000000000000e+02
5.890000000000000000e+02 4.180000000000000000e+02
5.890000000000000000e+02 4.180000000000000000e+02
5.910000000000000000e+02 4.170000000000000000e+02
5.900000000000000000e+02 4.170000000000000000e+02
5.910000000000000000e+02 4.180000000000000000e+02
5.900000000000000000e+02 4.170000000000000000e+02
5.900000000000000000e+02 4.170000000000000000e+02
5.900000000000000000e+02 4.170000000000000000e+02
5.900000000000000000e+02 4.170000000000000000e+02
5.890000000000000000e+02 4.170000000000000000e+02
5.880000000000000000e+02 4.170000000000000000e+02
5.870000000000000000e+02 4.180000000000000000e+02
5.880000000000000000e+02 4.180000000000000000e+02
5.880000000000000000e+02 4.180000000000000000e+02
5.880000000000000000e+02 4.170000000000000000e+02
5.880000000000000000e+02 4.170000000000000000e+02
5.880000000000000000e+02 4.170000000000000000e+02
5.870000000000000000e+02 4.160000000000000000e+02
5.880000000000000000e+02 4.170000000000000000e+02
5.870000000000000000e+02 4.160000000000000000e+02
5.870000000000000000e+02 4.160000000000000000e+02
5.860000000000000000e+02 4.150000000000000000e+02
5.860000000000000000e+02 4.140000000000000000e+02
5.860000000000000000e+02 4.130000000000000000e+02
5.850000000000000000e+02 4.120000000000000000e+02
5.850000000000000000e+02 4.130000000000000000e+02
5.850000000000000000e+02 4.120000000000000000e+02
5.830000000000000000e+02 4.120000000000000000e+02
5.840000000000000000e+02 4.140000000000000000e+02
5.830000000000000000e+02 4.130000000000000000e+02
5.830000000000000000e+02 4.130000000000000000e+02
5.840000000000000000e+02 4.130000000000000000e+02
5.850000000000000000e+02 4.120000000000000000e+02
5.850000000000000000e+02 4.140000000000000000e+02
5.850000000000000000e+02 4.120000000000000000e+02
5.840000000000000000e+02 4.120000000000000000e+02
5.850000000000000000e+02 4.120000000000000000e+02
5.840000000000000000e+02 4.110000000000000000e+02
5.850000000000000000e+02 4.110000000000000000e+02
5.850000000000000000e+02 4.100000000000000000e+02
5.840000000000000000e+02 4.110000000000000000e+02
5.840000000000000000e+02 4.110000000000000000e+02
5.850000000000000000e+02 4.120000000000000000e+02
5.850000000000000000e+02 4.120000000000000000e+02
5.840000000000000000e+02 4.110000000000000000e+02
5.830000000000000000e+02 4.120000000000000000e+02
5.830000000000000000e+02 4.120000000000000000e+02
5.830000000000000000e+02 4.130000000000000000e+02
5.820000000000000000e+02 4.150000000000000000e+02
5.820000000000000000e+02 4.140000000000000000e+02
5.820000000000000000e+02 4.130000000000000000e+02
5.830000000000000000e+02 4.140000000000000000e+02
5.830000000000000000e+02 4.130000000000000000e+02
5.830000000000000000e+02 4.130000000000000000e+02
5.840000000000000000e+02 4.140000000000000000e+02
5.830000000000000000e+02 4.140000000000000000e+02
5.840000000000000000e+02 4.140000000000000000e+02
5.850000000000000000e+02 4.140000000000000000e+02
5.840000000000000000e+02 4.140000000000000000e+02
5.850000000000000000e+02 4.140000000000000000e+02
5.850000000000000000e+02 4.130000000000000000e+02
5.840000000000000000e+02 4.140000000000000000e+02
5.840000000000000000e+02 4.150000000000000000e+02
5.850000000000000000e+02 4.140000000000000000e+02
5.840000000000000000e+02 4.150000000000000000e+02
5.850000000000000000e+02 4.160000000000000000e+02
5.830000000000000000e+02 4.170000000000000000e+02
5.840000000000000000e+02 4.170000000000000000e+02
5.830000000000000000e+02 4.170000000000000000e+02
5.830000000000000000e+02 4.180000000000000000e+02
5.830000000000000000e+02 4.180000000000000000e+02
5.830000000000000000e+02 4.190000000000000000e+02
5.840000000000000000e+02 4.180000000000000000e+02
5.830000000000000000e+02 4.190000000000000000e+02
5.840000000000000000e+02 4.190000000000000000e+02
5.840000000000000000e+02 4.190000000000000000e+02
5.840000000000000000e+02 4.190000000000000000e+02
5.830000000000000000e+02 4.190000000000000000e+02
5.820000000000000000e+02 4.190000000000000000e+02
5.830000000000000000e+02 4.200000000000000000e+02
5.820000000000000000e+02 4.190000000000000000e+02
5.820000000000000000e+02 4.190000000000000000e+02
5.820000000000000000e+02 4.190000000000000000e+02
5.810000000000000000e+02 4.190000000000000000e+02
5.810000000000000000e+02 4.190000000000000000e+02
5.820000000000000000e+02 4.190000000000000000e+02
5.830000000000000000e+02 4.190000000000000000e+02
5.830000000000000000e+02 4.180000000000000000e+02
