# frames 101, center=[593, 406], duration=[200, 300], video=browniano sol 2_0
5.930000000000000000e+02 4.060000000000000000e+02
5.930000000000000000e+02 4.060000000000000000e+02
5.930000000000000000e+02 4.060000000000000000e+02
5.930000000000000000e+02 4.070000000000000000e+02
5.930000000000000000e+02 4.080000000000000000e+02
5.930000000000000000e+02 4.080000000000000000e+02
5.940000000000000000e+02 4.080000000000000000e+02
5.940000000000000000e+02 4.070000000000000000e+02
5.930000000000000000e+02 4.070000000000000000e+02
5.940000000000000000e+02 4.070000000000000000e+02
5.930000000000000000e+02 4.050000000000000000e+02
5.910000000000000000e+02 4.060000000000000000e+02
5.920000000000000000e+02 4.060000000000000000e+02
5.930000000000000000e+02 4.050000000000000000e+02
5.930000000000000000e+02 4.060000000000000000e+02
5.940000000000000000e+02 4.060000000000000000e+02
5.940000000000000000e+02 4.060000000000000000e+02
5.940000000000000000e+02 4.060000000000000000e+02
5.940000000000000000e+02 4.060000000000000000e+02
5.950000000000000000e+02 4.060000000000000000e+02
5.950000000000000000e+02 4.060000000000000000e+02
5.960000000000000000e+02 4.050000000000000000e+02
5.950000000000000000e+02 4.060000000000000000e+02
5.960000000000000000e+02 4.070000000000000000e+02
5.960000000000000000e+02 4.070000000000000000e+02
5.950000000000000000e+02 4.070000000000000000e+02
5.950000000000000000e+02 4.070000000000000000e+02
5.950000000000000000e+02 4.060000000000000000e+02
5.940000000000000000e+02 4.070000000000000000e+02
5.940000000000000000e+02 4.070000000000000000e+02
5.940000000000000000e+02 4.070000000000000000e+02
5.940000000000000000e+02 4.080000000000000000e+02
5.940000000000000000e+02 4.080000000000000000e+02
5.940000000000000000e+02 4.080000000000000000e+02
5.940000000000000000e+02 4.090000000000000000e+02
5.940000000000000000e+02 4.090000000000000000e+02
5.950000000000000000e+02 4.080000000000000000e+02
5.940000000000000000e+02 4.080000000000000000e+02
5.940000000000000000e+02 4.070000000000000000e+02
5.950000000000000000e+02 4.070000000000000000e+02
5.940000000000000000e+02 4.070000000000000000e+02
5.930000000000000000e+02 4.080000000000000000e+02
5.930000000000000000e+02 4.080000000000000000e+02
5.940000000000000000e+02 4.090000000000000000e+02
5.940000000000000000e+02 4.090000000000000000e+02
5.950000000000000000e+02 4.090000000000000000e+02
5.950000000000000000e+02 4.090000000000000000e+02
5.940000000000000000e+02 4.090000000000000000e+02
5.950000000000000000e+02 4.080000000000000000e+02
5.950000000000000000e+02 4.080000000000000000e+02
5.940000000000000000e+02 4.090000000000000000e+02
5.950000000000000000e+02 4.100000000000000000e+02
5.950000000000000000e+02 4.100000000000000000e+02
5.950000000000000000e+02 4.100000000000000000e+02
5.950000000000000000e+02 4.100000000000000000e+02
5.960000000000000000e+02 4.090000000000000000e+02
5.970000000000000000e+02 4.090000000000000000e+02
5.970000000000000000e+02 4.080000000000000000e+02
5.960000000000000000e+02 4.090000000000000000e+02
5.970000000000000000e+02 4.100000000000000000e+02
5.960000000000000000e+02 4.100000000000000000e+02
5.960000000000000000e+02 4.100000000000000000e+02
5.960000000000000000e+02 4.100000000000000000e+02
5.970000000000000000e+02 4.100000000000000000e+02
5.970000000000000000e+02 4.090000000000000000e+02
5.980000000000000000e+02 4.100000000000000000e+02
5.980000000000000000e+02 4.110000000000000000e+02
5.970000000000000000e+02 4.120000000000000000e+02
5.980000000000000000e+02 4.110000000000000000e+02
5.970000000000000000e+02 4.100000000000000000e+02
5.980000000000000000e+02 4.110000000000000000e+02
5.980000000000000000e+02 4.110000000000000000e+02
5.990000000000000000e+02 4.100000000000000000e+02
5.990000000000000000e+02 4.110000000000000000e+02
5.990000000000000000e+02 4.120000000000000000e+02
6.000000000000000000e+02 4.120000000000000000e+02
6.000000000000000000e+02 4.120000000000000000e+02
5.990000000000000000e+02 4.130000000000000000e+02
6.000000000000000000e+02 4.130000000000000000e+02
5.990000000000000000e+02 4.130000000000000000e+02
6.000000000000000000e+02 4.130000000000000000e+02
6.000000000000000000e+02 4.120000000000000000e+02
6.000000000000000000e+02 4.100000000000000000e+02
6.010000000000000000e+02 4.100000000000000000e+02
6.000000000000000000e+02 4.090000000000000000e+02
6.000000000000000000e+02 4.090000000000000000e+02
6.000000000000000000e+02 4.090000000000000000e+02
6.000000000000000000e+02 4.080000000000000000e+02
6.010000000000000000e+02 4.090000000000000000e+02
6.010000000000000000e+02 4.080000000000000000e+02
6.010000000000000000e+02 4.080000000000000000e+02
6.010000000000000000e+02 4.080000000000000000e+02
6.010000000000000000e+02 4.070000000000000000e+02
6.020000000000000000e+02 4.080000000000000000e+02
6.030000000000000000e+02 4.060000000000000000e+02
6.040000000000000000e+02 4.080000000000000000e+02
6.040000000000000000e+02 4.080000000000000000e+02
6.030000000000000000e+02 4.080000000000000000e+02
6.030000000000000000e+02 4.080000000000000000e+02
6.030000000000000000e+02 4.080000000000000000e+02
6.020000000000000000e+02 4.070000000000000000e+02
