# frames 101, center=[627, 421], duration=[800, 900], video=browniano sol 2_0
6.270000000000000000e+02 4.210000000000000000e+02
6.270000000000000000e+02 4.210000000000000000e+02
6.270000000000000000e+02 4.210000000000000000e+02
6.270000000000000000e+02 4.220000000000000000e+02
6.260000000000000000e+02 4.210000000000000000e+02
6.270000000000000000e+02 4.210000000000000000e+02
6.270000000000000000e+02 4.200000000000000000e+02
6.270000000000000000e+02 4.210000000000000000e+02
6.260000000000000000e+02 4.210000000000000000e+02
6.270000000000000000e+02 4.200000000000000000e+02
6.260000000000000000e+02 4.180000000000000000e+02
6.260000000000000000e+02 4.180000000000000000e+02
6.270000000000000000e+02 4.180000000000000000e+02
6.260000000000000000e+02 4.190000000000000000e+02
6.260000000000000000e+02 4.190000000000000000e+02
6.270000000000000000e+02 4.190000000000000000e+02
6.270000000000000000e+02 4.190000000000000000e+02
6.260000000000000000e+02 4.190000000000000000e+02
6.250000000000000000e+02 4.190000000000000000e+02
6.240000000000000000e+02 4.190000000000000000e+02
6.250000000000000000e+02 4.210000000000000000e+02
6.250000000000000000e+02 4.200000000000000000e+02
6.250000000000000000e+02 4.200000000000000000e+02
6.260000000000000000e+02 4.190000000000000000e+02
6.260000000000000000e+02 4.200000000000000000e+02
6.270000000000000000e+02 4.210000000000000000e+02
6.270000000000000000e+02 4.210000000000000000e+02
6.280000000000000000e+02 4.200000000000000000e+02
6.270000000000000000e+02 4.200000000000000000e+02
6.290000000000000000e+02 4.210000000000000000e+02
6.280000000000000000e+02 4.200000000000000000e+02
6.290000000000000000e+02 4.200000000000000000e+02
6.290000000000000000e+02 4.190000000000000000e+02
6.290000000000000000e+02 4.190000000000000000e+02
6.280000000000000000e+02 4.200000000000000000e+02
6.280000000000000000e+02 4.190000000000000000e+02
6.270000000000000000e+02 4.190000000000000000e+02
6.270000000000000000e+02 4.170000000000000000e+02
6.270000000000000000e+02 4.160000000000000000e+02
6.270000000000000000e+02 4.180000000000000000e+02
6.270000000000000000e+02 4.170000000000000000e+02
6.250000000000000000e+02 4.170000000000000000e+02
6.250000000000000000e+02 4.160000000000000000e+02
6.260000000000000000e+02 4.160000000000000000e+02
6.270000000000000000e+02 4.150000000000000000e+02
6.270000000000000000e+02 4.150000000000000000e+02
6.270000000000000000e+02 4.150000000000000000e+02
6.260000000000000000e+02 4.150000000000000000e+02
6.260000000000000000e+02 4.140000000000000000e+02
6.260000000000000000e+02 4.140000000000000000e+02
6.260000000000000000e+02 4.140000000000000000e+02
6.250000000000000000e+02 4.150000000000000000e+02
6.260000000000000000e+02 4.140000000000000000e+02
6.250000000000000000e+02 4.150000000000000000e+02
6.250000000000000000e+02 4.150000000000000000e+02
6.260000000000000000e+02 4.160000000000000000e+02
6.250000000000000000e+02 4.170000000000000000e+02
6.260000000000000000e+02 4.170000000000000000e+02
6.260000000000000000e+02 4.170000000000000000e+02
6.260000000000000000e+02 4.180000000000000000e+02
6.260000000000000000e+02 4.180000000000000000e+02
6.260000000000000000e+02 4.190000000000000000e+02
6.260000000000000000e+02 4.180000000000000000e+02
6.270000000000000000e+02 4.180000000000000000e+02
6.270000000000000000e+02 4.170000000000000000e+02
6.260000000000000000e+02 4.180000000000000000e+02
6.260000000000000000e+02 4.180000000000000000e+02
6.270000000000000000e+02 4.190000000000000000e+02
6.270000000000000000e+02 4.190000000000000000e+02
6.280000000000000000e+02 4.190000000000000000e+02
6.280000000000000000e+02 4.180000000000000000e+02
6.280000000000000000e+02 4.180000000000000000e+02
6.280000000000000000e+02 4.180000000000000000e+02
6.280000000000000000e+02 4.190000000000000000e+02
6.290000000000000000e+02 4.190000000000000000e+02
6.290000000000000000e+02 4.200000000000000000e+02
6.280000000000000000e+02 4.210000000000000000e+02
6.280000000000000000e+02 4.210000000000000000e+02
6.270000000000000000e+02 4.210000000000000000e+02
6.280000000000000000e+02 4.210000000000000000e+02
6.280000000000000000e+02 4.210000000000000000e+02
6.280000000000000000e+02 4.220000000000000000e+02
6.270000000000000000e+02 4.210000000000000000e+02
6.270000000000000000e+02 4.210000000000000000e+02
6.280000000000000000e+02 4.200000000000000000e+02
6.280000000000000000e+02 4.200000000000000000e+02
6.280000000000000000e+02 4.190000000000000000e+02
6.290000000000000000e+02 4.190000000000000000e+02
6.290000000000000000e+02 4.190000000000000000e+02
6.290000000000000000e+02 4.180000000000000000e+02
6.290000000000000000e+02 4.180000000000000000e+02
6.290000000000000000e+02 4.180000000000000000e+02
6.290000000000000000e+02 4.180000000000000000e+02
6.290000000000000000e+02 4.180000000000000000e+02
6.300000000000000000e+02 4.180000000000000000e+02
6.300000000000000000e+02 4.180000000000000000e+02
6.300000000000000000e+02 4.180000000000000000e+02
6.290000000000000000e+02 4.190000000000000000e+02
6.290000000000000000e+02 4.190000000000000000e+02
6.300000000000000000e+02 4.190000000000000000e+02
6.300000000000000000e+02 4.190000000000000000e+02
