# frames 101, center=[622, 412], duration=[500, 600], video=browniano sol 2_0
6.220000000000000000e+02 4.120000000000000000e+02
6.220000000000000000e+02 4.120000000000000000e+02
6.220000000000000000e+02 4.120000000000000000e+02
6.220000000000000000e+02 4.120000000000000000e+02
6.240000000000000000e+02 4.120000000000000000e+02
6.230000000000000000e+02 4.130000000000000000e+02
6.230000000000000000e+02 4.130000000000000000e+02
6.230000000000000000e+02 4.130000000000000000e+02
6.230000000000000000e+02 4.140000000000000000e+02
6.230000000000000000e+02 4.140000000000000000e+02
6.220000000000000000e+02 4.140000000000000000e+02
6.220000000000000000e+02 4.140000000000000000e+02
6.220000000000000000e+02 4.130000000000000000e+02
6.200000000000000000e+02 4.130000000000000000e+02
6.210000000000000000e+02 4.130000000000000000e+02
6.210000000000000000e+02 4.130000000000000000e+02
6.200000000000000000e+02 4.140000000000000000e+02
6.200000000000000000e+02 4.130000000000000000e+02
6.190000000000000000e+02 4.130000000000000000e+02
6.190000000000000000e+02 4.130000000000000000e+02
6.180000000000000000e+02 4.130000000000000000e+02
6.190000000000000000e+02 4.130000000000000000e+02
6.190000000000000000e+02 4.130000000000000000e+02
6.180000000000000000e+02 4.140000000000000000e+02
6.190000000000000000e+02 4.140000000000000000e+02
6.200000000000000000e+02 4.130000000000000000e+02
6.190000000000000000e+02 4.140000000000000000e+02
6.180000000000000000e+02 4.140000000000000000e+02
6.190000000000000000e+02 4.150000000000000000e+02
6.190000000000000000e+02 4.150000000000000000e+02
6.180000000000000000e+02 4.150000000000000000e+02
6.180000000000000000e+02 4.150000000000000000e+02
6.170000000000000000e+02 4.150000000000000000e+02
6.160000000000000000e+02 4.160000000000000000e+02
6.160000000000000000e+02 4.160000000000000000e+02
6.180000000000000000e+02 4.160000000000000000e+02
6.170000000000000000e+02 4.160000000000000000e+02
6.180000000000000000e+02 4.160000000000000000e+02
6.170000000000000000e+02 4.170000000000000000e+02
6.170000000000000000e+02 4.170000000000000000e+02
6.170000000000000000e+02 4.170000000000000000e+02
6.170000000000000000e+02 4.190000000000000000e+02
6.160000000000000000e+02 4.180000000000000000e+02
6.160000000000000000e+02 4.170000000000000000e+02
6.170000000000000000e+02 4.170000000000000000e+02
6.160000000000000000e+02 4.160000000000000000e+02
6.160000000000000000e+02 4.160000000000000000e+02
6.160000000000000000e+02 4.160000000000000000e+02
6.150000000000000000e+02 4.170000000000000000e+02
6.160000000000000000e+02 4.170000000000000000e+02
6.150000000000000000e+02 4.170000000000000000e+02
6.150000000000000000e+02 4.180000000000000000e+02
6.140000000000000000e+02 4.180000000000000000e+02
6.130000000000000000e+02 4.180000000000000000e+02
6.130000000000000000e+02 4.180000000000000000e+02
6.130000000000000000e+02 4.190000000000000000e+02
6.130000000000000000e+02 4.190000000000000000e+02
6.130000000000000000e+02 4.200000000000000000e+02
6.130000000000000000e+02 4.200000000000000000e+02
6.130000000000000000e+02 4.210000000000000000e+02
6.130000000000000000e+02 4.210000000000000000e+02
6.130000000000000000e+02 4.210000000000000000e+02
6.140000000000000000e+02 4.220000000000000000e+02
6.140000000000000000e+02 4.220000000000000000e+02
6.140000000000000000e+02 4.220000000000000000e+02
6.140000000000000000e+02 4.220000000000000000e+02
6.160000000000000000e+02 4.220000000000000000e+02
6.170000000000000000e+02 4.210000000000000000e+02
6.160000000000000000e+02 4.210000000000000000e+02
6.160000000000000000e+02 4.220000000000000000e+02
6.170000000000000000e+02 4.220000000000000000e+02
6.170000000000000000e+02 4.220000000000000000e+02
6.170000000000000000e+02 4.230000000000000000e+02
6.160000000000000000e+02 4.240000000000000000e+02
6.150000000000000000e+02 4.230000000000000000e+02
6.160000000000000000e+02 4.240000000000000000e+02
6.160000000000000000e+02 4.230000000000000000e+02
6.160000000000000000e+02 4.230000000000000000e+02
6.150000000000000000e+02 4.230000000000000000e+02
6.150000000000000000e+02 4.240000000000000000e+02
6.150000000000000000e+02 4.230000000000000000e+02
6.150000000000000000e+02 4.230000000000000000e+02
6.150000000000000000e+02 4.230000000000000000e+02
6.160000000000000000e+02 4.210000000000000000e+02
6.160000000000000000e+02 4.220000000000000000e+02
6.150000000000000000e+02 4.230000000000000000e+02
6.140000000000000000e+02 4.220000000000000000e+02
6.140000000000000000e+02 4.220000000000000000e+02
6.140000000000000000e+02 4.220000000000000000e+02
6.130000000000000000e+02 4.210000000000000000e+02
6.130000000000000000e+02 4.220000000000000000e+02
6.140000000000000000e+02 4.210000000000000000e+02
6.140000000000000000e+02 4.210000000000000000e+02
6.140000000000000000e+02 4.210000000000000000e+02
6.140000000000000000e+02 4.210000000000000000e+02
6.140000000000000000e+02 4.210000000000000000e+02
6.140000000000000000e+02 4.210000000000000000e+02
6.140000000000000000e+02 4.210000000000000000e+02
6.140000000000000000e+02 4.200000000000000000e+02
6.140000000000000000e+02 4.210000000000000000e+02
6.130000000000000000e+02 4.210000000000000000e+02
