# frames 101, center=[614, 420], duration=[600, 700], video=browniano sol 2_0
6.140000000000000000e+02 4.200000000000000000e+02
6.140000000000000000e+02 4.200000000000000000e+02
6.140000000000000000e+02 4.200000000000000000e+02
6.130000000000000000e+02 4.200000000000000000e+02
6.140000000000000000e+02 4.200000000000000000e+02
6.140000000000000000e+02 4.200000000000000000e+02
6.140000000000000000e+02 4.210000000000000000e+02
6.150000000000000000e+02 4.210000000000000000e+02
6.140000000000000000e+02 4.200000000000000000e+02
6.150000000000000000e+02 4.200000000000000000e+02
6.140000000000000000e+02 4.200000000000000000e+02
6.130000000000000000e+02 4.220000000000000000e+02
6.130000000000000000e+02 4.210000000000000000e+02
6.130000000000000000e+02 4.210000000000000000e+02
6.120000000000000000e+02 4.210000000000000000e+02
6.120000000000000000e+02 4.210000000000000000e+02
6.120000000000000000e+02 4.220000000000000000e+02
6.130000000000000000e+02 4.230000000000000000e+02
6.140000000000000000e+02 4.230000000000000000e+02
6.130000000000000000e+02 4.230000000000000000e+02
6.120000000000000000e+02 4.240000000000000000e+02
6.120000000000000000e+02 4.240000000000000000e+02
6.120000000000000000e+02 4.230000000000000000e+02
6.130000000000000000e+02 4.230000000000000000e+02
6.130000000000000000e+02 4.230000000000000000e+02
6.140000000000000000e+02 4.220000000000000000e+02
6.130000000000000000e+02 4.220000000000000000e+02
6.130000000000000000e+02 4.220000000000000000e+02
6.130000000000000000e+02 4.220000000000000000e+02
6.140000000000000000e+02 4.210000000000000000e+02
6.140000000000000000e+02 4.210000000000000000e+02
6.150000000000000000e+02 4.200000000000000000e+02
6.140000000000000000e+02 4.210000000000000000e+02
6.140000000000000000e+02 4.210000000000000000e+02
6.130000000000000000e+02 4.210000000000000000e+02
6.130000000000000000e+02 4.210000000000000000e+02
6.140000000000000000e+02 4.220000000000000000e+02
6.130000000000000000e+02 4.220000000000000000e+02
6.130000000000000000e+02 4.220000000000000000e+02
6.130000000000000000e+02 4.230000000000000000e+02
6.140000000000000000e+02 4.220000000000000000e+02
6.140000000000000000e+02 4.230000000000000000e+02
6.130000000000000000e+02 4.230000000000000000e+02
6.140000000000000000e+02 4.240000000000000000e+02
6.130000000000000000e+02 4.230000000000000000e+02
6.120000000000000000e+02 4.220000000000000000e+02
6.120000000000000000e+02 4.220000000000000000e+02
6.120000000000000000e+02 4.220000000000000000e+02
6.120000000000000000e+02 4.220000000000000000e+02
6.100000000000000000e+02 4.220000000000000000e+02
6.110000000000000000e+02 4.230000000000000000e+02
6.100000000000000000e+02 4.230000000000000000e+02
6.100000000000000000e+02 4.240000000000000000e+02
6.100000000000000000e+02 4.240000000000000000e+02
6.100000000000000000e+02 4.240000000000000000e+02
6.100000000000000000e+02 4.240000000000000000e+02
6.100000000000000000e+02 4.240000000000000000e+02
6.100000000000000000e+02 4.250000000000000000e+02
6.100000000000000000e+02 4.250000000000000000e+02
6.110000000000000000e+02 4.240000000000000000e+02
6.100000000000000000e+02 4.250000000000000000e+02
6.110000000000000000e+02 4.260000000000000000e+02
6.110000000000000000e+02 4.260000000000000000e+02
6.100000000000000000e+02 4.270000000000000000e+02
6.100000000000000000e+02 4.280000000000000000e+02
6.110000000000000000e+02 4.290000000000000000e+02
6.100000000000000000e+02 4.280000000000000000e+02
6.110000000000000000e+02 4.290000000000000000e+02
6.110000000000000000e+02 4.300000000000000000e+02
6.110000000000000000e+02 4.290000000000000000e+02
6.100000000000000000e+02 4.290000000000000000e+02
6.090000000000000000e+02 4.290000000000000000e+02
6.100000000000000000e+02 4.300000000000000000e+02
6.100000000000000000e+02 4.300000000000000000e+02
6.100000000000000000e+02 4.300000000000000000e+02
6.090000000000000000e+02 4.300000000000000000e+02
6.100000000000000000e+02 4.300000000000000000e+02
6.100000000000000000e+02 4.280000000000000000e+02
6.100000000000000000e+02 4.290000000000000000e+02
6.090000000000000000e+02 4.280000000000000000e+02
6.100000000000000000e+02 4.270000000000000000e+02
6.100000000000000000e+02 4.280000000000000000e+02
6.100000000000000000e+02 4.290000000000000000e+02
6.100000000000000000e+02 4.290000000000000000e+02
6.100000000000000000e+02 4.280000000000000000e+02
6.110000000000000000e+02 4.290000000000000000e+02
6.100000000000000000e+02 4.290000000000000000e+02
6.100000000000000000e+02 4.300000000000000000e+02
6.100000000000000000e+02 4.290000000000000000e+02
6.100000000000000000e+02 4.290000000000000000e+02
6.110000000000000000e+02 4.290000000000000000e+02
6.110000000000000000e+02 4.290000000000000000e+02
6.110000000000000000e+02 4.290000000000000000e+02
6.120000000000000000e+02 4.290000000000000000e+02
6.130000000000000000e+02 4.280000000000000000e+02
6.140000000000000000e+02 4.280000000000000000e+02
6.140000000000000000e+02 4.280000000000000000e+02
6.140000000000000000e+02 4.280000000000000000e+02
6.150000000000000000e+02 4.280000000000000000e+02
6.160000000000000000e+02 4.280000000000000000e+02
6.170000000000000000e+02 4.290000000000000000e+02
