# frames 101, center=[613, 486], duration=[1000, 1100], video=browniano sol 2_0
6.130000000000000000e+02 4.860000000000000000e+02
6.130000000000000000e+02 4.860000000000000000e+02
6.130000000000000000e+02 4.860000000000000000e+02
6.130000000000000000e+02 4.840000000000000000e+02
6.120000000000000000e+02 4.830000000000000000e+02
6.120000000000000000e+02 4.830000000000000000e+02
6.130000000000000000e+02 4.840000000000000000e+02
6.130000000000000000e+02 4.840000000000000000e+02
6.130000000000000000e+02 4.830000000000000000e+02
6.130000000000000000e+02 4.840000000000000000e+02
6.120000000000000000e+02 4.840000000000000000e+02
6.130000000000000000e+02 4.840000000000000000e+02
6.130000000000000000e+02 4.840000000000000000e+02
6.130000000000000000e+02 4.840000000000000000e+02
6.140000000000000000e+02 4.840000000000000000e+02
6.140000000000000000e+02 4.840000000000000000e+02
6.140000000000000000e+02 4.850000000000000000e+02
6.130000000000000000e+02 4.860000000000000000e+02
6.140000000000000000e+02 4.860000000000000000e+02
6.130000000000000000e+02 4.860000000000000000e+02
6.140000000000000000e+02 4.850000000000000000e+02
6.130000000000000000e+02 4.860000000000000000e+02
6.150000000000000000e+02 4.870000000000000000e+02
6.140000000000000000e+02 4.870000000000000000e+02
6.130000000000000000e+02 4.870000000000000000e+02
6.150000000000000000e+02 4.880000000000000000e+02
6.150000000000000000e+02 4.890000000000000000e+02
6.150000000000000000e+02 4.900000000000000000e+02
6.160000000000000000e+02 4.890000000000000000e+02
6.160000000000000000e+02 4.890000000000000000e+02
6.150000000000000000e+02 4.880000000000000000e+02
6.150000000000000000e+02 4.880000000000000000e+02
6.150000000000000000e+02 4.870000000000000000e+02
6.150000000000000000e+02 4.880000000000000000e+02
6.150000000000000000e+02 4.880000000000000000e+02
6.150000000000000000e+02 4.880000000000000000e+02
6.140000000000000000e+02 4.880000000000000000e+02
6.140000000000000000e+02 4.890000000000000000e+02
6.130000000000000000e+02 4.880000000000000000e+02
6.120000000000000000e+02 4.880000000000000000e+02
6.130000000000000000e+02 4.880000000000000000e+02
6.130000000000000000e+02 4.870000000000000000e+02
6.130000000000000000e+02 4.880000000000000000e+02
6.130000000000000000e+02 4.880000000000000000e+02
6.120000000000000000e+02 4.870000000000000000e+02
6.130000000000000000e+02 4.860000000000000000e+02
6.130000000000000000e+02 4.860000000000000000e+02
6.130000000000000000e+02 4.850000000000000000e+02
6.140000000000000000e+02 4.850000000000000000e+02
6.140000000000000000e+02 4.850000000000000000e+02
6.140000000000000000e+02 4.840000000000000000e+02
6.140000000000000000e+02 4.850000000000000000e+02
6.140000000000000000e+02 4.850000000000000000e+02
6.140000000000000000e+02 4.850000000000000000e+02
6.130000000000000000e+02 4.830000000000000000e+02
6.130000000000000000e+02 4.820000000000000000e+02
6.130000000000000000e+02 4.810000000000000000e+02
6.140000000000000000e+02 4.810000000000000000e+02
6.120000000000000000e+02 4.810000000000000000e+02
6.120000000000000000e+02 4.810000000000000000e+02
6.140000000000000000e+02 4.810000000000000000e+02
6.130000000000000000e+02 4.810000000000000000e+02
6.130000000000000000e+02 4.820000000000000000e+02
6.140000000000000000e+02 4.810000000000000000e+02
6.140000000000000000e+02 4.810000000000000000e+02
6.130000000000000000e+02 4.800000000000000000e+02
6.130000000000000000e+02 4.800000000000000000e+02
6.130000000000000000e+02 4.800000000000000000e+02
6.140000000000000000e+02 4.810000000000000000e+02
6.140000000000000000e+02 4.810000000000000000e+02
6.140000000000000000e+02 4.810000000000000000e+02
6.130000000000000000e+02 4.820000000000000000e+02
6.130000000000000000e+02 4.800000000000000000e+02
6.130000000000000000e+02 4.800000000000000000e+02
6.130000000000000000e+02 4.810000000000000000e+02
6.130000000000000000e+02 4.820000000000000000e+02
6.140000000000000000e+02 4.830000000000000000e+02
6.140000000000000000e+02 4.810000000000000000e+02
6.140000000000000000e+02 4.820000000000000000e+02
6.140000000000000000e+02 4.820000000000000000e+02
6.150000000000000000e+02 4.820000000000000000e+02
6.160000000000000000e+02 4.810000000000000000e+02
6.150000000000000000e+02 4.810000000000000000e+02
6.140000000000000000e+02 4.810000000000000000e+02
6.140000000000000000e+02 4.810000000000000000e+02
6.140000000000000000e+02 4.810000000000000000e+02
6.130000000000000000e+02 4.810000000000000000e+02
6.130000000000000000e+02 4.800000000000000000e+02
6.130000000000000000e+02 4.800000000000000000e+02
6.120000000000000000e+02 4.790000000000000000e+02
6.120000000000000000e+02 4.790000000000000000e+02
6.120000000000000000e+02 4.790000000000000000e+02
6.120000000000000000e+02 4.800000000000000000e+02
6.110000000000000000e+02 4.810000000000000000e+02
6.110000000000000000e+02 4.800000000000000000e+02
6.110000000000000000e+02 4.800000000000000000e+02
6.120000000000000000e+02 4.790000000000000000e+02
6.120000000000000000e+02 4.810000000000000000e+02
6.120000000000000000e+02 4.820000000000000000e+02
6.110000000000000000e+02 4.810000000000000000e+02
6.110000000000000000e+02 4.820000000000000000e+02
