# frames 101, center=[612, 504], duration=[700, 800], video=browniano sol 2_0
6.120000000000000000e+02 5.040000000000000000e+02
6.120000000000000000e+02 5.040000000000000000e+02
6.120000000000000000e+02 5.040000000000000000e+02
6.130000000000000000e+02 5.040000000000000000e+02
6.140000000000000000e+02 5.040000000000000000e+02
6.140000000000000000e+02 5.040000000000000000e+02
6.130000000000000000e+02 5.050000000000000000e+02
6.140000000000000000e+02 5.050000000000000000e+02
6.130000000000000000e+02 5.040000000000000000e+02
6.120000000000000000e+02 5.040000000000000000e+02
6.130000000000000000e+02 5.030000000000000000e+02
6.120000000000000000e+02 5.030000000000000000e+02
6.120000000000000000e+02 5.030000000000000000e+02
6.120000000000000000e+02 5.030000000000000000e+02
6.120000000000000000e+02 5.030000000000000000e+02
6.120000000000000000e+02 5.020000000000000000e+02
6.110000000000000000e+02 5.020000000000000000e+02
6.110000000000000000e+02 5.020000000000000000e+02
6.110000000000000000e+02 5.010000000000000000e+02
6.120000000000000000e+02 5.010000000000000000e+02
6.130000000000000000e+02 5.010000000000000000e+02
6.130000000000000000e+02 5.000000000000000000e+02
6.130000000000000000e+02 5.000000000000000000e+02
6.130000000000000000e+02 5.000000000000000000e+02
6.140000000000000000e+02 5.000000000000000000e+02
6.130000000000000000e+02 5.000000000000000000e+02
6.140000000000000000e+02 5.010000000000000000e+02
6.140000000000000000e+02 5.000000000000000000e+02
6.130000000000000000e+02 5.010000000000000000e+02
6.130000000000000000e+02 5.010000000000000000e+02
6.120000000000000000e+02 5.020000000000000000e+02
6.130000000000000000e+02 5.020000000000000000e+02
6.130000000000000000e+02 5.010000000000000000e+02
6.130000000000000000e+02 5.010000000000000000e+02
6.130000000000000000e+02 5.010000000000000000e+02
6.130000000000000000e+02 5.000000000000000000e+02
6.130000000000000000e+02 5.000000000000000000e+02
6.130000000000000000e+02 4.980000000000000000e+02
6.140000000000000000e+02 4.970000000000000000e+02
6.150000000000000000e+02 4.970000000000000000e+02
6.150000000000000000e+02 4.990000000000000000e+02
6.150000000000000000e+02 4.990000000000000000e+02
6.150000000000000000e+02 4.990000000000000000e+02
6.140000000000000000e+02 4.990000000000000000e+02
6.140000000000000000e+02 4.990000000000000000e+02
6.150000000000000000e+02 4.990000000000000000e+02
6.140000000000000000e+02 4.990000000000000000e+02
6.140000000000000000e+02 4.990000000000000000e+02
6.140000000000000000e+02 5.000000000000000000e+02
6.140000000000000000e+02 5.000000000000000000e+02
6.140000000000000000e+02 5.010000000000000000e+02
6.150000000000000000e+02 5.000000000000000000e+02
6.150000000000000000e+02 4.990000000000000000e+02
6.160000000000000000e+02 5.000000000000000000e+02
6.160000000000000000e+02 5.000000000000000000e+02
6.160000000000000000e+02 5.000000000000000000e+02
6.170000000000000000e+02 5.010000000000000000e+02
6.170000000000000000e+02 5.000000000000000000e+02
6.170000000000000000e+02 5.000000000000000000e+02
6.160000000000000000e+02 5.000000000000000000e+02
6.170000000000000000e+02 5.000000000000000000e+02
6.170000000000000000e+02 4.990000000000000000e+02
6.160000000000000000e+02 4.990000000000000000e+02
6.170000000000000000e+02 4.980000000000000000e+02
6.160000000000000000e+02 4.990000000000000000e+02
6.170000000000000000e+02 4.990000000000000000e+02
6.170000000000000000e+02 4.980000000000000000e+02
6.170000000000000000e+02 4.980000000000000000e+02
6.180000000000000000e+02 4.980000000000000000e+02
6.180000000000000000e+02 4.980000000000000000e+02
6.180000000000000000e+02 4.970000000000000000e+02
6.180000000000000000e+02 4.970000000000000000e+02
6.170000000000000000e+02 4.970000000000000000e+02
6.160000000000000000e+02 4.970000000000000000e+02
6.170000000000000000e+02 4.970000000000000000e+02
6.160000000000000000e+02 4.980000000000000000e+02
6.150000000000000000e+02 4.970000000000000000e+02
6.150000000000000000e+02 4.980000000000000000e+02
6.150000000000000000e+02 4.990000000000000000e+02
6.150000000000000000e+02 4.990000000000000000e+02
6.140000000000000000e+02 4.980000000000000000e+02
6.140000000000000000e+02 4.980000000000000000e+02
6.150000000000000000e+02 4.970000000000000000e+02
6.140000000000000000e+02 4.980000000000000000e+02
6.140000000000000000e+02 4.980000000000000000e+02
6.140000000000000000e+02 4.990000000000000000e+02
6.140000000000000000e+02 4.980000000000000000e+02
6.130000000000000000e+02 5.000000000000000000e+02
6.130000000000000000e+02 5.000000000000000000e+02
6.150000000000000000e+02 4.980000000000000000e+02
6.130000000000000000e+02 4.970000000000000000e+02
6.130000000000000000e+02 4.970000000000000000e+02
6.140000000000000000e+02 4.960000000000000000e+02
6.140000000000000000e+02 4.960000000000000000e+02
6.130000000000000000e+02 4.960000000000000000e+02
6.120000000000000000e+02 4.950000000000000000e+02
6.130000000000000000e+02 4.950000000000000000e+02
6.120000000000000000e+02 4.940000000000000000e+02
6.120000000000000000e+02 4.950000000000000000e+02
6.120000000000000000e+02 4.940000000000000000e+02
6.120000000000000000e+02 4.950000000000000000e+02
