# frames 101, center=[606, 517], duration=[100, 200], video=browniano sol 2_0
6.060000000000000000e+02 5.170000000000000000e+02
6.060000000000000000e+02 5.170000000000000000e+02
6.060000000000000000e+02 5.170000000000000000e+02
6.070000000000000000e+02 5.180000000000000000e+02
6.070000000000000000e+02 5.180000000000000000e+02
6.070000000000000000e+02 5.180000000000000000e+02
6.070000000000000000e+02 5.170000000000000000e+02
6.070000000000000000e+02 5.170000000000000000e+02
6.070000000000000000e+02 5.170000000000000000e+02
6.080000000000000000e+02 5.170000000000000000e+02
6.070000000000000000e+02 5.160000000000000000e+02
6.070000000000000000e+02 5.160000000000000000e+02
6.070000000000000000e+02 5.160000000000000000e+02
6.060000000000000000e+02 5.150000000000000000e+02
6.060000000000000000e+02 5.150000000000000000e+02
6.060000000000000000e+02 5.160000000000000000e+02
6.070000000000000000e+02 5.140000000000000000e+02
6.080000000000000000e+02 5.150000000000000000e+02
6.070000000000000000e+02 5.160000000000000000e+02
6.060000000000000000e+02 5.150000000000000000e+02
6.060000000000000000e+02 5.150000000000000000e+02
6.050000000000000000e+02 5.150000000000000000e+02
6.040000000000000000e+02 5.150000000000000000e+02
6.040000000000000000e+02 5.150000000000000000e+02
6.050000000000000000e+02 5.150000000000000000e+02
6.040000000000000000e+02 5.140000000000000000e+02
6.040000000000000000e+02 5.130000000000000000e+02
6.030000000000000000e+02 5.120000000000000000e+02
6.030000000000000000e+02 5.130000000000000000e+02
6.030000000000000000e+02 5.120000000000000000e+02
6.020000000000000000e+02 5.120000000000000000e+02
6.020000000000000000e+02 5.120000000000000000e+02
6.030000000000000000e+02 5.110000000000000000e+02
6.040000000000000000e+02 5.110000000000000000e+02
6.040000000000000000e+02 5.120000000000000000e+02
6.050000000000000000e+02 5.120000000000000000e+02
6.040000000000000000e+02 5.130000000000000000e+02
6.040000000000000000e+02 5.120000000000000000e+02
6.030000000000000000e+02 5.120000000000000000e+02
6.030000000000000000e+02 5.130000000000000000e+02
6.030000000000000000e+02 5.130000000000000000e+02
6.030000000000000000e+02 5.130000000000000000e+02
6.040000000000000000e+02 5.130000000000000000e+02
6.050000000000000000e+02 5.130000000000000000e+02
6.050000000000000000e+02 5.120000000000000000e+02
6.050000000000000000e+02 5.120000000000000000e+02
6.040000000000000000e+02 5.110000000000000000e+02
6.040000000000000000e+02 5.110000000000000000e+02
6.040000000000000000e+02 5.110000000000000000e+02
6.050000000000000000e+02 5.100000000000000000e+02
6.040000000000000000e+02 5.110000000000000000e+02
6.040000000000000000e+02 5.110000000000000000e+02
6.040000000000000000e+02 5.110000000000000000e+02
6.050000000000000000e+02 5.110000000000000000e+02
6.040000000000000000e+02 5.100000000000000000e+02
6.040000000000000000e+02 5.100000000000000000e+02
6.040000000000000000e+02 5.100000000000000000e+02
6.030000000000000000e+02 5.100000000000000000e+02
6.040000000000000000e+02 5.090000000000000000e+02
6.040000000000000000e+02 5.090000000000000000e+02
6.050000000000000000e+02 5.080000000000000000e+02
6.040000000000000000e+02 5.080000000000000000e+02
6.040000000000000000e+02 5.070000000000000000e+02
6.050000000000000000e+02 5.070000000000000000e+02
6.050000000000000000e+02 5.060000000000000000e+02
6.040000000000000000e+02 5.070000000000000000e+02
6.040000000000000000e+02 5.070000000000000000e+02
6.040000000000000000e+02 5.070000000000000000e+02
6.040000000000000000e+02 5.070000000000000000e+02
6.030000000000000000e+02 5.070000000000000000e+02
6.040000000000000000e+02 5.070000000000000000e+02
6.030000000000000000e+02 5.080000000000000000e+02
6.030000000000000000e+02 5.070000000000000000e+02
6.030000000000000000e+02 5.070000000000000000e+02
6.030000000000000000e+02 5.070000000000000000e+02
6.030000000000000000e+02 5.080000000000000000e+02
6.030000000000000000e+02 5.070000000000000000e+02
6.030000000000000000e+02 5.070000000000000000e+02
6.030000000000000000e+02 5.070000000000000000e+02
6.020000000000000000e+02 5.070000000000000000e+02
6.030000000000000000e+02 5.080000000000000000e+02
6.020000000000000000e+02 5.080000000000000000e+02
6.020000000000000000e+02 5.070000000000000000e+02
6.020000000000000000e+02 5.070000000000000000e+02
6.010000000000000000e+02 5.080000000000000000e+02
6.010000000000000000e+02 5.080000000000000000e+02
6.020000000000000000e+02 5.090000000000000000e+02
6.020000000000000000e+02 5.090000000000000000e+02
6.030000000000000000e+02 5.090000000000000000e+02
6.030000000000000000e+02 5.090000000000000000e+02
6.030000000000000000e+02 5.090000000000000000e+02
6.020000000000000000e+02 5.100000000000000000e+02
6.020000000000000000e+02 5.100000000000000000e+02
6.020000000000000000e+02 5.100000000000000000e+02
6.020000000000000000e+02 5.100000000000000000e+02
6.020000000000000000e+02 5.090000000000000000e+02
6.030000000000000000e+02 5.090000000000000000e+02
6.040000000000000000e+02 5.090000000000000000e+02
6.040000000000000000e+02 5.100000000000000000e+02
6.040000000000000000e+02 5.090000000000000000e+02
6.040000000000000000e+02 5.090000000000000000e+02
