# frames 101, center=[611, 496], duration=[500, 600], video=browniano sol 2_0
6.110000000000000000e+02 4.960000000000000000e+02
6.110000000000000000e+02 4.960000000000000000e+02
6.110000000000000000e+02 4.960000000000000000e+02
6.110000000000000000e+02 4.960000000000000000e+02
6.110000000000000000e+02 4.960000000000000000e+02
6.110000000000000000e+02 4.960000000000000000e+02
6.110000000000000000e+02 4.960000000000000000e+02
6.120000000000000000e+02 4.950000000000000000e+02
6.110000000000000000e+02 4.950000000000000000e+02
6.120000000000000000e+02 4.940000000000000000e+02
6.120000000000000000e+02 4.940000000000000000e+02
6.120000000000000000e+02 4.930000000000000000e+02
6.140000000000000000e+02 4.920000000000000000e+02
6.150000000000000000e+02 4.930000000000000000e+02
6.140000000000000000e+02 4.930000000000000000e+02
6.140000000000000000e+02 4.920000000000000000e+02
6.140000000000000000e+02 4.930000000000000000e+02
6.140000000000000000e+02 4.930000000000000000e+02
6.150000000000000000e+02 4.940000000000000000e+02
6.150000000000000000e+02 4.940000000000000000e+02
6.150000000000000000e+02 4.940000000000000000e+02
6.150000000000000000e+02 4.920000000000000000e+02
6.150000000000000000e+02 4.930000000000000000e+02
6.150000000000000000e+02 4.920000000000000000e+02
6.160000000000000000e+02 4.930000000000000000e+02
6.160000000000000000e+02 4.940000000000000000e+02
6.150000000000000000e+02 4.940000000000000000e+02
6.150000000000000000e+02 4.940000000000000000e+02
6.150000000000000000e+02 4.960000000000000000e+02
6.140000000000000000e+02 4.970000000000000000e+02
6.150000000000000000e+02 4.980000000000000000e+02
6.150000000000000000e+02 4.980000000000000000e+02
6.140000000000000000e+02 4.970000000000000000e+02
6.160000000000000000e+02 4.960000000000000000e+02
6.150000000000000000e+02 4.970000000000000000e+02
6.170000000000000000e+02 4.960000000000000000e+02
6.180000000000000000e+02 4.970000000000000000e+02
6.180000000000000000e+02 4.980000000000000000e+02
6.170000000000000000e+02 4.980000000000000000e+02
6.170000000000000000e+02 4.980000000000000000e+02
6.150000000000000000e+02 4.970000000000000000e+02
6.160000000000000000e+02 4.960000000000000000e+02
6.150000000000000000e+02 4.960000000000000000e+02
6.170000000000000000e+02 4.960000000000000000e+02
6.170000000000000000e+02 4.960000000000000000e+02
6.180000000000000000e+02 4.970000000000000000e+02
6.190000000000000000e+02 4.970000000000000000e+02
6.190000000000000000e+02 4.980000000000000000e+02
6.210000000000000000e+02 4.980000000000000000e+02
6.210000000000000000e+02 4.980000000000000000e+02
6.210000000000000000e+02 4.980000000000000000e+02
6.210000000000000000e+02 4.980000000000000000e+02
6.220000000000000000e+02 4.990000000000000000e+02
6.210000000000000000e+02 5.000000000000000000e+02
6.220000000000000000e+02 5.000000000000000000e+02
6.220000000000000000e+02 5.000000000000000000e+02
6.220000000000000000e+02 5.000000000000000000e+02
6.220000000000000000e+02 4.990000000000000000e+02
6.220000000000000000e+02 4.990000000000000000e+02
6.210000000000000000e+02 4.980000000000000000e+02
6.210000000000000000e+02 4.980000000000000000e+02
6.220000000000000000e+02 4.970000000000000000e+02
6.220000000000000000e+02 4.990000000000000000e+02
6.220000000000000000e+02 4.990000000000000000e+02
6.210000000000000000e+02 4.980000000000000000e+02
6.220000000000000000e+02 5.000000000000000000e+02
6.210000000000000000e+02 5.000000000000000000e+02
6.220000000000000000e+02 5.000000000000000000e+02
6.220000000000000000e+02 5.010000000000000000e+02
6.220000000000000000e+02 5.010000000000000000e+02
6.220000000000000000e+02 5.000000000000000000e+02
6.220000000000000000e+02 5.010000000000000000e+02
6.230000000000000000e+02 5.000000000000000000e+02
6.230000000000000000e+02 5.000000000000000000e+02
6.220000000000000000e+02 5.000000000000000000e+02
6.230000000000000000e+02 5.010000000000000000e+02
6.220000000000000000e+02 5.010000000000000000e+02
6.220000000000000000e+02 5.000000000000000000e+02
6.230000000000000000e+02 4.990000000000000000e+02
6.220000000000000000e+02 4.990000000000000000e+02
6.220000000000000000e+02 4.990000000000000000e+02
6.210000000000000000e+02 4.990000000000000000e+02
6.200000000000000000e+02 5.000000000000000000e+02
6.200000000000000000e+02 5.000000000000000000e+02
6.190000000000000000e+02 5.010000000000000000e+02
6.190000000000000000e+02 5.010000000000000000e+02
6.190000000000000000e+02 5.020000000000000000e+02
6.190000000000000000e+02 5.020000000000000000e+02
6.190000000000000000e+02 5.020000000000000000e+02
6.170000000000000000e+02 5.020000000000000000e+02
6.180000000000000000e+02 5.000000000000000000e+02
6.170000000000000000e+02 5.000000000000000000e+02
6.180000000000000000e+02 5.010000000000000000e+02
6.180000000000000000e+02 5.000000000000000000e+02
6.170000000000000000e+02 5.000000000000000000e+02
6.180000000000000000e+02 4.990000000000000000e+02
6.180000000000000000e+02 5.000000000000000000e+02
6.180000000000000000e+02 4.990000000000000000e+02
6.170000000000000000e+02 4.980000000000000000e+02
6.170000000000000000e+02 4.980000000000000000e+02
6.160000000000000000e+02 4.980000000000000000e+02
