# frames 101, center=[616, 484], duration=[900, 1000], video=browniano sol 2_0
6.160000000000000000e+02 4.840000000000000000e+02
6.160000000000000000e+02 4.840000000000000000e+02
6.160000000000000000e+02 4.840000000000000000e+02
6.160000000000000000e+02 4.830000000000000000e+02
6.160000000000000000e+02 4.840000000000000000e+02
6.170000000000000000e+02 4.840000000000000000e+02
6.160000000000000000e+02 4.840000000000000000e+02
6.160000000000000000e+02 4.850000000000000000e+02
6.150000000000000000e+02 4.850000000000000000e+02
6.150000000000000000e+02 4.840000000000000000e+02
6.140000000000000000e+02 4.840000000000000000e+02
6.150000000000000000e+02 4.840000000000000000e+02
6.140000000000000000e+02 4.840000000000000000e+02
6.150000000000000000e+02 4.830000000000000000e+02
6.150000000000000000e+02 4.830000000000000000e+02
6.160000000000000000e+02 4.840000000000000000e+02
6.160000000000000000e+02 4.840000000000000000e+02
6.160000000000000000e+02 4.850000000000000000e+02
6.150000000000000000e+02 4.860000000000000000e+02
6.160000000000000000e+02 4.850000000000000000e+02
6.150000000000000000e+02 4.850000000000000000e+02
6.150000000000000000e+02 4.850000000000000000e+02
6.150000000000000000e+02 4.850000000000000000e+02
6.160000000000000000e+02 4.850000000000000000e+02
6.170000000000000000e+02 4.860000000000000000e+02
6.170000000000000000e+02 4.870000000000000000e+02
6.170000000000000000e+02 4.870000000000000000e+02
6.170000000000000000e+02 4.870000000000000000e+02
6.170000000000000000e+02 4.860000000000000000e+02
6.170000000000000000e+02 4.850000000000000000e+02
6.170000000000000000e+02 4.840000000000000000e+02
6.170000000000000000e+02 4.840000000000000000e+02
6.170000000000000000e+02 4.840000000000000000e+02
6.180000000000000000e+02 4.840000000000000000e+02
6.170000000000000000e+02 4.840000000000000000e+02
6.160000000000000000e+02 4.840000000000000000e+02
6.170000000000000000e+02 4.850000000000000000e+02
6.170000000000000000e+02 4.850000000000000000e+02
6.170000000000000000e+02 4.860000000000000000e+02
6.170000000000000000e+02 4.850000000000000000e+02
6.160000000000000000e+02 4.860000000000000000e+02
6.170000000000000000e+02 4.870000000000000000e+02
6.180000000000000000e+02 4.860000000000000000e+02
6.170000000000000000e+02 4.860000000000000000e+02
6.170000000000000000e+02 4.870000000000000000e+02
6.160000000000000000e+02 4.870000000000000000e+02
6.160000000000000000e+02 4.880000000000000000e+02
6.180000000000000000e+02 4.880000000000000000e+02
6.180000000000000000e+02 4.880000000000000000e+02
6.190000000000000000e+02 4.870000000000000000e+02
6.180000000000000000e+02 4.860000000000000000e+02
6.180000000000000000e+02 4.860000000000000000e+02
6.180000000000000000e+02 4.860000000000000000e+02
6.180000000000000000e+02 4.860000000000000000e+02
6.170000000000000000e+02 4.860000000000000000e+02
6.160000000000000000e+02 4.860000000000000000e+02
6.170000000000000000e+02 4.860000000000000000e+02
6.170000000000000000e+02 4.860000000000000000e+02
6.180000000000000000e+02 4.860000000000000000e+02
6.180000000000000000e+02 4.860000000000000000e+02
6.180000000000000000e+02 4.860000000000000000e+02
6.180000000000000000e+02 4.870000000000000000e+02
6.180000000000000000e+02 4.880000000000000000e+02
6.170000000000000000e+02 4.870000000000000000e+02
6.150000000000000000e+02 4.870000000000000000e+02
6.150000000000000000e+02 4.870000000000000000e+02
6.160000000000000000e+02 4.870000000000000000e+02
6.140000000000000000e+02 4.890000000000000000e+02
6.130000000000000000e+02 4.890000000000000000e+02
6.140000000000000000e+02 4.880000000000000000e+02
6.150000000000000000e+02 4.890000000000000000e+02
6.140000000000000000e+02 4.890000000000000000e+02
6.140000000000000000e+02 4.880000000000000000e+02
6.130000000000000000e+02 4.880000000000000000e+02
6.130000000000000000e+02 4.880000000000000000e+02
6.130000000000000000e+02 4.880000000000000000e+02
6.120000000000000000e+02 4.890000000000000000e+02
6.130000000000000000e+02 4.890000000000000000e+02
6.120000000000000000e+02 4.890000000000000000e+02
6.130000000000000000e+02 4.890000000000000000e+02
6.130000000000000000e+02 4.890000000000000000e+02
6.130000000000000000e+02 4.890000000000000000e+02
6.140000000000000000e+02 4.890000000000000000e+02
6.130000000000000000e+02 4.890000000000000000e+02
6.130000000000000000e+02 4.890000000000000000e+02
6.130000000000000000e+02 4.890000000000000000e+02
6.130000000000000000e+02 4.880000000000000000e+02
6.130000000000000000e+02 4.880000000000000000e+02
6.130000000000000000e+02 4.870000000000000000e+02
6.130000000000000000e+02 4.880000000000000000e+02
6.110000000000000000e+02 4.870000000000000000e+02
6.110000000000000000e+02 4.880000000000000000e+02
6.110000000000000000e+02 4.870000000000000000e+02
6.100000000000000000e+02 4.880000000000000000e+02
6.110000000000000000e+02 4.870000000000000000e+02
6.120000000000000000e+02 4.870000000000000000e+02
6.120000000000000000e+02 4.870000000000000000e+02
6.120000000000000000e+02 4.860000000000000000e+02
6.120000000000000000e+02 4.860000000000000000e+02
6.120000000000000000e+02 4.860000000000000000e+02
6.130000000000000000e+02 4.860000000000000000e+02
