# frames 101, center=[609, 509], duration=[300, 400], video=browniano sol 2_0
6.090000000000000000e+02 5.090000000000000000e+02
6.090000000000000000e+02 5.090000000000000000e+02
6.090000000000000000e+02 5.090000000000000000e+02
6.090000000000000000e+02 5.090000000000000000e+02
6.090000000000000000e+02 5.090000000000000000e+02
6.090000000000000000e+02 5.090000000000000000e+02
6.100000000000000000e+02 5.100000000000000000e+02
6.100000000000000000e+02 5.100000000000000000e+02
6.100000000000000000e+02 5.100000000000000000e+02
6.090000000000000000e+02 5.110000000000000000e+02
6.100000000000000000e+02 5.110000000000000000e+02
6.110000000000000000e+02 5.100000000000000000e+02
6.110000000000000000e+02 5.110000000000000000e+02
6.120000000000000000e+02 5.110000000000000000e+02
6.120000000000000000e+02 5.090000000000000000e+02
6.120000000000000000e+02 5.100000000000000000e+02
6.120000000000000000e+02 5.110000000000000000e+02
6.120000000000000000e+02 5.130000000000000000e+02
6.130000000000000000e+02 5.120000000000000000e+02
6.120000000000000000e+02 5.110000000000000000e+02
6.120000000000000000e+02 5.110000000000000000e+02
6.120000000000000000e+02 5.120000000000000000e+02
6.120000000000000000e+02 5.110000000000000000e+02
6.130000000000000000e+02 5.110000000000000000e+02
6.130000000000000000e+02 5.110000000000000000e+02
6.130000000000000000e+02 5.110000000000000000e+02
6.140000000000000000e+02 5.100000000000000000e+02
6.140000000000000000e+02 5.100000000000000000e+02
6.140000000000000000e+02 5.100000000000000000e+02
6.140000000000000000e+02 5.110000000000000000e+02
6.140000000000000000e+02 5.110000000000000000e+02
6.140000000000000000e+02 5.100000000000000000e+02
6.150000000000000000e+02 5.100000000000000000e+02
6.150000000000000000e+02 5.090000000000000000e+02
6.140000000000000000e+02 5.100000000000000000e+02
6.150000000000000000e+02 5.110000000000000000e+02
6.140000000000000000e+02 5.120000000000000000e+02
6.130000000000000000e+02 5.120000000000000000e+02
6.130000000000000000e+02 5.130000000000000000e+02
6.130000000000000000e+02 5.120000000000000000e+02
6.130000000000000000e+02 5.130000000000000000e+02
6.120000000000000000e+02 5.140000000000000000e+02
6.130000000000000000e+02 5.130000000000000000e+02
6.130000000000000000e+02 5.130000000000000000e+02
6.140000000000000000e+02 5.130000000000000000e+02
6.140000000000000000e+02 5.120000000000000000e+02
6.140000000000000000e+02 5.110000000000000000e+02
6.150000000000000000e+02 5.110000000000000000e+02
6.150000000000000000e+02 5.110000000000000000e+02
6.150000000000000000e+02 5.100000000000000000e+02
6.140000000000000000e+02 5.100000000000000000e+02
6.140000000000000000e+02 5.100000000000000000e+02
6.140000000000000000e+02 5.090000000000000000e+02
6.130000000000000000e+02 5.090000000000000000e+02
6.140000000000000000e+02 5.090000000000000000e+02
6.140000000000000000e+02 5.100000000000000000e+02
6.130000000000000000e+02 5.100000000000000000e+02
6.130000000000000000e+02 5.090000000000000000e+02
6.130000000000000000e+02 5.090000000000000000e+02
6.120000000000000000e+02 5.090000000000000000e+02
6.110000000000000000e+02 5.090000000000000000e+02
6.110000000000000000e+02 5.080000000000000000e+02
6.100000000000000000e+02 5.080000000000000000e+02
6.090000000000000000e+02 5.090000000000000000e+02
6.090000000000000000e+02 5.090000000000000000e+02
6.080000000000000000e+02 5.090000000000000000e+02
6.090000000000000000e+02 5.090000000000000000e+02
6.080000000000000000e+02 5.100000000000000000e+02
6.070000000000000000e+02 5.100000000000000000e+02
6.070000000000000000e+02 5.100000000000000000e+02
6.070000000000000000e+02 5.100000000000000000e+02
6.090000000000000000e+02 5.110000000000000000e+02
6.090000000000000000e+02 5.110000000000000000e+02
6.090000000000000000e+02 5.110000000000000000e+02
6.100000000000000000e+02 5.100000000000000000e+02
6.090000000000000000e+02 5.100000000000000000e+02
6.090000000000000000e+02 5.110000000000000000e+02
6.100000000000000000e+02 5.110000000000000000e+02
6.100000000000000000e+02 5.120000000000000000e+02
6.100000000000000000e+02 5.110000000000000000e+02
6.090000000000000000e+02 5.100000000000000000e+02
6.090000000000000000e+02 5.090000000000000000e+02
6.090000000000000000e+02 5.090000000000000000e+02
6.090000000000000000e+02 5.100000000000000000e+02
6.090000000000000000e+02 5.100000000000000000e+02
6.090000000000000000e+02 5.100000000000000000e+02
6.100000000000000000e+02 5.100000000000000000e+02
6.110000000000000000e+02 5.110000000000000000e+02
6.110000000000000000e+02 5.110000000000000000e+02
6.110000000000000000e+02 5.100000000000000000e+02
6.100000000000000000e+02 5.110000000000000000e+02
6.090000000000000000e+02 5.110000000000000000e+02
6.090000000000000000e+02 5.120000000000000000e+02
6.090000000000000000e+02 5.120000000000000000e+02
6.100000000000000000e+02 5.110000000000000000e+02
6.100000000000000000e+02 5.120000000000000000e+02
6.110000000000000000e+02 5.110000000000000000e+02
6.100000000000000000e+02 5.110000000000000000e+02
6.100000000000000000e+02 5.100000000000000000e+02
6.110000000000000000e+02 5.090000000000000000e+02
6.100000000000000000e+02 5.090000000000000000e+02
