# frames 101, center=[609, 508], duration=[400, 500], video=browniano sol 2_0
6.090000000000000000e+02 5.080000000000000000e+02
6.090000000000000000e+02 5.080000000000000000e+02
6.090000000000000000e+02 5.080000000000000000e+02
6.100000000000000000e+02 5.070000000000000000e+02
6.100000000000000000e+02 5.060000000000000000e+02
6.100000000000000000e+02 5.070000000000000000e+02
6.090000000000000000e+02 5.070000000000000000e+02
6.090000000000000000e+02 5.070000000000000000e+02
6.090000000000000000e+02 5.070000000000000000e+02
6.090000000000000000e+02 5.060000000000000000e+02
6.090000000000000000e+02 5.050000000000000000e+02
6.080000000000000000e+02 5.040000000000000000e+02
6.070000000000000000e+02 5.050000000000000000e+02
6.070000000000000000e+02 5.060000000000000000e+02
6.080000000000000000e+02 5.080000000000000000e+02
6.080000000000000000e+02 5.070000000000000000e+02
6.060000000000000000e+02 5.060000000000000000e+02
6.060000000000000000e+02 5.060000000000000000e+02
6.060000000000000000e+02 5.070000000000000000e+02
6.050000000000000000e+02 5.070000000000000000e+02
6.060000000000000000e+02 5.070000000000000000e+02
6.060000000000000000e+02 5.070000000000000000e+02
6.080000000000000000e+02 5.060000000000000000e+02
6.080000000000000000e+02 5.060000000000000000e+02
6.070000000000000000e+02 5.060000000000000000e+02
6.080000000000000000e+02 5.060000000000000000e+02
6.080000000000000000e+02 5.060000000000000000e+02
6.080000000000000000e+02 5.060000000000000000e+02
6.080000000000000000e+02 5.070000000000000000e+02
6.090000000000000000e+02 5.060000000000000000e+02
6.100000000000000000e+02 5.050000000000000000e+02
6.110000000000000000e+02 5.050000000000000000e+02
6.090000000000000000e+02 5.040000000000000000e+02
6.090000000000000000e+02 5.040000000000000000e+02
6.080000000000000000e+02 5.050000000000000000e+02
6.080000000000000000e+02 5.040000000000000000e+02
6.090000000000000000e+02 5.040000000000000000e+02
6.100000000000000000e+02 5.050000000000000000e+02
6.100000000000000000e+02 5.050000000000000000e+02
6.100000000000000000e+02 5.050000000000000000e+02
6.100000000000000000e+02 5.050000000000000000e+02
6.100000000000000000e+02 5.060000000000000000e+02
6.100000000000000000e+02 5.050000000000000000e+02
6.090000000000000000e+02 5.040000000000000000e+02
6.100000000000000000e+02 5.050000000000000000e+02
6.100000000000000000e+02 5.050000000000000000e+02
6.100000000000000000e+02 5.070000000000000000e+02
6.090000000000000000e+02 5.070000000000000000e+02
6.080000000000000000e+02 5.070000000000000000e+02
6.080000000000000000e+02 5.080000000000000000e+02
6.080000000000000000e+02 5.080000000000000000e+02
6.080000000000000000e+02 5.070000000000000000e+02
6.080000000000000000e+02 5.070000000000000000e+02
6.070000000000000000e+02 5.070000000000000000e+02
6.060000000000000000e+02 5.080000000000000000e+02
6.070000000000000000e+02 5.080000000000000000e+02
6.060000000000000000e+02 5.070000000000000000e+02
6.070000000000000000e+02 5.070000000000000000e+02
6.070000000000000000e+02 5.050000000000000000e+02
6.070000000000000000e+02 5.050000000000000000e+02
6.080000000000000000e+02 5.040000000000000000e+02
6.070000000000000000e+02 5.030000000000000000e+02
6.060000000000000000e+02 5.030000000000000000e+02
6.060000000000000000e+02 5.030000000000000000e+02
6.070000000000000000e+02 5.020000000000000000e+02
6.070000000000000000e+02 5.020000000000000000e+02
6.060000000000000000e+02 5.020000000000000000e+02
6.060000000000000000e+02 5.010000000000000000e+02
6.060000000000000000e+02 5.010000000000000000e+02
6.060000000000000000e+02 5.020000000000000000e+02
6.050000000000000000e+02 5.010000000000000000e+02
6.050000000000000000e+02 5.000000000000000000e+02
6.040000000000000000e+02 5.010000000000000000e+02
6.040000000000000000e+02 5.000000000000000000e+02
6.040000000000000000e+02 5.010000000000000000e+02
6.050000000000000000e+02 5.010000000000000000e+02
6.040000000000000000e+02 5.020000000000000000e+02
6.040000000000000000e+02 5.020000000000000000e+02
6.050000000000000000e+02 5.020000000000000000e+02
6.060000000000000000e+02 5.010000000000000000e+02
6.060000000000000000e+02 5.010000000000000000e+02
6.050000000000000000e+02 5.010000000000000000e+02
6.040000000000000000e+02 5.020000000000000000e+02
6.040000000000000000e+02 5.000000000000000000e+02
6.050000000000000000e+02 5.010000000000000000e+02
6.050000000000000000e+02 5.000000000000000000e+02
6.050000000000000000e+02 5.000000000000000000e+02
6.050000000000000000e+02 5.000000000000000000e+02
6.060000000000000000e+02 4.980000000000000000e+02
6.060000000000000000e+02 4.970000000000000000e+02
6.060000000000000000e+02 4.970000000000000000e+02
6.060000000000000000e+02 4.970000000000000000e+02
6.060000000000000000e+02 4.970000000000000000e+02
6.070000000000000000e+02 4.980000000000000000e+02
6.090000000000000000e+02 4.970000000000000000e+02
6.090000000000000000e+02 4.970000000000000000e+02
6.090000000000000000e+02 4.960000000000000000e+02
6.090000000000000000e+02 4.960000000000000000e+02
6.090000000000000000e+02 4.960000000000000000e+02
6.080000000000000000e+02 4.950000000000000000e+02
6.090000000000000000e+02 4.950000000000000000e+02
