# frames 101, center=[600, 536], duration=[0, 100], video=browniano sol 2_0
6.000000000000000000e+02 5.360000000000000000e+02
6.000000000000000000e+02 5.360000000000000000e+02
6.000000000000000000e+02 5.360000000000000000e+02
6.000000000000000000e+02 5.350000000000000000e+02
6.000000000000000000e+02 5.340000000000000000e+02
6.000000000000000000e+02 5.340000000000000000e+02
6.000000000000000000e+02 5.330000000000000000e+02
6.000000000000000000e+02 5.330000000000000000e+02
6.000000000000000000e+02 5.330000000000000000e+02
6.010000000000000000e+02 5.330000000000000000e+02
6.010000000000000000e+02 5.330000000000000000e+02
6.010000000000000000e+02 5.330000000000000000e+02
6.000000000000000000e+02 5.320000000000000000e+02
6.010000000000000000e+02 5.310000000000000000e+02
6.000000000000000000e+02 5.310000000000000000e+02
6.010000000000000000e+02 5.310000000000000000e+02
6.020000000000000000e+02 5.310000000000000000e+02
6.010000000000000000e+02 5.310000000000000000e+02
6.020000000000000000e+02 5.310000000000000000e+02
6.010000000000000000e+02 5.310000000000000000e+02
6.020000000000000000e+02 5.320000000000000000e+02
6.020000000000000000e+02 5.320000000000000000e+02
6.020000000000000000e+02 5.320000000000000000e+02
6.010000000000000000e+02 5.320000000000000000e+02
6.010000000000000000e+02 5.310000000000000000e+02
6.010000000000000000e+02 5.320000000000000000e+02
6.030000000000000000e+02 5.310000000000000000e+02
6.030000000000000000e+02 5.300000000000000000e+02
6.030000000000000000e+02 5.300000000000000000e+02
6.030000000000000000e+02 5.300000000000000000e+02
6.040000000000000000e+02 5.300000000000000000e+02
6.040000000000000000e+02 5.280000000000000000e+02
6.040000000000000000e+02 5.280000000000000000e+02
6.040000000000000000e+02 5.280000000000000000e+02
6.050000000000000000e+02 5.270000000000000000e+02
6.070000000000000000e+02 5.270000000000000000e+02
6.070000000000000000e+02 5.280000000000000000e+02
6.070000000000000000e+02 5.270000000000000000e+02
6.070000000000000000e+02 5.270000000000000000e+02
6.070000000000000000e+02 5.270000000000000000e+02
6.070000000000000000e+02 5.270000000000000000e+02
6.060000000000000000e+02 5.260000000000000000e+02
6.070000000000000000e+02 5.260000000000000000e+02
6.070000000000000000e+02 5.250000000000000000e+02
6.070000000000000000e+02 5.250000000000000000e+02
6.070000000000000000e+02 5.260000000000000000e+02
6.070000000000000000e+02 5.260000000000000000e+02
6.070000000000000000e+02 5.260000000000000000e+02
6.060000000000000000e+02 5.260000000000000000e+02
6.070000000000000000e+02 5.250000000000000000e+02
6.060000000000000000e+02 5.240000000000000000e+02
6.060000000000000000e+02 5.230000000000000000e+02
6.060000000000000000e+02 5.230000000000000000e+02
6.060000000000000000e+02 5.240000000000000000e+02
6.060000000000000000e+02 5.240000000000000000e+02
6.080000000000000000e+02 5.240000000000000000e+02
6.080000000000000000e+02 5.230000000000000000e+02
6.090000000000000000e+02 5.220000000000000000e+02
6.090000000000000000e+02 5.210000000000000000e+02
6.090000000000000000e+02 5.220000000000000000e+02
6.090000000000000000e+02 5.210000000000000000e+02
6.080000000000000000e+02 5.200000000000000000e+02
6.060000000000000000e+02 5.200000000000000000e+02
6.070000000000000000e+02 5.190000000000000000e+02
6.060000000000000000e+02 5.200000000000000000e+02
6.070000000000000000e+02 5.190000000000000000e+02
6.070000000000000000e+02 5.190000000000000000e+02
6.070000000000000000e+02 5.190000000000000000e+02
6.070000000000000000e+02 5.190000000000000000e+02
6.080000000000000000e+02 5.200000000000000000e+02
6.080000000000000000e+02 5.200000000000000000e+02
6.070000000000000000e+02 5.190000000000000000e+02
6.080000000000000000e+02 5.200000000000000000e+02
6.080000000000000000e+02 5.200000000000000000e+02
6.090000000000000000e+02 5.190000000000000000e+02
6.090000000000000000e+02 5.190000000000000000e+02
6.090000000000000000e+02 5.190000000000000000e+02
6.090000000000000000e+02 5.190000000000000000e+02
6.090000000000000000e+02 5.190000000000000000e+02
6.100000000000000000e+02 5.180000000000000000e+02
6.100000000000000000e+02 5.190000000000000000e+02
6.100000000000000000e+02 5.200000000000000000e+02
6.090000000000000000e+02 5.210000000000000000e+02
6.090000000000000000e+02 5.210000000000000000e+02
6.090000000000000000e+02 5.210000000000000000e+02
6.090000000000000000e+02 5.200000000000000000e+02
6.090000000000000000e+02 5.210000000000000000e+02
6.080000000000000000e+02 5.200000000000000000e+02
6.080000000000000000e+02 5.200000000000000000e+02
6.080000000000000000e+02 5.210000000000000000e+02
6.080000000000000000e+02 5.200000000000000000e+02
6.080000000000000000e+02 5.190000000000000000e+02
6.070000000000000000e+02 5.190000000000000000e+02
6.070000000000000000e+02 5.190000000000000000e+02
6.070000000000000000e+02 5.190000000000000000e+02
6.070000000000000000e+02 5.200000000000000000e+02
6.070000000000000000e+02 5.190000000000000000e+02
6.060000000000000000e+02 5.180000000000000000e+02
6.050000000000000000e+02 5.180000000000000000e+02
6.040000000000000000e+02 5.180000000000000000e+02
6.050000000000000000e+02 5.180000000000000000e+02
