# frames 101, center=[609, 493], duration=[800, 900], video=browniano sol 2_0
6.090000000000000000e+02 4.930000000000000000e+02
6.090000000000000000e+02 4.930000000000000000e+02
6.090000000000000000e+02 4.930000000000000000e+02
6.100000000000000000e+02 4.930000000000000000e+02
6.100000000000000000e+02 4.930000000000000000e+02
6.100000000000000000e+02 4.920000000000000000e+02
6.100000000000000000e+02 4.920000000000000000e+02
6.100000000000000000e+02 4.920000000000000000e+02
6.100000000000000000e+02 4.920000000000000000e+02
6.090000000000000000e+02 4.930000000000000000e+02
6.100000000000000000e+02 4.930000000000000000e+02
6.090000000000000000e+02 4.930000000000000000e+02
6.100000000000000000e+02 4.920000000000000000e+02
6.090000000000000000e+02 4.910000000000000000e+02
6.080000000000000000e+02 4.910000000000000000e+02
6.070000000000000000e+02 4.910000000000000000e+02
6.070000000000000000e+02 4.910000000000000000e+02
6.060000000000000000e+02 4.920000000000000000e+02
6.060000000000000000e+02 4.910000000000000000e+02
6.060000000000000000e+02 4.920000000000000000e+02
6.060000000000000000e+02 4.910000000000000000e+02
6.060000000000000000e+02 4.920000000000000000e+02
6.060000000000000000e+02 4.930000000000000000e+02
6.060000000000000000e+02 4.940000000000000000e+02
6.060000000000000000e+02 4.930000000000000000e+02
6.060000000000000000e+02 4.940000000000000000e+02
6.070000000000000000e+02 4.950000000000000000e+02
6.070000000000000000e+02 4.950000000000000000e+02
6.070000000000000000e+02 4.950000000000000000e+02
6.070000000000000000e+02 4.950000000000000000e+02
6.070000000000000000e+02 4.950000000000000000e+02
6.070000000000000000e+02 4.950000000000000000e+02
6.080000000000000000e+02 4.940000000000000000e+02
6.080000000000000000e+02 4.940000000000000000e+02
6.080000000000000000e+02 4.940000000000000000e+02
6.080000000000000000e+02 4.940000000000000000e+02
6.090000000000000000e+02 4.930000000000000000e+02
6.080000000000000000e+02 4.920000000000000000e+02
6.070000000000000000e+02 4.920000000000000000e+02
6.070000000000000000e+02 4.930000000000000000e+02
6.070000000000000000e+02 4.930000000000000000e+02
6.080000000000000000e+02 4.940000000000000000e+02
6.090000000000000000e+02 4.920000000000000000e+02
6.090000000000000000e+02 4.930000000000000000e+02
6.100000000000000000e+02 4.930000000000000000e+02
6.110000000000000000e+02 4.930000000000000000e+02
6.110000000000000000e+02 4.930000000000000000e+02
6.100000000000000000e+02 4.920000000000000000e+02
6.120000000000000000e+02 4.920000000000000000e+02
6.120000000000000000e+02 4.920000000000000000e+02
6.120000000000000000e+02 4.910000000000000000e+02
6.110000000000000000e+02 4.920000000000000000e+02
6.110000000000000000e+02 4.910000000000000000e+02
6.120000000000000000e+02 4.910000000000000000e+02
6.130000000000000000e+02 4.910000000000000000e+02
6.120000000000000000e+02 4.900000000000000000e+02
6.130000000000000000e+02 4.910000000000000000e+02
6.130000000000000000e+02 4.900000000000000000e+02
6.120000000000000000e+02 4.890000000000000000e+02
6.120000000000000000e+02 4.880000000000000000e+02
6.130000000000000000e+02 4.890000000000000000e+02
6.130000000000000000e+02 4.890000000000000000e+02
6.140000000000000000e+02 4.890000000000000000e+02
6.140000000000000000e+02 4.880000000000000000e+02
6.140000000000000000e+02 4.880000000000000000e+02
6.150000000000000000e+02 4.900000000000000000e+02
6.140000000000000000e+02 4.900000000000000000e+02
6.140000000000000000e+02 4.890000000000000000e+02
6.140000000000000000e+02 4.890000000000000000e+02
6.130000000000000000e+02 4.890000000000000000e+02
6.130000000000000000e+02 4.880000000000000000e+02
6.140000000000000000e+02 4.880000000000000000e+02
6.150000000000000000e+02 4.870000000000000000e+02
6.140000000000000000e+02 4.880000000000000000e+02
6.140000000000000000e+02 4.880000000000000000e+02
6.140000000000000000e+02 4.880000000000000000e+02
6.140000000000000000e+02 4.880000000000000000e+02
6.140000000000000000e+02 4.880000000000000000e+02
6.140000000000000000e+02 4.880000000000000000e+02
6.140000000000000000e+02 4.880000000000000000e+02
6.150000000000000000e+02 4.880000000000000000e+02
6.140000000000000000e+02 4.890000000000000000e+02
6.130000000000000000e+02 4.890000000000000000e+02
6.130000000000000000e+02 4.890000000000000000e+02
6.130000000000000000e+02 4.890000000000000000e+02
6.140000000000000000e+02 4.880000000000000000e+02
6.140000000000000000e+02 4.880000000000000000e+02
6.140000000000000000e+02 4.890000000000000000e+02
6.140000000000000000e+02 4.880000000000000000e+02
6.140000000000000000e+02 4.880000000000000000e+02
6.140000000000000000e+02 4.870000000000000000e+02
6.140000000000000000e+02 4.880000000000000000e+02
6.140000000000000000e+02 4.880000000000000000e+02
6.140000000000000000e+02 4.880000000000000000e+02
6.140000000000000000e+02 4.870000000000000000e+02
6.140000000000000000e+02 4.870000000000000000e+02
6.150000000000000000e+02 4.870000000000000000e+02
6.140000000000000000e+02 4.870000000000000000e+02
6.140000000000000000e+02 4.870000000000000000e+02
6.150000000000000000e+02 4.860000000000000000e+02
6.150000000000000000e+02 4.840000000000000000e+02
