# frames 101, center=[736, 718], duration=[100, 200], video=browniano sol 2_0
7.360000000000000000e+02 7.180000000000000000e+02
7.360000000000000000e+02 7.180000000000000000e+02
7.360000000000000000e+02 7.180000000000000000e+02
7.350000000000000000e+02 7.190000000000000000e+02
7.360000000000000000e+02 7.180000000000000000e+02
7.370000000000000000e+02 7.190000000000000000e+02
7.370000000000000000e+02 7.190000000000000000e+02
7.370000000000000000e+02 7.190000000000000000e+02
7.370000000000000000e+02 7.200000000000000000e+02
7.380000000000000000e+02 7.190000000000000000e+02
7.370000000000000000e+02 7.190000000000000000e+02
7.380000000000000000e+02 7.180000000000000000e+02
7.380000000000000000e+02 7.180000000000000000e+02
7.380000000000000000e+02 7.180000000000000000e+02
7.380000000000000000e+02 7.180000000000000000e+02
7.370000000000000000e+02 7.180000000000000000e+02
7.380000000000000000e+02 7.170000000000000000e+02
7.390000000000000000e+02 7.170000000000000000e+02
7.400000000000000000e+02 7.170000000000000000e+02
7.410000000000000000e+02 7.160000000000000000e+02
7.410000000000000000e+02 7.150000000000000000e+02
7.420000000000000000e+02 7.150000000000000000e+02
7.420000000000000000e+02 7.140000000000000000e+02
7.430000000000000000e+02 7.150000000000000000e+02
7.430000000000000000e+02 7.160000000000000000e+02
7.440000000000000000e+02 7.160000000000000000e+02
7.440000000000000000e+02 7.170000000000000000e+02
7.440000000000000000e+02 7.170000000000000000e+02
7.450000000000000000e+02 7.170000000000000000e+02
7.450000000000000000e+02 7.170000000000000000e+02
7.440000000000000000e+02 7.170000000000000000e+02
7.440000000000000000e+02 7.160000000000000000e+02
7.450000000000000000e+02 7.160000000000000000e+02
7.450000000000000000e+02 7.160000000000000000e+02
7.450000000000000000e+02 7.170000000000000000e+02
7.440000000000000000e+02 7.160000000000000000e+02
7.430000000000000000e+02 7.160000000000000000e+02
7.430000000000000000e+02 7.150000000000000000e+02
7.430000000000000000e+02 7.140000000000000000e+02
7.430000000000000000e+02 7.140000000000000000e+02
7.430000000000000000e+02 7.140000000000000000e+02
7.430000000000000000e+02 7.140000000000000000e+02
7.420000000000000000e+02 7.140000000000000000e+02
7.430000000000000000e+02 7.130000000000000000e+02
7.420000000000000000e+02 7.140000000000000000e+02
7.420000000000000000e+02 7.150000000000000000e+02
7.430000000000000000e+02 7.150000000000000000e+02
7.430000000000000000e+02 7.160000000000000000e+02
7.430000000000000000e+02 7.150000000000000000e+02
7.430000000000000000e+02 7.160000000000000000e+02
7.440000000000000000e+02 7.160000000000000000e+02
7.430000000000000000e+02 7.150000000000000000e+02
7.430000000000000000e+02 7.150000000000000000e+02
7.420000000000000000e+02 7.150000000000000000e+02
7.420000000000000000e+02 7.160000000000000000e+02
7.420000000000000000e+02 7.140000000000000000e+02
7.420000000000000000e+02 7.140000000000000000e+02
7.410000000000000000e+02 7.140000000000000000e+02
7.410000000000000000e+02 7.130000000000000000e+02
7.410000000000000000e+02 7.120000000000000000e+02
7.410000000000000000e+02 7.110000000000000000e+02
7.400000000000000000e+02 7.100000000000000000e+02
7.400000000000000000e+02 7.090000000000000000e+02
7.400000000000000000e+02 7.080000000000000000e+02
7.390000000000000000e+02 7.100000000000000000e+02
7.400000000000000000e+02 7.090000000000000000e+02
7.390000000000000000e+02 7.090000000000000000e+02
7.390000000000000000e+02 7.090000000000000000e+02
7.400000000000000000e+02 7.090000000000000000e+02
7.400000000000000000e+02 7.100000000000000000e+02
7.400000000000000000e+02 7.110000000000000000e+02
7.390000000000000000e+02 7.100000000000000000e+02
7.380000000000000000e+02 7.090000000000000000e+02
7.390000000000000000e+02 7.080000000000000000e+02
7.400000000000000000e+02 7.100000000000000000e+02
7.390000000000000000e+02 7.110000000000000000e+02
7.390000000000000000e+02 7.110000000000000000e+02
7.390000000000000000e+02 7.110000000000000000e+02
7.390000000000000000e+02 7.110000000000000000e+02
7.390000000000000000e+02 7.110000000000000000e+02
7.390000000000000000e+02 7.110000000000000000e+02
7.380000000000000000e+02 7.110000000000000000e+02
7.370000000000000000e+02 7.110000000000000000e+02
7.370000000000000000e+02 7.110000000000000000e+02
7.380000000000000000e+02 7.110000000000000000e+02
7.370000000000000000e+02 7.110000000000000000e+02
7.360000000000000000e+02 7.120000000000000000e+02
7.360000000000000000e+02 7.110000000000000000e+02
7.350000000000000000e+02 7.130000000000000000e+02
7.370000000000000000e+02 7.130000000000000000e+02
7.360000000000000000e+02 7.120000000000000000e+02
7.360000000000000000e+02 7.120000000000000000e+02
7.350000000000000000e+02 7.110000000000000000e+02
7.340000000000000000e+02 7.110000000000000000e+02
7.340000000000000000e+02 7.110000000000000000e+02
7.330000000000000000e+02 7.110000000000000000e+02
7.330000000000000000e+02 7.110000000000000000e+02
7.330000000000000000e+02 7.100000000000000000e+02
7.340000000000000000e+02 7.100000000000000000e+02
7.340000000000000000e+02 7.100000000000000000e+02
7.330000000000000000e+02 7.090000000000000000e+02
