# frames 101, center=[737, 705], duration=[800, 900], video=browniano sol 2_0
7.370000000000000000e+02 7.050000000000000000e+02
7.370000000000000000e+02 7.050000000000000000e+02
7.370000000000000000e+02 7.050000000000000000e+02
7.370000000000000000e+02 7.050000000000000000e+02
7.360000000000000000e+02 7.060000000000000000e+02
7.360000000000000000e+02 7.060000000000000000e+02
7.350000000000000000e+02 7.070000000000000000e+02
7.360000000000000000e+02 7.060000000000000000e+02
7.350000000000000000e+02 7.070000000000000000e+02
7.360000000000000000e+02 7.060000000000000000e+02
7.350000000000000000e+02 7.070000000000000000e+02
7.350000000000000000e+02 7.070000000000000000e+02
7.360000000000000000e+02 7.070000000000000000e+02
7.370000000000000000e+02 7.070000000000000000e+02
7.370000000000000000e+02 7.070000000000000000e+02
7.370000000000000000e+02 7.080000000000000000e+02
7.370000000000000000e+02 7.070000000000000000e+02
7.360000000000000000e+02 7.060000000000000000e+02
7.370000000000000000e+02 7.050000000000000000e+02
7.370000000000000000e+02 7.050000000000000000e+02
7.370000000000000000e+02 7.050000000000000000e+02
7.370000000000000000e+02 7.050000000000000000e+02
7.360000000000000000e+02 7.040000000000000000e+02
7.370000000000000000e+02 7.050000000000000000e+02
7.360000000000000000e+02 7.050000000000000000e+02
7.360000000000000000e+02 7.050000000000000000e+02
7.350000000000000000e+02 7.060000000000000000e+02
7.350000000000000000e+02 7.070000000000000000e+02
7.350000000000000000e+02 7.070000000000000000e+02
7.360000000000000000e+02 7.060000000000000000e+02
7.370000000000000000e+02 7.050000000000000000e+02
7.370000000000000000e+02 7.050000000000000000e+02
7.370000000000000000e+02 7.050000000000000000e+02
7.370000000000000000e+02 7.060000000000000000e+02
7.370000000000000000e+02 7.050000000000000000e+02
7.380000000000000000e+02 7.050000000000000000e+02
7.390000000000000000e+02 7.040000000000000000e+02
7.390000000000000000e+02 7.040000000000000000e+02
7.400000000000000000e+02 7.040000000000000000e+02
7.400000000000000000e+02 7.040000000000000000e+02
7.400000000000000000e+02 7.040000000000000000e+02
7.400000000000000000e+02 7.040000000000000000e+02
7.410000000000000000e+02 7.050000000000000000e+02
7.410000000000000000e+02 7.050000000000000000e+02
7.410000000000000000e+02 7.040000000000000000e+02
7.410000000000000000e+02 7.050000000000000000e+02
7.420000000000000000e+02 7.060000000000000000e+02
7.420000000000000000e+02 7.060000000000000000e+02
7.410000000000000000e+02 7.060000000000000000e+02
7.410000000000000000e+02 7.060000000000000000e+02
7.410000000000000000e+02 7.060000000000000000e+02
7.430000000000000000e+02 7.060000000000000000e+02
7.410000000000000000e+02 7.070000000000000000e+02
7.420000000000000000e+02 7.070000000000000000e+02
7.420000000000000000e+02 7.070000000000000000e+02
7.420000000000000000e+02 7.080000000000000000e+02
7.420000000000000000e+02 7.080000000000000000e+02
7.410000000000000000e+02 7.070000000000000000e+02
7.410000000000000000e+02 7.070000000000000000e+02
7.410000000000000000e+02 7.070000000000000000e+02
7.410000000000000000e+02 7.070000000000000000e+02
7.400000000000000000e+02 7.080000000000000000e+02
7.390000000000000000e+02 7.080000000000000000e+02
7.390000000000000000e+02 7.070000000000000000e+02
7.370000000000000000e+02 7.070000000000000000e+02
7.370000000000000000e+02 7.060000000000000000e+02
7.390000000000000000e+02 7.070000000000000000e+02
7.380000000000000000e+02 7.070000000000000000e+02
7.380000000000000000e+02 7.070000000000000000e+02
7.390000000000000000e+02 7.070000000000000000e+02
7.380000000000000000e+02 7.060000000000000000e+02
7.380000000000000000e+02 7.060000000000000000e+02
7.380000000000000000e+02 7.060000000000000000e+02
7.390000000000000000e+02 7.060000000000000000e+02
7.390000000000000000e+02 7.060000000000000000e+02
7.380000000000000000e+02 7.060000000000000000e+02
7.390000000000000000e+02 7.050000000000000000e+02
7.390000000000000000e+02 7.050000000000000000e+02
7.390000000000000000e+02 7.060000000000000000e+02
7.390000000000000000e+02 7.060000000000000000e+02
7.390000000000000000e+02 7.060000000000000000e+02
7.390000000000000000e+02 7.060000000000000000e+02
7.390000000000000000e+02 7.050000000000000000e+02
7.380000000000000000e+02 7.050000000000000000e+02
7.370000000000000000e+02 7.050000000000000000e+02
7.370000000000000000e+02 7.050000000000000000e+02
7.370000000000000000e+02 7.050000000000000000e+02
7.370000000000000000e+02 7.050000000000000000e+02
7.370000000000000000e+02 7.050000000000000000e+02
7.370000000000000000e+02 7.060000000000000000e+02
7.370000000000000000e+02 7.050000000000000000e+02
7.390000000000000000e+02 7.030000000000000000e+02
7.390000000000000000e+02 7.030000000000000000e+02
7.390000000000000000e+02 7.030000000000000000e+02
7.390000000000000000e+02 7.020000000000000000e+02
7.390000000000000000e+02 7.020000000000000000e+02
7.380000000000000000e+02 7.020000000000000000e+02
7.380000000000000000e+02 7.020000000000000000e+02
7.370000000000000000e+02 7.010000000000000000e+02
7.370000000000000000e+02 7.020000000000000000e+02
7.370000000000000000e+02 7.020000000000000000e+02
