# frames 101, center=[732, 711], duration=[200, 300], video=browniano sol 2_0
7.320000000000000000e+02 7.110000000000000000e+02
7.320000000000000000e+02 7.110000000000000000e+02
7.320000000000000000e+02 7.110000000000000000e+02
7.330000000000000000e+02 7.120000000000000000e+02
7.330000000000000000e+02 7.120000000000000000e+02
7.330000000000000000e+02 7.120000000000000000e+02
7.330000000000000000e+02 7.120000000000000000e+02
7.320000000000000000e+02 7.120000000000000000e+02
7.320000000000000000e+02 7.120000000000000000e+02
7.340000000000000000e+02 7.120000000000000000e+02
7.330000000000000000e+02 7.120000000000000000e+02
7.330000000000000000e+02 7.120000000000000000e+02
7.340000000000000000e+02 7.130000000000000000e+02
7.330000000000000000e+02 7.130000000000000000e+02
7.340000000000000000e+02 7.120000000000000000e+02
7.350000000000000000e+02 7.120000000000000000e+02
7.340000000000000000e+02 7.120000000000000000e+02
7.350000000000000000e+02 7.120000000000000000e+02
7.360000000000000000e+02 7.110000000000000000e+02
7.360000000000000000e+02 7.110000000000000000e+02
7.360000000000000000e+02 7.120000000000000000e+02
7.360000000000000000e+02 7.110000000000000000e+02
7.340000000000000000e+02 7.100000000000000000e+02
7.350000000000000000e+02 7.100000000000000000e+02
7.340000000000000000e+02 7.090000000000000000e+02
7.350000000000000000e+02 7.080000000000000000e+02
7.360000000000000000e+02 7.090000000000000000e+02
7.370000000000000000e+02 7.090000000000000000e+02
7.370000000000000000e+02 7.100000000000000000e+02
7.370000000000000000e+02 7.100000000000000000e+02
7.370000000000000000e+02 7.090000000000000000e+02
7.370000000000000000e+02 7.100000000000000000e+02
7.380000000000000000e+02 7.090000000000000000e+02
7.390000000000000000e+02 7.090000000000000000e+02
7.390000000000000000e+02 7.100000000000000000e+02
7.400000000000000000e+02 7.100000000000000000e+02
7.400000000000000000e+02 7.100000000000000000e+02
7.390000000000000000e+02 7.100000000000000000e+02
7.390000000000000000e+02 7.110000000000000000e+02
7.390000000000000000e+02 7.110000000000000000e+02
7.400000000000000000e+02 7.100000000000000000e+02
7.410000000000000000e+02 7.080000000000000000e+02
7.420000000000000000e+02 7.080000000000000000e+02
7.420000000000000000e+02 7.080000000000000000e+02
7.420000000000000000e+02 7.060000000000000000e+02
7.420000000000000000e+02 7.060000000000000000e+02
7.420000000000000000e+02 7.060000000000000000e+02
7.420000000000000000e+02 7.050000000000000000e+02
7.420000000000000000e+02 7.050000000000000000e+02
7.420000000000000000e+02 7.050000000000000000e+02
7.420000000000000000e+02 7.050000000000000000e+02
7.430000000000000000e+02 7.040000000000000000e+02
7.420000000000000000e+02 7.040000000000000000e+02
7.420000000000000000e+02 7.030000000000000000e+02
7.440000000000000000e+02 7.030000000000000000e+02
7.430000000000000000e+02 7.030000000000000000e+02
7.440000000000000000e+02 7.040000000000000000e+02
7.440000000000000000e+02 7.040000000000000000e+02
7.430000000000000000e+02 7.040000000000000000e+02
7.420000000000000000e+02 7.050000000000000000e+02
7.440000000000000000e+02 7.050000000000000000e+02
7.440000000000000000e+02 7.040000000000000000e+02
7.430000000000000000e+02 7.040000000000000000e+02
7.430000000000000000e+02 7.050000000000000000e+02
7.430000000000000000e+02 7.050000000000000000e+02
7.440000000000000000e+02 7.060000000000000000e+02
7.430000000000000000e+02 7.050000000000000000e+02
7.440000000000000000e+02 7.030000000000000000e+02
7.430000000000000000e+02 7.040000000000000000e+02
7.440000000000000000e+02 7.030000000000000000e+02
7.440000000000000000e+02 7.030000000000000000e+02
7.450000000000000000e+02 7.020000000000000000e+02
7.460000000000000000e+02 7.020000000000000000e+02
7.460000000000000000e+02 7.020000000000000000e+02
7.460000000000000000e+02 7.030000000000000000e+02
7.450000000000000000e+02 7.030000000000000000e+02
7.450000000000000000e+02 7.030000000000000000e+02
7.460000000000000000e+02 7.030000000000000000e+02
7.450000000000000000e+02 7.030000000000000000e+02
7.460000000000000000e+02 7.040000000000000000e+02
7.450000000000000000e+02 7.030000000000000000e+02
7.450000000000000000e+02 7.040000000000000000e+02
7.460000000000000000e+02 7.030000000000000000e+02
7.460000000000000000e+02 7.030000000000000000e+02
7.460000000000000000e+02 7.030000000000000000e+02
7.460000000000000000e+02 7.030000000000000000e+02
7.450000000000000000e+02 7.030000000000000000e+02
7.460000000000000000e+02 7.030000000000000000e+02
7.460000000000000000e+02 7.050000000000000000e+02
7.470000000000000000e+02 7.040000000000000000e+02
7.470000000000000000e+02 7.040000000000000000e+02
7.460000000000000000e+02 7.030000000000000000e+02
7.460000000000000000e+02 7.040000000000000000e+02
7.460000000000000000e+02 7.030000000000000000e+02
7.470000000000000000e+02 7.040000000000000000e+02
7.470000000000000000e+02 7.040000000000000000e+02
7.460000000000000000e+02 7.040000000000000000e+02
7.470000000000000000e+02 7.040000000000000000e+02
7.460000000000000000e+02 7.040000000000000000e+02
7.460000000000000000e+02 7.030000000000000000e+02
7.460000000000000000e+02 7.030000000000000000e+02
