# frames 101, center=[737, 703], duration=[900, 1000], video=browniano sol 2_0
7.370000000000000000e+02 7.030000000000000000e+02
7.370000000000000000e+02 7.030000000000000000e+02
7.370000000000000000e+02 7.030000000000000000e+02
7.380000000000000000e+02 7.030000000000000000e+02
7.370000000000000000e+02 7.020000000000000000e+02
7.370000000000000000e+02 7.020000000000000000e+02
7.380000000000000000e+02 7.020000000000000000e+02
7.370000000000000000e+02 7.010000000000000000e+02
7.380000000000000000e+02 7.020000000000000000e+02
7.370000000000000000e+02 7.020000000000000000e+02
7.360000000000000000e+02 7.020000000000000000e+02
7.360000000000000000e+02 7.010000000000000000e+02
7.360000000000000000e+02 7.010000000000000000e+02
7.350000000000000000e+02 7.010000000000000000e+02
7.360000000000000000e+02 7.010000000000000000e+02
7.350000000000000000e+02 7.020000000000000000e+02
7.340000000000000000e+02 7.020000000000000000e+02
7.340000000000000000e+02 7.010000000000000000e+02
7.330000000000000000e+02 7.010000000000000000e+02
7.330000000000000000e+02 7.010000000000000000e+02
7.330000000000000000e+02 7.010000000000000000e+02
7.340000000000000000e+02 7.010000000000000000e+02
7.340000000000000000e+02 7.010000000000000000e+02
7.340000000000000000e+02 7.020000000000000000e+02
7.340000000000000000e+02 7.020000000000000000e+02
7.340000000000000000e+02 7.020000000000000000e+02
7.340000000000000000e+02 7.020000000000000000e+02
7.330000000000000000e+02 7.020000000000000000e+02
7.330000000000000000e+02 7.020000000000000000e+02
7.330000000000000000e+02 7.020000000000000000e+02
7.330000000000000000e+02 7.020000000000000000e+02
7.330000000000000000e+02 7.010000000000000000e+02
7.330000000000000000e+02 7.010000000000000000e+02
7.330000000000000000e+02 7.010000000000000000e+02
7.330000000000000000e+02 7.000000000000000000e+02
7.330000000000000000e+02 7.000000000000000000e+02
7.330000000000000000e+02 6.980000000000000000e+02
7.340000000000000000e+02 6.980000000000000000e+02
7.320000000000000000e+02 6.990000000000000000e+02
7.320000000000000000e+02 6.990000000000000000e+02
7.330000000000000000e+02 6.990000000000000000e+02
7.330000000000000000e+02 6.980000000000000000e+02
7.340000000000000000e+02 6.990000000000000000e+02
7.340000000000000000e+02 6.980000000000000000e+02
7.330000000000000000e+02 6.980000000000000000e+02
7.310000000000000000e+02 6.980000000000000000e+02
7.310000000000000000e+02 6.980000000000000000e+02
7.310000000000000000e+02 6.980000000000000000e+02
7.300000000000000000e+02 6.980000000000000000e+02
7.290000000000000000e+02 6.970000000000000000e+02
7.280000000000000000e+02 6.980000000000000000e+02
7.290000000000000000e+02 6.990000000000000000e+02
7.290000000000000000e+02 6.980000000000000000e+02
7.280000000000000000e+02 6.970000000000000000e+02
7.280000000000000000e+02 6.960000000000000000e+02
7.280000000000000000e+02 6.960000000000000000e+02
7.280000000000000000e+02 6.960000000000000000e+02
7.280000000000000000e+02 6.960000000000000000e+02
7.280000000000000000e+02 6.960000000000000000e+02
7.280000000000000000e+02 6.960000000000000000e+02
7.280000000000000000e+02 6.960000000000000000e+02
7.280000000000000000e+02 6.960000000000000000e+02
7.270000000000000000e+02 6.950000000000000000e+02
7.280000000000000000e+02 6.950000000000000000e+02
7.270000000000000000e+02 6.960000000000000000e+02
7.270000000000000000e+02 6.960000000000000000e+02
7.270000000000000000e+02 6.950000000000000000e+02
7.270000000000000000e+02 6.950000000000000000e+02
7.280000000000000000e+02 6.940000000000000000e+02
7.280000000000000000e+02 6.940000000000000000e+02
7.290000000000000000e+02 6.940000000000000000e+02
7.290000000000000000e+02 6.930000000000000000e+02
7.290000000000000000e+02 6.940000000000000000e+02
7.290000000000000000e+02 6.950000000000000000e+02
7.290000000000000000e+02 6.960000000000000000e+02
7.300000000000000000e+02 6.960000000000000000e+02
7.290000000000000000e+02 6.950000000000000000e+02
7.290000000000000000e+02 6.950000000000000000e+02
7.290000000000000000e+02 6.950000000000000000e+02
7.290000000000000000e+02 6.950000000000000000e+02
7.300000000000000000e+02 6.940000000000000000e+02
7.290000000000000000e+02 6.950000000000000000e+02
7.290000000000000000e+02 6.940000000000000000e+02
7.290000000000000000e+02 6.940000000000000000e+02
7.300000000000000000e+02 6.940000000000000000e+02
7.300000000000000000e+02 6.940000000000000000e+02
7.300000000000000000e+02 6.930000000000000000e+02
7.300000000000000000e+02 6.930000000000000000e+02
7.310000000000000000e+02 6.930000000000000000e+02
7.320000000000000000e+02 6.920000000000000000e+02
7.320000000000000000e+02 6.920000000000000000e+02
7.320000000000000000e+02 6.920000000000000000e+02
7.340000000000000000e+02 6.920000000000000000e+02
7.340000000000000000e+02 6.920000000000000000e+02
7.340000000000000000e+02 6.920000000000000000e+02
7.340000000000000000e+02 6.910000000000000000e+02
7.340000000000000000e+02 6.910000000000000000e+02
7.330000000000000000e+02 6.910000000000000000e+02
7.330000000000000000e+02 6.910000000000000000e+02
7.330000000000000000e+02 6.910000000000000000e+02
7.320000000000000000e+02 6.910000000000000000e+02
