# frames 101, center=[732, 691], duration=[1000, 1100], video=browniano sol 2_0
7.320000000000000000e+02 6.910000000000000000e+02
7.320000000000000000e+02 6.910000000000000000e+02
7.320000000000000000e+02 6.910000000000000000e+02
7.320000000000000000e+02 6.910000000000000000e+02
7.320000000000000000e+02 6.900000000000000000e+02
7.320000000000000000e+02 6.900000000000000000e+02
7.320000000000000000e+02 6.900000000000000000e+02
7.310000000000000000e+02 6.900000000000000000e+02
7.310000000000000000e+02 6.900000000000000000e+02
7.310000000000000000e+02 6.890000000000000000e+02
7.310000000000000000e+02 6.900000000000000000e+02
7.300000000000000000e+02 6.890000000000000000e+02
7.310000000000000000e+02 6.890000000000000000e+02
7.310000000000000000e+02 6.900000000000000000e+02
7.300000000000000000e+02 6.900000000000000000e+02
7.310000000000000000e+02 6.900000000000000000e+02
7.310000000000000000e+02 6.920000000000000000e+02
7.300000000000000000e+02 6.910000000000000000e+02
7.300000000000000000e+02 6.910000000000000000e+02
7.300000000000000000e+02 6.910000000000000000e+02
7.300000000000000000e+02 6.910000000000000000e+02
7.310000000000000000e+02 6.920000000000000000e+02
7.320000000000000000e+02 6.910000000000000000e+02
7.320000000000000000e+02 6.900000000000000000e+02
7.310000000000000000e+02 6.910000000000000000e+02
7.300000000000000000e+02 6.910000000000000000e+02
7.310000000000000000e+02 6.920000000000000000e+02
7.300000000000000000e+02 6.910000000000000000e+02
7.310000000000000000e+02 6.920000000000000000e+02
7.300000000000000000e+02 6.920000000000000000e+02
7.300000000000000000e+02 6.920000000000000000e+02
7.290000000000000000e+02 6.920000000000000000e+02
7.290000000000000000e+02 6.920000000000000000e+02
7.300000000000000000e+02 6.910000000000000000e+02
7.300000000000000000e+02 6.910000000000000000e+02
7.310000000000000000e+02 6.900000000000000000e+02
7.310000000000000000e+02 6.910000000000000000e+02
7.320000000000000000e+02 6.910000000000000000e+02
7.320000000000000000e+02 6.910000000000000000e+02
7.320000000000000000e+02 6.910000000000000000e+02
7.330000000000000000e+02 6.910000000000000000e+02
7.330000000000000000e+02 6.910000000000000000e+02
7.320000000000000000e+02 6.910000000000000000e+02
7.320000000000000000e+02 6.910000000000000000e+02
7.310000000000000000e+02 6.920000000000000000e+02
7.310000000000000000e+02 6.920000000000000000e+02
7.310000000000000000e+02 6.920000000000000000e+02
7.310000000000000000e+02 6.920000000000000000e+02
7.310000000000000000e+02 6.920000000000000000e+02
7.320000000000000000e+02 6.920000000000000000e+02
7.320000000000000000e+02 6.920000000000000000e+02
7.320000000000000000e+02 6.920000000000000000e+02
7.320000000000000000e+02 6.920000000000000000e+02
7.320000000000000000e+02 6.920000000000000000e+02
7.320000000000000000e+02 6.920000000000000000e+02
7.330000000000000000e+02 6.920000000000000000e+02
7.340000000000000000e+02 6.910000000000000000e+02
7.330000000000000000e+02 6.910000000000000000e+02
7.340000000000000000e+02 6.910000000000000000e+02
7.330000000000000000e+02 6.920000000000000000e+02
7.330000000000000000e+02 6.920000000000000000e+02
7.330000000000000000e+02 6.920000000000000000e+02
7.330000000000000000e+02 6.930000000000000000e+02
7.320000000000000000e+02 6.930000000000000000e+02
7.320000000000000000e+02 6.930000000000000000e+02
7.320000000000000000e+02 6.940000000000000000e+02
7.320000000000000000e+02 6.930000000000000000e+02
7.320000000000000000e+02 6.950000000000000000e+02
7.320000000000000000e+02 6.950000000000000000e+02
7.330000000000000000e+02 6.950000000000000000e+02
7.330000000000000000e+02 6.940000000000000000e+02
7.330000000000000000e+02 6.940000000000000000e+02
7.340000000000000000e+02 6.940000000000000000e+02
7.330000000000000000e+02 6.940000000000000000e+02
7.330000000000000000e+02 6.940000000000000000e+02
7.330000000000000000e+02 6.940000000000000000e+02
7.330000000000000000e+02 6.940000000000000000e+02
7.340000000000000000e+02 6.940000000000000000e+02
7.330000000000000000e+02 6.940000000000000000e+02
7.330000000000000000e+02 6.940000000000000000e+02
7.330000000000000000e+02 6.940000000000000000e+02
7.320000000000000000e+02 6.930000000000000000e+02
7.330000000000000000e+02 6.940000000000000000e+02
7.320000000000000000e+02 6.930000000000000000e+02
7.320000000000000000e+02 6.930000000000000000e+02
7.320000000000000000e+02 6.930000000000000000e+02
7.320000000000000000e+02 6.930000000000000000e+02
7.320000000000000000e+02 6.940000000000000000e+02
7.330000000000000000e+02 6.930000000000000000e+02
7.320000000000000000e+02 6.930000000000000000e+02
7.340000000000000000e+02 6.930000000000000000e+02
7.340000000000000000e+02 6.930000000000000000e+02
7.320000000000000000e+02 6.930000000000000000e+02
7.330000000000000000e+02 6.940000000000000000e+02
7.330000000000000000e+02 6.950000000000000000e+02
7.330000000000000000e+02 6.960000000000000000e+02
7.330000000000000000e+02 6.950000000000000000e+02
7.330000000000000000e+02 6.960000000000000000e+02
7.320000000000000000e+02 6.950000000000000000e+02
7.340000000000000000e+02 6.950000000000000000e+02
7.330000000000000000e+02 6.940000000000000000e+02
