# frames 101, center=[742, 694], duration=[500, 600], video=browniano sol 2_0
7.420000000000000000e+02 6.940000000000000000e+02
7.420000000000000000e+02 6.940000000000000000e+02
7.420000000000000000e+02 6.940000000000000000e+02
7.420000000000000000e+02 6.940000000000000000e+02
7.420000000000000000e+02 6.950000000000000000e+02
7.420000000000000000e+02 6.960000000000000000e+02
7.430000000000000000e+02 6.960000000000000000e+02
7.420000000000000000e+02 6.960000000000000000e+02
7.430000000000000000e+02 6.950000000000000000e+02
7.420000000000000000e+02 6.950000000000000000e+02
7.430000000000000000e+02 6.950000000000000000e+02
7.430000000000000000e+02 6.950000000000000000e+02
7.420000000000000000e+02 6.940000000000000000e+02
7.420000000000000000e+02 6.940000000000000000e+02
7.430000000000000000e+02 6.940000000000000000e+02
7.420000000000000000e+02 6.930000000000000000e+02
7.420000000000000000e+02 6.940000000000000000e+02
7.420000000000000000e+02 6.930000000000000000e+02
7.420000000000000000e+02 6.920000000000000000e+02
7.410000000000000000e+02 6.910000000000000000e+02
7.410000000000000000e+02 6.910000000000000000e+02
7.410000000000000000e+02 6.910000000000000000e+02
7.410000000000000000e+02 6.910000000000000000e+02
7.410000000000000000e+02 6.910000000000000000e+02
7.410000000000000000e+02 6.920000000000000000e+02
7.410000000000000000e+02 6.910000000000000000e+02
7.410000000000000000e+02 6.900000000000000000e+02
7.410000000000000000e+02 6.900000000000000000e+02
7.420000000000000000e+02 6.900000000000000000e+02
7.400000000000000000e+02 6.900000000000000000e+02
7.390000000000000000e+02 6.910000000000000000e+02
7.390000000000000000e+02 6.910000000000000000e+02
7.380000000000000000e+02 6.920000000000000000e+02
7.380000000000000000e+02 6.920000000000000000e+02
7.380000000000000000e+02 6.920000000000000000e+02
7.380000000000000000e+02 6.920000000000000000e+02
7.380000000000000000e+02 6.920000000000000000e+02
7.370000000000000000e+02 6.920000000000000000e+02
7.380000000000000000e+02 6.920000000000000000e+02
7.380000000000000000e+02 6.930000000000000000e+02
7.380000000000000000e+02 6.940000000000000000e+02
7.380000000000000000e+02 6.940000000000000000e+02
7.380000000000000000e+02 6.940000000000000000e+02
7.400000000000000000e+02 6.940000000000000000e+02
7.400000000000000000e+02 6.940000000000000000e+02
7.400000000000000000e+02 6.950000000000000000e+02
7.410000000000000000e+02 6.950000000000000000e+02
7.410000000000000000e+02 6.950000000000000000e+02
7.410000000000000000e+02 6.960000000000000000e+02
7.400000000000000000e+02 6.960000000000000000e+02
7.400000000000000000e+02 6.960000000000000000e+02
7.400000000000000000e+02 6.960000000000000000e+02
7.410000000000000000e+02 6.970000000000000000e+02
7.420000000000000000e+02 6.970000000000000000e+02
7.420000000000000000e+02 6.960000000000000000e+02
7.420000000000000000e+02 6.970000000000000000e+02
7.420000000000000000e+02 6.970000000000000000e+02
7.420000000000000000e+02 6.970000000000000000e+02
7.420000000000000000e+02 6.980000000000000000e+02
7.430000000000000000e+02 6.970000000000000000e+02
7.420000000000000000e+02 6.980000000000000000e+02
7.420000000000000000e+02 6.980000000000000000e+02
7.420000000000000000e+02 6.980000000000000000e+02
7.420000000000000000e+02 6.990000000000000000e+02
7.420000000000000000e+02 6.980000000000000000e+02
7.410000000000000000e+02 6.970000000000000000e+02
7.420000000000000000e+02 6.990000000000000000e+02
7.410000000000000000e+02 6.990000000000000000e+02
7.400000000000000000e+02 6.990000000000000000e+02
7.400000000000000000e+02 6.990000000000000000e+02
7.420000000000000000e+02 7.000000000000000000e+02
7.420000000000000000e+02 6.990000000000000000e+02
7.410000000000000000e+02 6.990000000000000000e+02
7.410000000000000000e+02 6.980000000000000000e+02
7.400000000000000000e+02 6.980000000000000000e+02
7.390000000000000000e+02 6.960000000000000000e+02
7.390000000000000000e+02 6.970000000000000000e+02
7.380000000000000000e+02 6.970000000000000000e+02
7.380000000000000000e+02 6.980000000000000000e+02
7.380000000000000000e+02 6.980000000000000000e+02
7.380000000000000000e+02 6.980000000000000000e+02
7.380000000000000000e+02 6.980000000000000000e+02
7.390000000000000000e+02 6.970000000000000000e+02
7.380000000000000000e+02 6.970000000000000000e+02
7.380000000000000000e+02 6.970000000000000000e+02
7.380000000000000000e+02 6.960000000000000000e+02
7.380000000000000000e+02 6.970000000000000000e+02
7.380000000000000000e+02 6.960000000000000000e+02
7.390000000000000000e+02 6.970000000000000000e+02
7.390000000000000000e+02 6.970000000000000000e+02
7.380000000000000000e+02 6.960000000000000000e+02
7.380000000000000000e+02 6.960000000000000000e+02
7.380000000000000000e+02 6.970000000000000000e+02
7.390000000000000000e+02 6.980000000000000000e+02
7.380000000000000000e+02 6.980000000000000000e+02
7.380000000000000000e+02 6.980000000000000000e+02
7.380000000000000000e+02 6.970000000000000000e+02
7.380000000000000000e+02 6.970000000000000000e+02
7.380000000000000000e+02 6.960000000000000000e+02
7.380000000000000000e+02 6.960000000000000000e+02
7.380000000000000000e+02 6.960000000000000000e+02
