# frames 101, center=[742, 694], duration=[700, 800], video=browniano sol 2_0
7.420000000000000000e+02 6.940000000000000000e+02
7.420000000000000000e+02 6.940000000000000000e+02
7.420000000000000000e+02 6.940000000000000000e+02
7.420000000000000000e+02 6.950000000000000000e+02
7.410000000000000000e+02 6.950000000000000000e+02
7.410000000000000000e+02 6.950000000000000000e+02
7.400000000000000000e+02 6.950000000000000000e+02
7.390000000000000000e+02 6.950000000000000000e+02
7.400000000000000000e+02 6.970000000000000000e+02
7.390000000000000000e+02 6.970000000000000000e+02
7.380000000000000000e+02 6.960000000000000000e+02
7.390000000000000000e+02 6.970000000000000000e+02
7.390000000000000000e+02 6.990000000000000000e+02
7.390000000000000000e+02 6.990000000000000000e+02
7.400000000000000000e+02 6.990000000000000000e+02
7.400000000000000000e+02 6.990000000000000000e+02
7.380000000000000000e+02 6.980000000000000000e+02
7.380000000000000000e+02 6.980000000000000000e+02
7.380000000000000000e+02 6.980000000000000000e+02
7.380000000000000000e+02 6.980000000000000000e+02
7.400000000000000000e+02 6.980000000000000000e+02
7.400000000000000000e+02 6.980000000000000000e+02
7.390000000000000000e+02 6.980000000000000000e+02
7.380000000000000000e+02 6.980000000000000000e+02
7.370000000000000000e+02 7.000000000000000000e+02
7.370000000000000000e+02 6.990000000000000000e+02
7.380000000000000000e+02 7.000000000000000000e+02
7.380000000000000000e+02 7.000000000000000000e+02
7.390000000000000000e+02 7.010000000000000000e+02
7.390000000000000000e+02 7.010000000000000000e+02
7.400000000000000000e+02 7.010000000000000000e+02
7.400000000000000000e+02 7.000000000000000000e+02
7.400000000000000000e+02 7.000000000000000000e+02
7.400000000000000000e+02 7.000000000000000000e+02
7.420000000000000000e+02 7.000000000000000000e+02
7.400000000000000000e+02 7.000000000000000000e+02
7.400000000000000000e+02 7.000000000000000000e+02
7.390000000000000000e+02 7.000000000000000000e+02
7.390000000000000000e+02 7.000000000000000000e+02
7.380000000000000000e+02 7.000000000000000000e+02
7.380000000000000000e+02 7.000000000000000000e+02
7.380000000000000000e+02 6.990000000000000000e+02
7.370000000000000000e+02 7.010000000000000000e+02
7.380000000000000000e+02 7.010000000000000000e+02
7.380000000000000000e+02 7.010000000000000000e+02
7.370000000000000000e+02 7.010000000000000000e+02
7.370000000000000000e+02 7.000000000000000000e+02
7.380000000000000000e+02 7.000000000000000000e+02
7.360000000000000000e+02 7.010000000000000000e+02
7.360000000000000000e+02 7.010000000000000000e+02
7.360000000000000000e+02 7.010000000000000000e+02
7.350000000000000000e+02 7.010000000000000000e+02
7.350000000000000000e+02 7.010000000000000000e+02
7.350000000000000000e+02 7.020000000000000000e+02
7.360000000000000000e+02 7.020000000000000000e+02
7.360000000000000000e+02 7.020000000000000000e+02
7.350000000000000000e+02 7.010000000000000000e+02
7.350000000000000000e+02 7.010000000000000000e+02
7.340000000000000000e+02 7.010000000000000000e+02
7.340000000000000000e+02 7.010000000000000000e+02
7.340000000000000000e+02 7.000000000000000000e+02
7.340000000000000000e+02 6.990000000000000000e+02
7.350000000000000000e+02 7.000000000000000000e+02
7.360000000000000000e+02 7.000000000000000000e+02
7.370000000000000000e+02 7.000000000000000000e+02
7.370000000000000000e+02 7.010000000000000000e+02
7.370000000000000000e+02 7.010000000000000000e+02
7.380000000000000000e+02 7.010000000000000000e+02
7.370000000000000000e+02 7.010000000000000000e+02
7.370000000000000000e+02 7.020000000000000000e+02
7.370000000000000000e+02 7.030000000000000000e+02
7.370000000000000000e+02 7.030000000000000000e+02
7.370000000000000000e+02 7.030000000000000000e+02
7.360000000000000000e+02 7.030000000000000000e+02
7.370000000000000000e+02 7.020000000000000000e+02
7.370000000000000000e+02 7.020000000000000000e+02
7.380000000000000000e+02 7.030000000000000000e+02
7.380000000000000000e+02 7.030000000000000000e+02
7.380000000000000000e+02 7.030000000000000000e+02
7.380000000000000000e+02 7.030000000000000000e+02
7.380000000000000000e+02 7.040000000000000000e+02
7.380000000000000000e+02 7.020000000000000000e+02
7.370000000000000000e+02 7.020000000000000000e+02
7.370000000000000000e+02 7.030000000000000000e+02
7.370000000000000000e+02 7.030000000000000000e+02
7.360000000000000000e+02 7.030000000000000000e+02
7.360000000000000000e+02 7.030000000000000000e+02
7.350000000000000000e+02 7.020000000000000000e+02
7.350000000000000000e+02 7.020000000000000000e+02
7.360000000000000000e+02 7.010000000000000000e+02
7.370000000000000000e+02 7.010000000000000000e+02
7.360000000000000000e+02 7.020000000000000000e+02
7.370000000000000000e+02 7.010000000000000000e+02
7.370000000000000000e+02 7.010000000000000000e+02
7.370000000000000000e+02 7.010000000000000000e+02
7.370000000000000000e+02 7.010000000000000000e+02
7.380000000000000000e+02 7.020000000000000000e+02
7.370000000000000000e+02 7.010000000000000000e+02
7.380000000000000000e+02 7.020000000000000000e+02
7.380000000000000000e+02 7.030000000000000000e+02
7.380000000000000000e+02 7.030000000000000000e+02
