# frames 101, center=[729, 736], duration=[0, 100], video=browniano sol 2_0
7.290000000000000000e+02 7.360000000000000000e+02
7.290000000000000000e+02 7.360000000000000000e+02
7.290000000000000000e+02 7.360000000000000000e+02
7.290000000000000000e+02 7.360000000000000000e+02
7.310000000000000000e+02 7.350000000000000000e+02
7.300000000000000000e+02 7.330000000000000000e+02
7.300000000000000000e+02 7.330000000000000000e+02
7.300000000000000000e+02 7.330000000000000000e+02
7.290000000000000000e+02 7.330000000000000000e+02
7.290000000000000000e+02 7.320000000000000000e+02
7.290000000000000000e+02 7.320000000000000000e+02
7.270000000000000000e+02 7.300000000000000000e+02
7.280000000000000000e+02 7.310000000000000000e+02
7.290000000000000000e+02 7.310000000000000000e+02
7.280000000000000000e+02 7.330000000000000000e+02
7.280000000000000000e+02 7.320000000000000000e+02
7.290000000000000000e+02 7.320000000000000000e+02
7.290000000000000000e+02 7.320000000000000000e+02
7.300000000000000000e+02 7.310000000000000000e+02
7.300000000000000000e+02 7.310000000000000000e+02
7.300000000000000000e+02 7.310000000000000000e+02
7.310000000000000000e+02 7.320000000000000000e+02
7.320000000000000000e+02 7.310000000000000000e+02
7.320000000000000000e+02 7.310000000000000000e+02
7.320000000000000000e+02 7.310000000000000000e+02
7.320000000000000000e+02 7.310000000000000000e+02
7.310000000000000000e+02 7.320000000000000000e+02
7.300000000000000000e+02 7.320000000000000000e+02
7.300000000000000000e+02 7.310000000000000000e+02
7.310000000000000000e+02 7.300000000000000000e+02
7.310000000000000000e+02 7.300000000000000000e+02
7.300000000000000000e+02 7.300000000000000000e+02
7.300000000000000000e+02 7.290000000000000000e+02
7.300000000000000000e+02 7.290000000000000000e+02
7.310000000000000000e+02 7.290000000000000000e+02
7.310000000000000000e+02 7.290000000000000000e+02
7.310000000000000000e+02 7.290000000000000000e+02
7.310000000000000000e+02 7.290000000000000000e+02
7.310000000000000000e+02 7.300000000000000000e+02
7.310000000000000000e+02 7.300000000000000000e+02
7.300000000000000000e+02 7.290000000000000000e+02
7.300000000000000000e+02 7.300000000000000000e+02
7.300000000000000000e+02 7.300000000000000000e+02
7.300000000000000000e+02 7.300000000000000000e+02
7.310000000000000000e+02 7.300000000000000000e+02
7.310000000000000000e+02 7.300000000000000000e+02
7.310000000000000000e+02 7.300000000000000000e+02
7.300000000000000000e+02 7.290000000000000000e+02
7.290000000000000000e+02 7.280000000000000000e+02
7.280000000000000000e+02 7.280000000000000000e+02
7.270000000000000000e+02 7.280000000000000000e+02
7.280000000000000000e+02 7.290000000000000000e+02
7.280000000000000000e+02 7.280000000000000000e+02
7.300000000000000000e+02 7.290000000000000000e+02
7.310000000000000000e+02 7.280000000000000000e+02
7.310000000000000000e+02 7.280000000000000000e+02
7.320000000000000000e+02 7.290000000000000000e+02
7.320000000000000000e+02 7.280000000000000000e+02
7.330000000000000000e+02 7.280000000000000000e+02
7.330000000000000000e+02 7.270000000000000000e+02
7.330000000000000000e+02 7.280000000000000000e+02
7.340000000000000000e+02 7.270000000000000000e+02
7.330000000000000000e+02 7.270000000000000000e+02
7.340000000000000000e+02 7.270000000000000000e+02
7.330000000000000000e+02 7.250000000000000000e+02
7.320000000000000000e+02 7.240000000000000000e+02
7.340000000000000000e+02 7.240000000000000000e+02
7.340000000000000000e+02 7.230000000000000000e+02
7.350000000000000000e+02 7.230000000000000000e+02
7.350000000000000000e+02 7.230000000000000000e+02
7.340000000000000000e+02 7.220000000000000000e+02
7.340000000000000000e+02 7.210000000000000000e+02
7.330000000000000000e+02 7.210000000000000000e+02
7.340000000000000000e+02 7.200000000000000000e+02
7.350000000000000000e+02 7.210000000000000000e+02
7.350000000000000000e+02 7.220000000000000000e+02
7.360000000000000000e+02 7.220000000000000000e+02
7.350000000000000000e+02 7.220000000000000000e+02
7.350000000000000000e+02 7.220000000000000000e+02
7.360000000000000000e+02 7.230000000000000000e+02
7.370000000000000000e+02 7.240000000000000000e+02
7.370000000000000000e+02 7.240000000000000000e+02
7.370000000000000000e+02 7.240000000000000000e+02
7.380000000000000000e+02 7.230000000000000000e+02
7.360000000000000000e+02 7.230000000000000000e+02
7.370000000000000000e+02 7.240000000000000000e+02
7.370000000000000000e+02 7.240000000000000000e+02
7.380000000000000000e+02 7.230000000000000000e+02
7.360000000000000000e+02 7.230000000000000000e+02
7.360000000000000000e+02 7.230000000000000000e+02
7.360000000000000000e+02 7.230000000000000000e+02
7.360000000000000000e+02 7.230000000000000000e+02
7.360000000000000000e+02 7.230000000000000000e+02
7.360000000000000000e+02 7.230000000000000000e+02
7.370000000000000000e+02 7.220000000000000000e+02
7.370000000000000000e+02 7.210000000000000000e+02
7.370000000000000000e+02 7.210000000000000000e+02
7.360000000000000000e+02 7.200000000000000000e+02
7.370000000000000000e+02 7.200000000000000000e+02
7.370000000000000000e+02 7.190000000000000000e+02
7.370000000000000000e+02 7.180000000000000000e+02
