# frames 101, center=[733, 694], duration=[1100, 1200], video=browniano sol 2_0
7.330000000000000000e+02 6.940000000000000000e+02
7.330000000000000000e+02 6.940000000000000000e+02
7.330000000000000000e+02 6.940000000000000000e+02
7.330000000000000000e+02 6.950000000000000000e+02
7.330000000000000000e+02 6.950000000000000000e+02
7.340000000000000000e+02 6.960000000000000000e+02
7.340000000000000000e+02 6.950000000000000000e+02
7.340000000000000000e+02 6.940000000000000000e+02
7.350000000000000000e+02 6.940000000000000000e+02
7.350000000000000000e+02 6.940000000000000000e+02
7.350000000000000000e+02 6.950000000000000000e+02
7.350000000000000000e+02 6.950000000000000000e+02
7.350000000000000000e+02 6.950000000000000000e+02
7.350000000000000000e+02 6.950000000000000000e+02
7.350000000000000000e+02 6.940000000000000000e+02
7.350000000000000000e+02 6.940000000000000000e+02
7.350000000000000000e+02 6.950000000000000000e+02
7.340000000000000000e+02 6.940000000000000000e+02
7.340000000000000000e+02 6.940000000000000000e+02
7.340000000000000000e+02 6.950000000000000000e+02
7.340000000000000000e+02 6.950000000000000000e+02
7.330000000000000000e+02 6.940000000000000000e+02
7.340000000000000000e+02 6.950000000000000000e+02
7.340000000000000000e+02 6.950000000000000000e+02
7.340000000000000000e+02 6.950000000000000000e+02
7.360000000000000000e+02 6.960000000000000000e+02
7.360000000000000000e+02 6.970000000000000000e+02
7.360000000000000000e+02 6.960000000000000000e+02
7.360000000000000000e+02 6.960000000000000000e+02
7.360000000000000000e+02 6.960000000000000000e+02
7.360000000000000000e+02 6.960000000000000000e+02
7.350000000000000000e+02 6.950000000000000000e+02
7.350000000000000000e+02 6.950000000000000000e+02
7.350000000000000000e+02 6.950000000000000000e+02
7.340000000000000000e+02 6.950000000000000000e+02
7.350000000000000000e+02 6.950000000000000000e+02
7.350000000000000000e+02 6.940000000000000000e+02
7.350000000000000000e+02 6.940000000000000000e+02
7.340000000000000000e+02 6.930000000000000000e+02
7.340000000000000000e+02 6.940000000000000000e+02
7.340000000000000000e+02 6.920000000000000000e+02
7.340000000000000000e+02 6.920000000000000000e+02
7.350000000000000000e+02 6.920000000000000000e+02
7.350000000000000000e+02 6.920000000000000000e+02
7.360000000000000000e+02 6.930000000000000000e+02
7.350000000000000000e+02 6.930000000000000000e+02
7.350000000000000000e+02 6.930000000000000000e+02
7.350000000000000000e+02 6.940000000000000000e+02
7.340000000000000000e+02 6.940000000000000000e+02
7.340000000000000000e+02 6.950000000000000000e+02
7.350000000000000000e+02 6.960000000000000000e+02
7.350000000000000000e+02 6.960000000000000000e+02
7.350000000000000000e+02 6.960000000000000000e+02
7.350000000000000000e+02 6.950000000000000000e+02
7.350000000000000000e+02 6.950000000000000000e+02
7.350000000000000000e+02 6.950000000000000000e+02
7.350000000000000000e+02 6.950000000000000000e+02
7.350000000000000000e+02 6.940000000000000000e+02
7.350000000000000000e+02 6.940000000000000000e+02
7.350000000000000000e+02 6.940000000000000000e+02
7.350000000000000000e+02 6.940000000000000000e+02
7.350000000000000000e+02 6.940000000000000000e+02
7.350000000000000000e+02 6.930000000000000000e+02
7.340000000000000000e+02 6.930000000000000000e+02
7.330000000000000000e+02 6.940000000000000000e+02
7.340000000000000000e+02 6.930000000000000000e+02
7.330000000000000000e+02 6.920000000000000000e+02
7.330000000000000000e+02 6.920000000000000000e+02
7.320000000000000000e+02 6.910000000000000000e+02
7.310000000000000000e+02 6.920000000000000000e+02
7.310000000000000000e+02 6.910000000000000000e+02
7.310000000000000000e+02 6.900000000000000000e+02
7.310000000000000000e+02 6.900000000000000000e+02
7.320000000000000000e+02 6.900000000000000000e+02
7.310000000000000000e+02 6.900000000000000000e+02
7.310000000000000000e+02 6.910000000000000000e+02
7.300000000000000000e+02 6.910000000000000000e+02
7.300000000000000000e+02 6.900000000000000000e+02
7.300000000000000000e+02 6.910000000000000000e+02
7.300000000000000000e+02 6.900000000000000000e+02
7.300000000000000000e+02 6.910000000000000000e+02
7.320000000000000000e+02 6.910000000000000000e+02
7.320000000000000000e+02 6.910000000000000000e+02
7.320000000000000000e+02 6.910000000000000000e+02
7.320000000000000000e+02 6.910000000000000000e+02
7.330000000000000000e+02 6.920000000000000000e+02
7.330000000000000000e+02 6.910000000000000000e+02
7.330000000000000000e+02 6.900000000000000000e+02
7.320000000000000000e+02 6.900000000000000000e+02
7.330000000000000000e+02 6.900000000000000000e+02
7.330000000000000000e+02 6.910000000000000000e+02
7.310000000000000000e+02 6.910000000000000000e+02
7.320000000000000000e+02 6.910000000000000000e+02
7.330000000000000000e+02 6.910000000000000000e+02
7.320000000000000000e+02 6.920000000000000000e+02
7.320000000000000000e+02 6.910000000000000000e+02
7.310000000000000000e+02 6.920000000000000000e+02
7.320000000000000000e+02 6.930000000000000000e+02
7.320000000000000000e+02 6.930000000000000000e+02
7.320000000000000000e+02 6.920000000000000000e+02
7.320000000000000000e+02 6.920000000000000000e+02
