# frames 101, center=[746, 704], duration=[300, 400], video=browniano sol 2_0
7.460000000000000000e+02 7.040000000000000000e+02
7.460000000000000000e+02 7.040000000000000000e+02
7.460000000000000000e+02 7.040000000000000000e+02
7.460000000000000000e+02 7.030000000000000000e+02
7.470000000000000000e+02 7.030000000000000000e+02
7.470000000000000000e+02 7.030000000000000000e+02
7.470000000000000000e+02 7.040000000000000000e+02
7.470000000000000000e+02 7.040000000000000000e+02
7.480000000000000000e+02 7.040000000000000000e+02
7.490000000000000000e+02 7.040000000000000000e+02
7.500000000000000000e+02 7.040000000000000000e+02
7.490000000000000000e+02 7.050000000000000000e+02
7.480000000000000000e+02 7.050000000000000000e+02
7.490000000000000000e+02 7.050000000000000000e+02
7.490000000000000000e+02 7.050000000000000000e+02
7.490000000000000000e+02 7.050000000000000000e+02
7.490000000000000000e+02 7.050000000000000000e+02
7.470000000000000000e+02 7.050000000000000000e+02
7.460000000000000000e+02 7.050000000000000000e+02
7.450000000000000000e+02 7.050000000000000000e+02
7.450000000000000000e+02 7.050000000000000000e+02
7.460000000000000000e+02 7.040000000000000000e+02
7.460000000000000000e+02 7.040000000000000000e+02
7.460000000000000000e+02 7.040000000000000000e+02
7.460000000000000000e+02 7.040000000000000000e+02
7.460000000000000000e+02 7.040000000000000000e+02
7.460000000000000000e+02 7.040000000000000000e+02
7.470000000000000000e+02 7.030000000000000000e+02
7.480000000000000000e+02 7.040000000000000000e+02
7.470000000000000000e+02 7.030000000000000000e+02
7.470000000000000000e+02 7.030000000000000000e+02
7.470000000000000000e+02 7.030000000000000000e+02
7.470000000000000000e+02 7.030000000000000000e+02
7.470000000000000000e+02 7.040000000000000000e+02
7.460000000000000000e+02 7.040000000000000000e+02
7.470000000000000000e+02 7.030000000000000000e+02
7.470000000000000000e+02 7.030000000000000000e+02
7.480000000000000000e+02 7.040000000000000000e+02
7.470000000000000000e+02 7.030000000000000000e+02
7.480000000000000000e+02 7.020000000000000000e+02
7.470000000000000000e+02 7.020000000000000000e+02
7.480000000000000000e+02 7.020000000000000000e+02
7.470000000000000000e+02 7.020000000000000000e+02
7.470000000000000000e+02 7.030000000000000000e+02
7.460000000000000000e+02 7.040000000000000000e+02
7.470000000000000000e+02 7.040000000000000000e+02
7.460000000000000000e+02 7.030000000000000000e+02
7.470000000000000000e+02 7.030000000000000000e+02
7.480000000000000000e+02 7.040000000000000000e+02
7.470000000000000000e+02 7.030000000000000000e+02
7.460000000000000000e+02 7.040000000000000000e+02
7.470000000000000000e+02 7.040000000000000000e+02
7.460000000000000000e+02 7.030000000000000000e+02
7.450000000000000000e+02 7.030000000000000000e+02
7.440000000000000000e+02 7.030000000000000000e+02
7.440000000000000000e+02 7.040000000000000000e+02
7.430000000000000000e+02 7.030000000000000000e+02
7.430000000000000000e+02 7.030000000000000000e+02
7.430000000000000000e+02 7.030000000000000000e+02
7.430000000000000000e+02 7.050000000000000000e+02
7.440000000000000000e+02 7.030000000000000000e+02
7.450000000000000000e+02 7.040000000000000000e+02
7.440000000000000000e+02 7.030000000000000000e+02
7.440000000000000000e+02 7.020000000000000000e+02
7.450000000000000000e+02 7.020000000000000000e+02
7.440000000000000000e+02 7.020000000000000000e+02
7.450000000000000000e+02 7.020000000000000000e+02
7.450000000000000000e+02 7.020000000000000000e+02
7.450000000000000000e+02 7.010000000000000000e+02
7.460000000000000000e+02 7.010000000000000000e+02
7.450000000000000000e+02 7.010000000000000000e+02
7.450000000000000000e+02 7.010000000000000000e+02
7.460000000000000000e+02 7.010000000000000000e+02
7.460000000000000000e+02 7.010000000000000000e+02
7.460000000000000000e+02 7.020000000000000000e+02
7.460000000000000000e+02 7.020000000000000000e+02
7.460000000000000000e+02 7.020000000000000000e+02
7.460000000000000000e+02 7.020000000000000000e+02
7.460000000000000000e+02 7.020000000000000000e+02
7.450000000000000000e+02 7.020000000000000000e+02
7.440000000000000000e+02 7.020000000000000000e+02
7.440000000000000000e+02 7.020000000000000000e+02
7.440000000000000000e+02 7.000000000000000000e+02
7.440000000000000000e+02 7.000000000000000000e+02
7.430000000000000000e+02 7.000000000000000000e+02
7.430000000000000000e+02 7.000000000000000000e+02
7.430000000000000000e+02 7.000000000000000000e+02
7.430000000000000000e+02 6.990000000000000000e+02
7.440000000000000000e+02 6.990000000000000000e+02
7.430000000000000000e+02 6.990000000000000000e+02
7.420000000000000000e+02 6.990000000000000000e+02
7.430000000000000000e+02 6.990000000000000000e+02
7.430000000000000000e+02 6.990000000000000000e+02
7.440000000000000000e+02 6.990000000000000000e+02
7.440000000000000000e+02 6.980000000000000000e+02
7.440000000000000000e+02 6.980000000000000000e+02
7.430000000000000000e+02 6.980000000000000000e+02
7.440000000000000000e+02 6.970000000000000000e+02
7.440000000000000000e+02 6.970000000000000000e+02
7.440000000000000000e+02 6.970000000000000000e+02
7.440000000000000000e+02 6.970000000000000000e+02
