# frames 101, center=[743, 696], duration=[400, 500], video=browniano sol 2_0
7.430000000000000000e+02 6.960000000000000000e+02
7.430000000000000000e+02 6.960000000000000000e+02
7.430000000000000000e+02 6.960000000000000000e+02
7.430000000000000000e+02 6.960000000000000000e+02
7.440000000000000000e+02 6.970000000000000000e+02
7.440000000000000000e+02 6.970000000000000000e+02
7.440000000000000000e+02 6.960000000000000000e+02
7.450000000000000000e+02 6.970000000000000000e+02
7.450000000000000000e+02 6.970000000000000000e+02
7.450000000000000000e+02 6.970000000000000000e+02
7.450000000000000000e+02 6.960000000000000000e+02
7.450000000000000000e+02 6.960000000000000000e+02
7.450000000000000000e+02 6.960000000000000000e+02
7.440000000000000000e+02 6.960000000000000000e+02
7.430000000000000000e+02 6.970000000000000000e+02
7.430000000000000000e+02 6.960000000000000000e+02
7.440000000000000000e+02 6.960000000000000000e+02
7.440000000000000000e+02 6.970000000000000000e+02
7.450000000000000000e+02 6.960000000000000000e+02
7.440000000000000000e+02 6.970000000000000000e+02
7.440000000000000000e+02 6.960000000000000000e+02
7.440000000000000000e+02 6.970000000000000000e+02
7.440000000000000000e+02 6.970000000000000000e+02
7.450000000000000000e+02 6.970000000000000000e+02
7.450000000000000000e+02 6.980000000000000000e+02
7.450000000000000000e+02 6.980000000000000000e+02
7.450000000000000000e+02 6.980000000000000000e+02
7.450000000000000000e+02 6.980000000000000000e+02
7.450000000000000000e+02 6.980000000000000000e+02
7.450000000000000000e+02 6.980000000000000000e+02
7.440000000000000000e+02 6.970000000000000000e+02
7.450000000000000000e+02 6.970000000000000000e+02
7.450000000000000000e+02 6.960000000000000000e+02
7.450000000000000000e+02 6.960000000000000000e+02
7.460000000000000000e+02 6.960000000000000000e+02
7.460000000000000000e+02 6.950000000000000000e+02
7.460000000000000000e+02 6.950000000000000000e+02
7.460000000000000000e+02 6.950000000000000000e+02
7.450000000000000000e+02 6.950000000000000000e+02
7.450000000000000000e+02 6.950000000000000000e+02
7.440000000000000000e+02 6.950000000000000000e+02
7.440000000000000000e+02 6.950000000000000000e+02
7.440000000000000000e+02 6.950000000000000000e+02
7.440000000000000000e+02 6.950000000000000000e+02
7.440000000000000000e+02 6.950000000000000000e+02
7.440000000000000000e+02 6.950000000000000000e+02
7.450000000000000000e+02 6.960000000000000000e+02
7.450000000000000000e+02 6.950000000000000000e+02
7.450000000000000000e+02 6.950000000000000000e+02
7.440000000000000000e+02 6.960000000000000000e+02
7.430000000000000000e+02 6.960000000000000000e+02
7.430000000000000000e+02 6.950000000000000000e+02
7.430000000000000000e+02 6.960000000000000000e+02
7.430000000000000000e+02 6.960000000000000000e+02
7.430000000000000000e+02 6.960000000000000000e+02
7.440000000000000000e+02 6.950000000000000000e+02
7.450000000000000000e+02 6.960000000000000000e+02
7.450000000000000000e+02 6.960000000000000000e+02
7.450000000000000000e+02 6.940000000000000000e+02
7.450000000000000000e+02 6.930000000000000000e+02
7.440000000000000000e+02 6.940000000000000000e+02
7.440000000000000000e+02 6.950000000000000000e+02
7.440000000000000000e+02 6.950000000000000000e+02
7.440000000000000000e+02 6.950000000000000000e+02
7.440000000000000000e+02 6.950000000000000000e+02
7.430000000000000000e+02 6.950000000000000000e+02
7.430000000000000000e+02 6.960000000000000000e+02
7.430000000000000000e+02 6.960000000000000000e+02
7.430000000000000000e+02 6.960000000000000000e+02
7.430000000000000000e+02 6.960000000000000000e+02
7.430000000000000000e+02 6.970000000000000000e+02
7.430000000000000000e+02 6.960000000000000000e+02
7.430000000000000000e+02 6.970000000000000000e+02
7.440000000000000000e+02 6.970000000000000000e+02
7.450000000000000000e+02 6.980000000000000000e+02
7.450000000000000000e+02 6.980000000000000000e+02
7.460000000000000000e+02 6.980000000000000000e+02
7.450000000000000000e+02 6.980000000000000000e+02
7.460000000000000000e+02 6.990000000000000000e+02
7.460000000000000000e+02 6.990000000000000000e+02
7.470000000000000000e+02 6.990000000000000000e+02
7.470000000000000000e+02 6.990000000000000000e+02
7.470000000000000000e+02 6.980000000000000000e+02
7.480000000000000000e+02 6.960000000000000000e+02
7.470000000000000000e+02 6.960000000000000000e+02
7.480000000000000000e+02 6.950000000000000000e+02
7.480000000000000000e+02 6.960000000000000000e+02
7.470000000000000000e+02 6.960000000000000000e+02
7.470000000000000000e+02 6.960000000000000000e+02
7.460000000000000000e+02 6.970000000000000000e+02
7.460000000000000000e+02 6.970000000000000000e+02
7.470000000000000000e+02 6.980000000000000000e+02
7.460000000000000000e+02 6.990000000000000000e+02
7.460000000000000000e+02 6.980000000000000000e+02
7.450000000000000000e+02 6.980000000000000000e+02
7.450000000000000000e+02 6.970000000000000000e+02
7.440000000000000000e+02 6.970000000000000000e+02
7.440000000000000000e+02 6.970000000000000000e+02
7.440000000000000000e+02 6.970000000000000000e+02
7.440000000000000000e+02 6.970000000000000000e+02
7.430000000000000000e+02 6.970000000000000000e+02
