# frames 101, center=[738, 695], duration=[600, 700], video=browniano sol 2_0
7.380000000000000000e+02 6.950000000000000000e+02
7.380000000000000000e+02 6.950000000000000000e+02
7.380000000000000000e+02 6.950000000000000000e+02
7.380000000000000000e+02 6.950000000000000000e+02
7.380000000000000000e+02 6.950000000000000000e+02
7.370000000000000000e+02 6.950000000000000000e+02
7.390000000000000000e+02 6.960000000000000000e+02
7.390000000000000000e+02 6.940000000000000000e+02
7.370000000000000000e+02 6.950000000000000000e+02
7.370000000000000000e+02 6.940000000000000000e+02
7.380000000000000000e+02 6.940000000000000000e+02
7.390000000000000000e+02 6.930000000000000000e+02
7.380000000000000000e+02 6.930000000000000000e+02
7.370000000000000000e+02 6.930000000000000000e+02
7.380000000000000000e+02 6.930000000000000000e+02
7.380000000000000000e+02 6.950000000000000000e+02
7.380000000000000000e+02 6.950000000000000000e+02
7.380000000000000000e+02 6.950000000000000000e+02
7.380000000000000000e+02 6.940000000000000000e+02
7.380000000000000000e+02 6.950000000000000000e+02
7.380000000000000000e+02 6.950000000000000000e+02
7.380000000000000000e+02 6.950000000000000000e+02
7.390000000000000000e+02 6.960000000000000000e+02
7.390000000000000000e+02 6.960000000000000000e+02
7.390000000000000000e+02 6.950000000000000000e+02
7.390000000000000000e+02 6.940000000000000000e+02
7.400000000000000000e+02 6.940000000000000000e+02
7.400000000000000000e+02 6.930000000000000000e+02
7.410000000000000000e+02 6.910000000000000000e+02
7.410000000000000000e+02 6.920000000000000000e+02
7.400000000000000000e+02 6.920000000000000000e+02
7.400000000000000000e+02 6.930000000000000000e+02
7.400000000000000000e+02 6.920000000000000000e+02
7.400000000000000000e+02 6.910000000000000000e+02
7.410000000000000000e+02 6.910000000000000000e+02
7.410000000000000000e+02 6.920000000000000000e+02
7.410000000000000000e+02 6.930000000000000000e+02
7.420000000000000000e+02 6.930000000000000000e+02
7.420000000000000000e+02 6.920000000000000000e+02
7.430000000000000000e+02 6.920000000000000000e+02
7.420000000000000000e+02 6.930000000000000000e+02
7.420000000000000000e+02 6.930000000000000000e+02
7.440000000000000000e+02 6.930000000000000000e+02
7.430000000000000000e+02 6.920000000000000000e+02
7.440000000000000000e+02 6.920000000000000000e+02
7.450000000000000000e+02 6.930000000000000000e+02
7.430000000000000000e+02 6.930000000000000000e+02
7.440000000000000000e+02 6.940000000000000000e+02
7.450000000000000000e+02 6.950000000000000000e+02
7.450000000000000000e+02 6.950000000000000000e+02
7.450000000000000000e+02 6.940000000000000000e+02
7.450000000000000000e+02 6.930000000000000000e+02
7.450000000000000000e+02 6.930000000000000000e+02
7.450000000000000000e+02 6.930000000000000000e+02
7.440000000000000000e+02 6.930000000000000000e+02
7.450000000000000000e+02 6.930000000000000000e+02
7.440000000000000000e+02 6.920000000000000000e+02
7.430000000000000000e+02 6.920000000000000000e+02
7.440000000000000000e+02 6.910000000000000000e+02
7.450000000000000000e+02 6.910000000000000000e+02
7.460000000000000000e+02 6.910000000000000000e+02
7.460000000000000000e+02 6.920000000000000000e+02
7.470000000000000000e+02 6.920000000000000000e+02
7.470000000000000000e+02 6.910000000000000000e+02
7.470000000000000000e+02 6.900000000000000000e+02
7.480000000000000000e+02 6.910000000000000000e+02
7.470000000000000000e+02 6.900000000000000000e+02
7.460000000000000000e+02 6.890000000000000000e+02
7.460000000000000000e+02 6.890000000000000000e+02
7.460000000000000000e+02 6.920000000000000000e+02
7.460000000000000000e+02 6.930000000000000000e+02
7.450000000000000000e+02 6.930000000000000000e+02
7.460000000000000000e+02 6.930000000000000000e+02
7.460000000000000000e+02 6.930000000000000000e+02
7.450000000000000000e+02 6.930000000000000000e+02
7.450000000000000000e+02 6.940000000000000000e+02
7.440000000000000000e+02 6.940000000000000000e+02
7.450000000000000000e+02 6.950000000000000000e+02
7.450000000000000000e+02 6.950000000000000000e+02
7.450000000000000000e+02 6.960000000000000000e+02
7.460000000000000000e+02 6.960000000000000000e+02
7.460000000000000000e+02 6.960000000000000000e+02
7.450000000000000000e+02 6.970000000000000000e+02
7.450000000000000000e+02 6.960000000000000000e+02
7.440000000000000000e+02 6.960000000000000000e+02
7.440000000000000000e+02 6.960000000000000000e+02
7.440000000000000000e+02 6.950000000000000000e+02
7.430000000000000000e+02 6.960000000000000000e+02
7.440000000000000000e+02 6.960000000000000000e+02
7.440000000000000000e+02 6.960000000000000000e+02
7.440000000000000000e+02 6.960000000000000000e+02
7.440000000000000000e+02 6.960000000000000000e+02
7.420000000000000000e+02 6.970000000000000000e+02
7.430000000000000000e+02 6.960000000000000000e+02
7.430000000000000000e+02 6.960000000000000000e+02
7.430000000000000000e+02 6.940000000000000000e+02
7.430000000000000000e+02 6.940000000000000000e+02
7.430000000000000000e+02 6.950000000000000000e+02
7.430000000000000000e+02 6.960000000000000000e+02
7.420000000000000000e+02 6.960000000000000000e+02
7.420000000000000000e+02 6.960000000000000000e+02
