# frames 101, center=[758, 95], duration=[1100, 1200], video=browniano sol 2_0
7.580000000000000000e+02 9.500000000000000000e+01
7.580000000000000000e+02 9.500000000000000000e+01
7.580000000000000000e+02 9.500000000000000000e+01
7.580000000000000000e+02 9.500000000000000000e+01
7.580000000000000000e+02 9.600000000000000000e+01
7.600000000000000000e+02 9.600000000000000000e+01
7.590000000000000000e+02 9.500000000000000000e+01
7.580000000000000000e+02 9.500000000000000000e+01
7.570000000000000000e+02 9.400000000000000000e+01
7.580000000000000000e+02 9.400000000000000000e+01
7.590000000000000000e+02 9.300000000000000000e+01
7.590000000000000000e+02 9.300000000000000000e+01
7.600000000000000000e+02 9.300000000000000000e+01
7.590000000000000000e+02 9.200000000000000000e+01
7.590000000000000000e+02 9.100000000000000000e+01
7.600000000000000000e+02 9.200000000000000000e+01
7.600000000000000000e+02 9.300000000000000000e+01
7.590000000000000000e+02 9.200000000000000000e+01
7.600000000000000000e+02 9.100000000000000000e+01
7.600000000000000000e+02 9.100000000000000000e+01
7.610000000000000000e+02 9.100000000000000000e+01
7.600000000000000000e+02 9.000000000000000000e+01
7.600000000000000000e+02 9.000000000000000000e+01
7.600000000000000000e+02 9.100000000000000000e+01
7.610000000000000000e+02 9.200000000000000000e+01
7.600000000000000000e+02 9.300000000000000000e+01
7.590000000000000000e+02 9.200000000000000000e+01
7.600000000000000000e+02 9.300000000000000000e+01
7.590000000000000000e+02 9.300000000000000000e+01
7.590000000000000000e+02 9.300000000000000000e+01
7.590000000000000000e+02 9.400000000000000000e+01
7.580000000000000000e+02 9.300000000000000000e+01
7.580000000000000000e+02 9.300000000000000000e+01
7.580000000000000000e+02 9.200000000000000000e+01
7.570000000000000000e+02 9.200000000000000000e+01
7.570000000000000000e+02 9.200000000000000000e+01
7.580000000000000000e+02 9.200000000000000000e+01
7.580000000000000000e+02 9.100000000000000000e+01
7.590000000000000000e+02 9.200000000000000000e+01
7.580000000000000000e+02 9.200000000000000000e+01
7.560000000000000000e+02 9.100000000000000000e+01
7.570000000000000000e+02 9.100000000000000000e+01
7.560000000000000000e+02 9.200000000000000000e+01
7.570000000000000000e+02 9.200000000000000000e+01
7.570000000000000000e+02 9.100000000000000000e+01
7.560000000000000000e+02 9.000000000000000000e+01
7.560000000000000000e+02 9.100000000000000000e+01
7.560000000000000000e+02 9.200000000000000000e+01
7.550000000000000000e+02 9.100000000000000000e+01
7.550000000000000000e+02 9.000000000000000000e+01
7.550000000000000000e+02 8.900000000000000000e+01
7.550000000000000000e+02 8.900000000000000000e+01
7.560000000000000000e+02 9.000000000000000000e+01
7.550000000000000000e+02 8.900000000000000000e+01
7.530000000000000000e+02 9.000000000000000000e+01
7.540000000000000000e+02 9.100000000000000000e+01
7.530000000000000000e+02 9.100000000000000000e+01
7.520000000000000000e+02 9.200000000000000000e+01
7.520000000000000000e+02 9.100000000000000000e+01
7.520000000000000000e+02 8.900000000000000000e+01
7.520000000000000000e+02 8.900000000000000000e+01
7.530000000000000000e+02 9.000000000000000000e+01
7.540000000000000000e+02 8.900000000000000000e+01
7.550000000000000000e+02 9.000000000000000000e+01
7.560000000000000000e+02 9.100000000000000000e+01
7.550000000000000000e+02 9.100000000000000000e+01
7.570000000000000000e+02 9.100000000000000000e+01
7.580000000000000000e+02 9.100000000000000000e+01
7.580000000000000000e+02 9.100000000000000000e+01
7.570000000000000000e+02 9.100000000000000000e+01
7.590000000000000000e+02 9.000000000000000000e+01
7.580000000000000000e+02 9.000000000000000000e+01
7.590000000000000000e+02 9.000000000000000000e+01
7.590000000000000000e+02 8.900000000000000000e+01
7.590000000000000000e+02 8.900000000000000000e+01
7.600000000000000000e+02 8.900000000000000000e+01
7.600000000000000000e+02 8.900000000000000000e+01
7.620000000000000000e+02 8.900000000000000000e+01
7.620000000000000000e+02 9.000000000000000000e+01
7.620000000000000000e+02 9.000000000000000000e+01
7.620000000000000000e+02 8.900000000000000000e+01
7.620000000000000000e+02 8.900000000000000000e+01
7.620000000000000000e+02 8.900000000000000000e+01
7.620000000000000000e+02 8.800000000000000000e+01
7.610000000000000000e+02 8.800000000000000000e+01
7.610000000000000000e+02 8.700000000000000000e+01
7.610000000000000000e+02 8.800000000000000000e+01
7.610000000000000000e+02 8.800000000000000000e+01
7.620000000000000000e+02 8.700000000000000000e+01
7.610000000000000000e+02 8.800000000000000000e+01
7.620000000000000000e+02 8.700000000000000000e+01
7.620000000000000000e+02 8.700000000000000000e+01
7.630000000000000000e+02 8.500000000000000000e+01
7.630000000000000000e+02 8.600000000000000000e+01
7.640000000000000000e+02 8.600000000000000000e+01
7.640000000000000000e+02 8.600000000000000000e+01
7.630000000000000000e+02 8.700000000000000000e+01
7.640000000000000000e+02 8.700000000000000000e+01
7.640000000000000000e+02 8.700000000000000000e+01
7.650000000000000000e+02 8.600000000000000000e+01
7.650000000000000000e+02 8.500000000000000000e+01
