# frames 101, center=[777, 134], duration=[500, 600], video=browniano sol 2_0
7.770000000000000000e+02 1.340000000000000000e+02
7.770000000000000000e+02 1.340000000000000000e+02
7.770000000000000000e+02 1.340000000000000000e+02
7.770000000000000000e+02 1.340000000000000000e+02
7.760000000000000000e+02 1.360000000000000000e+02
7.750000000000000000e+02 1.350000000000000000e+02
7.750000000000000000e+02 1.350000000000000000e+02
7.750000000000000000e+02 1.360000000000000000e+02
7.750000000000000000e+02 1.350000000000000000e+02
7.750000000000000000e+02 1.350000000000000000e+02
7.760000000000000000e+02 1.330000000000000000e+02
7.750000000000000000e+02 1.340000000000000000e+02
7.750000000000000000e+02 1.340000000000000000e+02
7.750000000000000000e+02 1.350000000000000000e+02
7.750000000000000000e+02 1.360000000000000000e+02
7.750000000000000000e+02 1.360000000000000000e+02
7.760000000000000000e+02 1.350000000000000000e+02
7.760000000000000000e+02 1.360000000000000000e+02
7.760000000000000000e+02 1.360000000000000000e+02
7.770000000000000000e+02 1.360000000000000000e+02
7.780000000000000000e+02 1.370000000000000000e+02
7.780000000000000000e+02 1.370000000000000000e+02
7.770000000000000000e+02 1.380000000000000000e+02
7.780000000000000000e+02 1.370000000000000000e+02
7.770000000000000000e+02 1.360000000000000000e+02
7.770000000000000000e+02 1.360000000000000000e+02
7.770000000000000000e+02 1.350000000000000000e+02
7.770000000000000000e+02 1.360000000000000000e+02
7.760000000000000000e+02 1.350000000000000000e+02
7.760000000000000000e+02 1.350000000000000000e+02
7.750000000000000000e+02 1.340000000000000000e+02
7.760000000000000000e+02 1.340000000000000000e+02
7.760000000000000000e+02 1.340000000000000000e+02
7.770000000000000000e+02 1.350000000000000000e+02
7.770000000000000000e+02 1.350000000000000000e+02
7.770000000000000000e+02 1.360000000000000000e+02
7.770000000000000000e+02 1.360000000000000000e+02
7.780000000000000000e+02 1.350000000000000000e+02
7.770000000000000000e+02 1.360000000000000000e+02
7.770000000000000000e+02 1.360000000000000000e+02
7.760000000000000000e+02 1.360000000000000000e+02
7.760000000000000000e+02 1.350000000000000000e+02
7.760000000000000000e+02 1.350000000000000000e+02
7.760000000000000000e+02 1.350000000000000000e+02
7.750000000000000000e+02 1.360000000000000000e+02
7.750000000000000000e+02 1.360000000000000000e+02
7.760000000000000000e+02 1.360000000000000000e+02
7.760000000000000000e+02 1.360000000000000000e+02
7.760000000000000000e+02 1.360000000000000000e+02
7.770000000000000000e+02 1.360000000000000000e+02
7.760000000000000000e+02 1.360000000000000000e+02
7.760000000000000000e+02 1.350000000000000000e+02
7.760000000000000000e+02 1.350000000000000000e+02
7.750000000000000000e+02 1.360000000000000000e+02
7.750000000000000000e+02 1.370000000000000000e+02
7.740000000000000000e+02 1.380000000000000000e+02
7.740000000000000000e+02 1.380000000000000000e+02
7.750000000000000000e+02 1.370000000000000000e+02
7.750000000000000000e+02 1.370000000000000000e+02
7.750000000000000000e+02 1.370000000000000000e+02
7.740000000000000000e+02 1.370000000000000000e+02
7.730000000000000000e+02 1.360000000000000000e+02
7.730000000000000000e+02 1.360000000000000000e+02
7.720000000000000000e+02 1.350000000000000000e+02
7.730000000000000000e+02 1.350000000000000000e+02
7.730000000000000000e+02 1.330000000000000000e+02
7.730000000000000000e+02 1.330000000000000000e+02
7.730000000000000000e+02 1.320000000000000000e+02
7.720000000000000000e+02 1.320000000000000000e+02
7.730000000000000000e+02 1.310000000000000000e+02
7.730000000000000000e+02 1.320000000000000000e+02
7.740000000000000000e+02 1.310000000000000000e+02
7.760000000000000000e+02 1.310000000000000000e+02
7.750000000000000000e+02 1.300000000000000000e+02
7.750000000000000000e+02 1.300000000000000000e+02
7.750000000000000000e+02 1.280000000000000000e+02
7.750000000000000000e+02 1.290000000000000000e+02
7.740000000000000000e+02 1.290000000000000000e+02
7.730000000000000000e+02 1.280000000000000000e+02
7.730000000000000000e+02 1.290000000000000000e+02
7.720000000000000000e+02 1.280000000000000000e+02
7.720000000000000000e+02 1.290000000000000000e+02
7.720000000000000000e+02 1.290000000000000000e+02
7.720000000000000000e+02 1.300000000000000000e+02
7.720000000000000000e+02 1.290000000000000000e+02
7.710000000000000000e+02 1.300000000000000000e+02
7.730000000000000000e+02 1.300000000000000000e+02
7.730000000000000000e+02 1.300000000000000000e+02
7.730000000000000000e+02 1.300000000000000000e+02
7.740000000000000000e+02 1.300000000000000000e+02
7.740000000000000000e+02 1.300000000000000000e+02
7.730000000000000000e+02 1.300000000000000000e+02
7.740000000000000000e+02 1.290000000000000000e+02
7.720000000000000000e+02 1.290000000000000000e+02
7.720000000000000000e+02 1.270000000000000000e+02
7.730000000000000000e+02 1.270000000000000000e+02
7.720000000000000000e+02 1.270000000000000000e+02
7.730000000000000000e+02 1.260000000000000000e+02
7.730000000000000000e+02 1.270000000000000000e+02
7.730000000000000000e+02 1.260000000000000000e+02
7.730000000000000000e+02 1.260000000000000000e+02
