# frames 101, center=[760, 117], duration=[800, 900], video=browniano sol 2_0
7.600000000000000000e+02 1.170000000000000000e+02
7.600000000000000000e+02 1.170000000000000000e+02
7.600000000000000000e+02 1.170000000000000000e+02
7.610000000000000000e+02 1.170000000000000000e+02
7.600000000000000000e+02 1.160000000000000000e+02
7.600000000000000000e+02 1.160000000000000000e+02
7.590000000000000000e+02 1.160000000000000000e+02
7.600000000000000000e+02 1.150000000000000000e+02
7.600000000000000000e+02 1.150000000000000000e+02
7.590000000000000000e+02 1.150000000000000000e+02
7.580000000000000000e+02 1.150000000000000000e+02
7.580000000000000000e+02 1.150000000000000000e+02
7.560000000000000000e+02 1.150000000000000000e+02
7.580000000000000000e+02 1.150000000000000000e+02
7.580000000000000000e+02 1.150000000000000000e+02
7.590000000000000000e+02 1.150000000000000000e+02
7.600000000000000000e+02 1.150000000000000000e+02
7.590000000000000000e+02 1.160000000000000000e+02
7.600000000000000000e+02 1.170000000000000000e+02
7.590000000000000000e+02 1.170000000000000000e+02
7.590000000000000000e+02 1.160000000000000000e+02
7.580000000000000000e+02 1.150000000000000000e+02
7.580000000000000000e+02 1.150000000000000000e+02
7.580000000000000000e+02 1.150000000000000000e+02
7.580000000000000000e+02 1.150000000000000000e+02
7.590000000000000000e+02 1.160000000000000000e+02
7.590000000000000000e+02 1.150000000000000000e+02
7.570000000000000000e+02 1.150000000000000000e+02
7.570000000000000000e+02 1.160000000000000000e+02
7.560000000000000000e+02 1.170000000000000000e+02
7.560000000000000000e+02 1.180000000000000000e+02
7.550000000000000000e+02 1.180000000000000000e+02
7.550000000000000000e+02 1.160000000000000000e+02
7.550000000000000000e+02 1.170000000000000000e+02
7.550000000000000000e+02 1.180000000000000000e+02
7.550000000000000000e+02 1.170000000000000000e+02
7.540000000000000000e+02 1.160000000000000000e+02
7.540000000000000000e+02 1.160000000000000000e+02
7.540000000000000000e+02 1.160000000000000000e+02
7.530000000000000000e+02 1.160000000000000000e+02
7.530000000000000000e+02 1.150000000000000000e+02
7.540000000000000000e+02 1.150000000000000000e+02
7.530000000000000000e+02 1.150000000000000000e+02
7.530000000000000000e+02 1.150000000000000000e+02
7.530000000000000000e+02 1.150000000000000000e+02
7.540000000000000000e+02 1.140000000000000000e+02
7.550000000000000000e+02 1.150000000000000000e+02
7.540000000000000000e+02 1.150000000000000000e+02
7.550000000000000000e+02 1.140000000000000000e+02
7.540000000000000000e+02 1.150000000000000000e+02
7.540000000000000000e+02 1.150000000000000000e+02
7.540000000000000000e+02 1.150000000000000000e+02
7.550000000000000000e+02 1.140000000000000000e+02
7.540000000000000000e+02 1.130000000000000000e+02
7.550000000000000000e+02 1.120000000000000000e+02
7.560000000000000000e+02 1.120000000000000000e+02
7.550000000000000000e+02 1.110000000000000000e+02
7.540000000000000000e+02 1.110000000000000000e+02
7.530000000000000000e+02 1.120000000000000000e+02
7.540000000000000000e+02 1.120000000000000000e+02
7.560000000000000000e+02 1.130000000000000000e+02
7.570000000000000000e+02 1.130000000000000000e+02
7.550000000000000000e+02 1.120000000000000000e+02
7.550000000000000000e+02 1.120000000000000000e+02
7.560000000000000000e+02 1.120000000000000000e+02
7.560000000000000000e+02 1.120000000000000000e+02
7.560000000000000000e+02 1.110000000000000000e+02
7.550000000000000000e+02 1.120000000000000000e+02
7.540000000000000000e+02 1.110000000000000000e+02
7.540000000000000000e+02 1.100000000000000000e+02
7.530000000000000000e+02 1.100000000000000000e+02
7.530000000000000000e+02 1.090000000000000000e+02
7.530000000000000000e+02 1.100000000000000000e+02
7.540000000000000000e+02 1.100000000000000000e+02
7.540000000000000000e+02 1.090000000000000000e+02
7.530000000000000000e+02 1.100000000000000000e+02
7.540000000000000000e+02 1.090000000000000000e+02
7.530000000000000000e+02 1.100000000000000000e+02
7.530000000000000000e+02 1.100000000000000000e+02
7.530000000000000000e+02 1.100000000000000000e+02
7.540000000000000000e+02 1.090000000000000000e+02
7.550000000000000000e+02 1.090000000000000000e+02
7.550000000000000000e+02 1.090000000000000000e+02
7.540000000000000000e+02 1.090000000000000000e+02
7.550000000000000000e+02 1.070000000000000000e+02
7.550000000000000000e+02 1.070000000000000000e+02
7.550000000000000000e+02 1.060000000000000000e+02
7.540000000000000000e+02 1.070000000000000000e+02
7.550000000000000000e+02 1.070000000000000000e+02
7.560000000000000000e+02 1.070000000000000000e+02
7.560000000000000000e+02 1.070000000000000000e+02
7.570000000000000000e+02 1.080000000000000000e+02
7.570000000000000000e+02 1.090000000000000000e+02
7.580000000000000000e+02 1.090000000000000000e+02
7.590000000000000000e+02 1.080000000000000000e+02
7.580000000000000000e+02 1.080000000000000000e+02
7.580000000000000000e+02 1.070000000000000000e+02
7.580000000000000000e+02 1.080000000000000000e+02
7.580000000000000000e+02 1.070000000000000000e+02
7.580000000000000000e+02 1.070000000000000000e+02
7.580000000000000000e+02 1.070000000000000000e+02
