# frames 101, center=[762, 97], duration=[1000, 1100], video=browniano sol 2_0
7.620000000000000000e+02 9.700000000000000000e+01
7.620000000000000000e+02 9.700000000000000000e+01
7.620000000000000000e+02 9.700000000000000000e+01
7.610000000000000000e+02 9.600000000000000000e+01
7.600000000000000000e+02 9.700000000000000000e+01
7.610000000000000000e+02 9.600000000000000000e+01
7.600000000000000000e+02 9.700000000000000000e+01
7.600000000000000000e+02 9.700000000000000000e+01
7.600000000000000000e+02 9.700000000000000000e+01
7.580000000000000000e+02 9.700000000000000000e+01
7.580000000000000000e+02 9.600000000000000000e+01
7.590000000000000000e+02 9.600000000000000000e+01
7.580000000000000000e+02 9.600000000000000000e+01
7.600000000000000000e+02 9.600000000000000000e+01
7.590000000000000000e+02 9.500000000000000000e+01
7.570000000000000000e+02 9.500000000000000000e+01
7.560000000000000000e+02 9.500000000000000000e+01
7.550000000000000000e+02 9.400000000000000000e+01
7.540000000000000000e+02 9.300000000000000000e+01
7.550000000000000000e+02 9.200000000000000000e+01
7.550000000000000000e+02 9.200000000000000000e+01
7.550000000000000000e+02 9.200000000000000000e+01
7.540000000000000000e+02 9.100000000000000000e+01
7.550000000000000000e+02 9.200000000000000000e+01
7.540000000000000000e+02 9.200000000000000000e+01
7.550000000000000000e+02 9.200000000000000000e+01
7.540000000000000000e+02 9.300000000000000000e+01
7.550000000000000000e+02 9.400000000000000000e+01
7.550000000000000000e+02 9.400000000000000000e+01
7.550000000000000000e+02 9.500000000000000000e+01
7.550000000000000000e+02 9.600000000000000000e+01
7.560000000000000000e+02 9.700000000000000000e+01
7.560000000000000000e+02 9.700000000000000000e+01
7.570000000000000000e+02 9.700000000000000000e+01
7.570000000000000000e+02 9.600000000000000000e+01
7.570000000000000000e+02 9.600000000000000000e+01
7.580000000000000000e+02 9.600000000000000000e+01
7.580000000000000000e+02 9.500000000000000000e+01
7.580000000000000000e+02 9.500000000000000000e+01
7.590000000000000000e+02 9.500000000000000000e+01
7.580000000000000000e+02 9.500000000000000000e+01
7.590000000000000000e+02 9.500000000000000000e+01
7.580000000000000000e+02 9.600000000000000000e+01
7.590000000000000000e+02 9.600000000000000000e+01
7.590000000000000000e+02 9.500000000000000000e+01
7.590000000000000000e+02 9.500000000000000000e+01
7.590000000000000000e+02 9.600000000000000000e+01
7.580000000000000000e+02 9.500000000000000000e+01
7.580000000000000000e+02 9.500000000000000000e+01
7.580000000000000000e+02 9.500000000000000000e+01
7.580000000000000000e+02 9.500000000000000000e+01
7.580000000000000000e+02 9.600000000000000000e+01
7.580000000000000000e+02 9.600000000000000000e+01
7.580000000000000000e+02 9.600000000000000000e+01
7.580000000000000000e+02 9.600000000000000000e+01
7.570000000000000000e+02 9.600000000000000000e+01
7.570000000000000000e+02 9.600000000000000000e+01
7.580000000000000000e+02 9.600000000000000000e+01
7.580000000000000000e+02 9.600000000000000000e+01
7.590000000000000000e+02 9.700000000000000000e+01
7.600000000000000000e+02 9.700000000000000000e+01
7.600000000000000000e+02 9.600000000000000000e+01
7.600000000000000000e+02 9.600000000000000000e+01
7.610000000000000000e+02 9.700000000000000000e+01
7.610000000000000000e+02 9.900000000000000000e+01
7.610000000000000000e+02 9.900000000000000000e+01
7.610000000000000000e+02 9.800000000000000000e+01
7.610000000000000000e+02 9.800000000000000000e+01
7.590000000000000000e+02 9.800000000000000000e+01
7.600000000000000000e+02 9.700000000000000000e+01
7.580000000000000000e+02 9.900000000000000000e+01
7.590000000000000000e+02 1.000000000000000000e+02
7.590000000000000000e+02 9.900000000000000000e+01
7.590000000000000000e+02 9.900000000000000000e+01
7.590000000000000000e+02 9.900000000000000000e+01
7.610000000000000000e+02 9.900000000000000000e+01
7.610000000000000000e+02 9.900000000000000000e+01
7.610000000000000000e+02 9.900000000000000000e+01
7.610000000000000000e+02 9.800000000000000000e+01
7.610000000000000000e+02 9.700000000000000000e+01
7.610000000000000000e+02 9.700000000000000000e+01
7.620000000000000000e+02 9.700000000000000000e+01
7.610000000000000000e+02 9.700000000000000000e+01
7.590000000000000000e+02 9.700000000000000000e+01
7.600000000000000000e+02 9.700000000000000000e+01
7.580000000000000000e+02 9.800000000000000000e+01
7.580000000000000000e+02 9.800000000000000000e+01
7.580000000000000000e+02 9.800000000000000000e+01
7.580000000000000000e+02 9.900000000000000000e+01
7.590000000000000000e+02 9.800000000000000000e+01
7.580000000000000000e+02 9.700000000000000000e+01
7.580000000000000000e+02 9.600000000000000000e+01
7.570000000000000000e+02 9.700000000000000000e+01
7.580000000000000000e+02 9.700000000000000000e+01
7.580000000000000000e+02 9.700000000000000000e+01
7.570000000000000000e+02 9.700000000000000000e+01
7.580000000000000000e+02 9.600000000000000000e+01
7.590000000000000000e+02 9.600000000000000000e+01
7.580000000000000000e+02 9.700000000000000000e+01
7.570000000000000000e+02 9.700000000000000000e+01
7.580000000000000000e+02 9.700000000000000000e+01
