# frames 101, center=[778, 144], duration=[200, 300], video=browniano sol 2_0
7.780000000000000000e+02 1.440000000000000000e+02
7.780000000000000000e+02 1.440000000000000000e+02
7.780000000000000000e+02 1.440000000000000000e+02
7.780000000000000000e+02 1.430000000000000000e+02
7.790000000000000000e+02 1.440000000000000000e+02
7.780000000000000000e+02 1.440000000000000000e+02
7.780000000000000000e+02 1.440000000000000000e+02
7.780000000000000000e+02 1.430000000000000000e+02
7.780000000000000000e+02 1.430000000000000000e+02
7.780000000000000000e+02 1.420000000000000000e+02
7.770000000000000000e+02 1.410000000000000000e+02
7.770000000000000000e+02 1.410000000000000000e+02
7.750000000000000000e+02 1.400000000000000000e+02
7.760000000000000000e+02 1.390000000000000000e+02
7.760000000000000000e+02 1.380000000000000000e+02
7.760000000000000000e+02 1.380000000000000000e+02
7.750000000000000000e+02 1.380000000000000000e+02
7.760000000000000000e+02 1.370000000000000000e+02
7.760000000000000000e+02 1.360000000000000000e+02
7.750000000000000000e+02 1.370000000000000000e+02
7.740000000000000000e+02 1.380000000000000000e+02
7.720000000000000000e+02 1.390000000000000000e+02
7.720000000000000000e+02 1.380000000000000000e+02
7.720000000000000000e+02 1.390000000000000000e+02
7.720000000000000000e+02 1.400000000000000000e+02
7.720000000000000000e+02 1.400000000000000000e+02
7.720000000000000000e+02 1.400000000000000000e+02
7.730000000000000000e+02 1.390000000000000000e+02
7.730000000000000000e+02 1.390000000000000000e+02
7.720000000000000000e+02 1.390000000000000000e+02
7.710000000000000000e+02 1.390000000000000000e+02
7.710000000000000000e+02 1.390000000000000000e+02
7.720000000000000000e+02 1.400000000000000000e+02
7.720000000000000000e+02 1.400000000000000000e+02
7.710000000000000000e+02 1.400000000000000000e+02
7.710000000000000000e+02 1.410000000000000000e+02
7.710000000000000000e+02 1.410000000000000000e+02
7.720000000000000000e+02 1.410000000000000000e+02
7.720000000000000000e+02 1.400000000000000000e+02
7.720000000000000000e+02 1.400000000000000000e+02
7.710000000000000000e+02 1.400000000000000000e+02
7.710000000000000000e+02 1.390000000000000000e+02
7.700000000000000000e+02 1.380000000000000000e+02
7.710000000000000000e+02 1.380000000000000000e+02
7.720000000000000000e+02 1.380000000000000000e+02
7.720000000000000000e+02 1.380000000000000000e+02
7.730000000000000000e+02 1.390000000000000000e+02
7.730000000000000000e+02 1.380000000000000000e+02
7.720000000000000000e+02 1.380000000000000000e+02
7.720000000000000000e+02 1.380000000000000000e+02
7.720000000000000000e+02 1.390000000000000000e+02
7.730000000000000000e+02 1.390000000000000000e+02
7.740000000000000000e+02 1.380000000000000000e+02
7.740000000000000000e+02 1.390000000000000000e+02
7.750000000000000000e+02 1.390000000000000000e+02
7.750000000000000000e+02 1.390000000000000000e+02
7.760000000000000000e+02 1.400000000000000000e+02
7.770000000000000000e+02 1.400000000000000000e+02
7.760000000000000000e+02 1.410000000000000000e+02
7.760000000000000000e+02 1.400000000000000000e+02
7.770000000000000000e+02 1.410000000000000000e+02
7.780000000000000000e+02 1.400000000000000000e+02
7.770000000000000000e+02 1.390000000000000000e+02
7.760000000000000000e+02 1.400000000000000000e+02
7.770000000000000000e+02 1.400000000000000000e+02
7.770000000000000000e+02 1.400000000000000000e+02
7.760000000000000000e+02 1.400000000000000000e+02
7.760000000000000000e+02 1.410000000000000000e+02
7.770000000000000000e+02 1.400000000000000000e+02
7.780000000000000000e+02 1.400000000000000000e+02
7.790000000000000000e+02 1.410000000000000000e+02
7.780000000000000000e+02 1.410000000000000000e+02
7.790000000000000000e+02 1.410000000000000000e+02
7.800000000000000000e+02 1.420000000000000000e+02
7.800000000000000000e+02 1.420000000000000000e+02
7.800000000000000000e+02 1.440000000000000000e+02
7.810000000000000000e+02 1.430000000000000000e+02
7.820000000000000000e+02 1.440000000000000000e+02
7.820000000000000000e+02 1.440000000000000000e+02
7.830000000000000000e+02 1.430000000000000000e+02
7.830000000000000000e+02 1.420000000000000000e+02
7.820000000000000000e+02 1.440000000000000000e+02
7.820000000000000000e+02 1.430000000000000000e+02
7.830000000000000000e+02 1.440000000000000000e+02
7.820000000000000000e+02 1.430000000000000000e+02
7.830000000000000000e+02 1.430000000000000000e+02
7.820000000000000000e+02 1.440000000000000000e+02
7.830000000000000000e+02 1.440000000000000000e+02
7.820000000000000000e+02 1.440000000000000000e+02
7.820000000000000000e+02 1.440000000000000000e+02
7.820000000000000000e+02 1.440000000000000000e+02
7.820000000000000000e+02 1.450000000000000000e+02
7.830000000000000000e+02 1.450000000000000000e+02
7.840000000000000000e+02 1.460000000000000000e+02
7.830000000000000000e+02 1.460000000000000000e+02
7.830000000000000000e+02 1.460000000000000000e+02
7.830000000000000000e+02 1.460000000000000000e+02
7.840000000000000000e+02 1.450000000000000000e+02
7.830000000000000000e+02 1.450000000000000000e+02
7.840000000000000000e+02 1.440000000000000000e+02
7.840000000000000000e+02 1.430000000000000000e+02
