# frames 101, center=[759, 106], duration=[900, 1000], video=browniano sol 2_0
7.590000000000000000e+02 1.060000000000000000e+02
7.590000000000000000e+02 1.060000000000000000e+02
7.590000000000000000e+02 1.060000000000000000e+02
7.590000000000000000e+02 1.060000000000000000e+02
7.600000000000000000e+02 1.050000000000000000e+02
7.600000000000000000e+02 1.060000000000000000e+02
7.590000000000000000e+02 1.060000000000000000e+02
7.600000000000000000e+02 1.050000000000000000e+02
7.580000000000000000e+02 1.040000000000000000e+02
7.580000000000000000e+02 1.040000000000000000e+02
7.580000000000000000e+02 1.040000000000000000e+02
7.580000000000000000e+02 1.040000000000000000e+02
7.570000000000000000e+02 1.040000000000000000e+02
7.570000000000000000e+02 1.040000000000000000e+02
7.570000000000000000e+02 1.030000000000000000e+02
7.570000000000000000e+02 1.020000000000000000e+02
7.560000000000000000e+02 1.020000000000000000e+02
7.550000000000000000e+02 9.900000000000000000e+01
7.550000000000000000e+02 9.900000000000000000e+01
7.560000000000000000e+02 1.010000000000000000e+02
7.560000000000000000e+02 1.010000000000000000e+02
7.570000000000000000e+02 1.010000000000000000e+02
7.580000000000000000e+02 1.010000000000000000e+02
7.580000000000000000e+02 1.010000000000000000e+02
7.580000000000000000e+02 1.000000000000000000e+02
7.570000000000000000e+02 1.010000000000000000e+02
7.570000000000000000e+02 1.000000000000000000e+02
7.570000000000000000e+02 9.900000000000000000e+01
7.580000000000000000e+02 9.900000000000000000e+01
7.580000000000000000e+02 9.900000000000000000e+01
7.580000000000000000e+02 1.000000000000000000e+02
7.590000000000000000e+02 1.010000000000000000e+02
7.590000000000000000e+02 9.900000000000000000e+01
7.590000000000000000e+02 1.000000000000000000e+02
7.590000000000000000e+02 1.000000000000000000e+02
7.590000000000000000e+02 1.000000000000000000e+02
7.590000000000000000e+02 1.010000000000000000e+02
7.590000000000000000e+02 1.000000000000000000e+02
7.600000000000000000e+02 1.000000000000000000e+02
7.600000000000000000e+02 1.000000000000000000e+02
7.600000000000000000e+02 9.900000000000000000e+01
7.600000000000000000e+02 9.800000000000000000e+01
7.620000000000000000e+02 9.800000000000000000e+01
7.620000000000000000e+02 9.800000000000000000e+01
7.630000000000000000e+02 9.800000000000000000e+01
7.640000000000000000e+02 9.800000000000000000e+01
7.650000000000000000e+02 9.800000000000000000e+01
7.650000000000000000e+02 9.700000000000000000e+01
7.640000000000000000e+02 9.800000000000000000e+01
7.640000000000000000e+02 9.800000000000000000e+01
7.640000000000000000e+02 9.900000000000000000e+01
7.640000000000000000e+02 1.000000000000000000e+02
7.630000000000000000e+02 1.000000000000000000e+02
7.640000000000000000e+02 9.900000000000000000e+01
7.640000000000000000e+02 9.900000000000000000e+01
7.630000000000000000e+02 9.800000000000000000e+01
7.620000000000000000e+02 9.800000000000000000e+01
7.620000000000000000e+02 9.800000000000000000e+01
7.620000000000000000e+02 9.900000000000000000e+01
7.620000000000000000e+02 1.000000000000000000e+02
7.620000000000000000e+02 9.800000000000000000e+01
7.610000000000000000e+02 9.800000000000000000e+01
7.620000000000000000e+02 9.700000000000000000e+01
7.620000000000000000e+02 9.600000000000000000e+01
7.630000000000000000e+02 9.600000000000000000e+01
7.630000000000000000e+02 9.600000000000000000e+01
7.640000000000000000e+02 9.700000000000000000e+01
7.630000000000000000e+02 9.600000000000000000e+01
7.630000000000000000e+02 9.500000000000000000e+01
7.620000000000000000e+02 9.500000000000000000e+01
7.630000000000000000e+02 9.500000000000000000e+01
7.620000000000000000e+02 9.500000000000000000e+01
7.620000000000000000e+02 9.500000000000000000e+01
7.620000000000000000e+02 9.500000000000000000e+01
7.620000000000000000e+02 9.400000000000000000e+01
7.610000000000000000e+02 9.500000000000000000e+01
7.620000000000000000e+02 9.400000000000000000e+01
7.620000000000000000e+02 9.400000000000000000e+01
7.620000000000000000e+02 9.500000000000000000e+01
7.620000000000000000e+02 9.400000000000000000e+01
7.610000000000000000e+02 9.300000000000000000e+01
7.610000000000000000e+02 9.300000000000000000e+01
7.610000000000000000e+02 9.400000000000000000e+01
7.610000000000000000e+02 9.500000000000000000e+01
7.630000000000000000e+02 9.600000000000000000e+01
7.610000000000000000e+02 9.600000000000000000e+01
7.600000000000000000e+02 9.600000000000000000e+01
7.610000000000000000e+02 9.600000000000000000e+01
7.620000000000000000e+02 9.700000000000000000e+01
7.620000000000000000e+02 9.900000000000000000e+01
7.630000000000000000e+02 9.900000000000000000e+01
7.620000000000000000e+02 1.000000000000000000e+02
7.620000000000000000e+02 1.010000000000000000e+02
7.610000000000000000e+02 1.010000000000000000e+02
7.610000000000000000e+02 1.000000000000000000e+02
7.620000000000000000e+02 9.900000000000000000e+01
7.630000000000000000e+02 9.900000000000000000e+01
7.630000000000000000e+02 9.900000000000000000e+01
7.630000000000000000e+02 9.900000000000000000e+01
7.620000000000000000e+02 9.900000000000000000e+01
7.630000000000000000e+02 9.800000000000000000e+01
