# frames 101, center=[783, 144], duration=[300, 400], video=browniano sol 2_0
7.830000000000000000e+02 1.440000000000000000e+02
7.830000000000000000e+02 1.440000000000000000e+02
7.830000000000000000e+02 1.440000000000000000e+02
7.840000000000000000e+02 1.440000000000000000e+02
7.840000000000000000e+02 1.440000000000000000e+02
7.840000000000000000e+02 1.440000000000000000e+02
7.840000000000000000e+02 1.440000000000000000e+02
7.860000000000000000e+02 1.430000000000000000e+02
7.850000000000000000e+02 1.440000000000000000e+02
7.860000000000000000e+02 1.450000000000000000e+02
7.850000000000000000e+02 1.440000000000000000e+02
7.850000000000000000e+02 1.440000000000000000e+02
7.850000000000000000e+02 1.430000000000000000e+02
7.840000000000000000e+02 1.430000000000000000e+02
7.840000000000000000e+02 1.440000000000000000e+02
7.850000000000000000e+02 1.440000000000000000e+02
7.850000000000000000e+02 1.440000000000000000e+02
7.850000000000000000e+02 1.430000000000000000e+02
7.840000000000000000e+02 1.410000000000000000e+02
7.850000000000000000e+02 1.420000000000000000e+02
7.850000000000000000e+02 1.420000000000000000e+02
7.840000000000000000e+02 1.420000000000000000e+02
7.840000000000000000e+02 1.430000000000000000e+02
7.840000000000000000e+02 1.430000000000000000e+02
7.840000000000000000e+02 1.430000000000000000e+02
7.840000000000000000e+02 1.420000000000000000e+02
7.840000000000000000e+02 1.420000000000000000e+02
7.840000000000000000e+02 1.420000000000000000e+02
7.830000000000000000e+02 1.420000000000000000e+02
7.840000000000000000e+02 1.420000000000000000e+02
7.850000000000000000e+02 1.410000000000000000e+02
7.850000000000000000e+02 1.420000000000000000e+02
7.850000000000000000e+02 1.410000000000000000e+02
7.850000000000000000e+02 1.400000000000000000e+02
7.850000000000000000e+02 1.400000000000000000e+02
7.850000000000000000e+02 1.400000000000000000e+02
7.850000000000000000e+02 1.400000000000000000e+02
7.860000000000000000e+02 1.390000000000000000e+02
7.860000000000000000e+02 1.400000000000000000e+02
7.860000000000000000e+02 1.400000000000000000e+02
7.860000000000000000e+02 1.400000000000000000e+02
7.850000000000000000e+02 1.400000000000000000e+02
7.840000000000000000e+02 1.390000000000000000e+02
7.850000000000000000e+02 1.400000000000000000e+02
7.860000000000000000e+02 1.390000000000000000e+02
7.860000000000000000e+02 1.390000000000000000e+02
7.870000000000000000e+02 1.380000000000000000e+02
7.870000000000000000e+02 1.390000000000000000e+02
7.870000000000000000e+02 1.400000000000000000e+02
7.870000000000000000e+02 1.390000000000000000e+02
7.870000000000000000e+02 1.390000000000000000e+02
7.870000000000000000e+02 1.380000000000000000e+02
7.850000000000000000e+02 1.380000000000000000e+02
7.840000000000000000e+02 1.380000000000000000e+02
7.840000000000000000e+02 1.370000000000000000e+02
7.850000000000000000e+02 1.370000000000000000e+02
7.860000000000000000e+02 1.370000000000000000e+02
7.860000000000000000e+02 1.360000000000000000e+02
7.850000000000000000e+02 1.360000000000000000e+02
7.850000000000000000e+02 1.360000000000000000e+02
7.860000000000000000e+02 1.370000000000000000e+02
7.850000000000000000e+02 1.360000000000000000e+02
7.840000000000000000e+02 1.370000000000000000e+02
7.850000000000000000e+02 1.370000000000000000e+02
7.840000000000000000e+02 1.380000000000000000e+02
7.840000000000000000e+02 1.360000000000000000e+02
7.830000000000000000e+02 1.370000000000000000e+02
7.840000000000000000e+02 1.380000000000000000e+02
7.830000000000000000e+02 1.360000000000000000e+02
7.820000000000000000e+02 1.360000000000000000e+02
7.820000000000000000e+02 1.360000000000000000e+02
7.820000000000000000e+02 1.370000000000000000e+02
7.810000000000000000e+02 1.380000000000000000e+02
7.820000000000000000e+02 1.370000000000000000e+02
7.820000000000000000e+02 1.370000000000000000e+02
7.810000000000000000e+02 1.360000000000000000e+02
7.810000000000000000e+02 1.350000000000000000e+02
7.810000000000000000e+02 1.350000000000000000e+02
7.810000000000000000e+02 1.360000000000000000e+02
7.800000000000000000e+02 1.350000000000000000e+02
7.800000000000000000e+02 1.360000000000000000e+02
7.810000000000000000e+02 1.360000000000000000e+02
7.810000000000000000e+02 1.340000000000000000e+02
7.810000000000000000e+02 1.340000000000000000e+02
7.800000000000000000e+02 1.330000000000000000e+02
7.800000000000000000e+02 1.340000000000000000e+02
7.800000000000000000e+02 1.340000000000000000e+02
7.810000000000000000e+02 1.340000000000000000e+02
7.820000000000000000e+02 1.330000000000000000e+02
7.810000000000000000e+02 1.340000000000000000e+02
7.810000000000000000e+02 1.330000000000000000e+02
7.820000000000000000e+02 1.350000000000000000e+02
7.820000000000000000e+02 1.330000000000000000e+02
7.820000000000000000e+02 1.340000000000000000e+02
7.820000000000000000e+02 1.350000000000000000e+02
7.830000000000000000e+02 1.340000000000000000e+02
7.840000000000000000e+02 1.330000000000000000e+02
7.850000000000000000e+02 1.320000000000000000e+02
7.850000000000000000e+02 1.320000000000000000e+02
7.840000000000000000e+02 1.330000000000000000e+02
7.830000000000000000e+02 1.340000000000000000e+02
