# frames 101, center=[784, 132], duration=[400, 500], video=browniano sol 2_0
7.840000000000000000e+02 1.320000000000000000e+02
7.840000000000000000e+02 1.320000000000000000e+02
7.840000000000000000e+02 1.320000000000000000e+02
7.840000000000000000e+02 1.320000000000000000e+02
7.830000000000000000e+02 1.320000000000000000e+02
7.840000000000000000e+02 1.320000000000000000e+02
7.840000000000000000e+02 1.320000000000000000e+02
7.840000000000000000e+02 1.320000000000000000e+02
7.830000000000000000e+02 1.320000000000000000e+02
7.830000000000000000e+02 1.320000000000000000e+02
7.830000000000000000e+02 1.320000000000000000e+02
7.830000000000000000e+02 1.330000000000000000e+02
7.830000000000000000e+02 1.320000000000000000e+02
7.830000000000000000e+02 1.320000000000000000e+02
7.840000000000000000e+02 1.320000000000000000e+02
7.830000000000000000e+02 1.330000000000000000e+02
7.820000000000000000e+02 1.330000000000000000e+02
7.830000000000000000e+02 1.320000000000000000e+02
7.830000000000000000e+02 1.320000000000000000e+02
7.840000000000000000e+02 1.320000000000000000e+02
7.830000000000000000e+02 1.320000000000000000e+02
7.820000000000000000e+02 1.320000000000000000e+02
7.820000000000000000e+02 1.330000000000000000e+02
7.810000000000000000e+02 1.320000000000000000e+02
7.810000000000000000e+02 1.320000000000000000e+02
7.820000000000000000e+02 1.330000000000000000e+02
7.820000000000000000e+02 1.320000000000000000e+02
7.820000000000000000e+02 1.320000000000000000e+02
7.820000000000000000e+02 1.310000000000000000e+02
7.810000000000000000e+02 1.300000000000000000e+02
7.810000000000000000e+02 1.310000000000000000e+02
7.810000000000000000e+02 1.310000000000000000e+02
7.820000000000000000e+02 1.300000000000000000e+02
7.820000000000000000e+02 1.320000000000000000e+02
7.820000000000000000e+02 1.320000000000000000e+02
7.820000000000000000e+02 1.320000000000000000e+02
7.820000000000000000e+02 1.330000000000000000e+02
7.830000000000000000e+02 1.340000000000000000e+02
7.830000000000000000e+02 1.340000000000000000e+02
7.820000000000000000e+02 1.340000000000000000e+02
7.820000000000000000e+02 1.340000000000000000e+02
7.800000000000000000e+02 1.340000000000000000e+02
7.810000000000000000e+02 1.330000000000000000e+02
7.800000000000000000e+02 1.320000000000000000e+02
7.800000000000000000e+02 1.320000000000000000e+02
7.810000000000000000e+02 1.330000000000000000e+02
7.800000000000000000e+02 1.340000000000000000e+02
7.800000000000000000e+02 1.340000000000000000e+02
7.790000000000000000e+02 1.330000000000000000e+02
7.790000000000000000e+02 1.330000000000000000e+02
7.790000000000000000e+02 1.330000000000000000e+02
7.790000000000000000e+02 1.340000000000000000e+02
7.800000000000000000e+02 1.340000000000000000e+02
7.810000000000000000e+02 1.340000000000000000e+02
7.800000000000000000e+02 1.350000000000000000e+02
7.810000000000000000e+02 1.350000000000000000e+02
7.810000000000000000e+02 1.350000000000000000e+02
7.810000000000000000e+02 1.350000000000000000e+02
7.820000000000000000e+02 1.360000000000000000e+02
7.820000000000000000e+02 1.360000000000000000e+02
7.810000000000000000e+02 1.370000000000000000e+02
7.810000000000000000e+02 1.370000000000000000e+02
7.810000000000000000e+02 1.380000000000000000e+02
7.820000000000000000e+02 1.380000000000000000e+02
7.810000000000000000e+02 1.370000000000000000e+02
7.810000000000000000e+02 1.380000000000000000e+02
7.800000000000000000e+02 1.380000000000000000e+02
7.800000000000000000e+02 1.380000000000000000e+02
7.810000000000000000e+02 1.380000000000000000e+02
7.800000000000000000e+02 1.380000000000000000e+02
7.800000000000000000e+02 1.380000000000000000e+02
7.800000000000000000e+02 1.380000000000000000e+02
7.800000000000000000e+02 1.370000000000000000e+02
7.810000000000000000e+02 1.370000000000000000e+02
7.790000000000000000e+02 1.360000000000000000e+02
7.780000000000000000e+02 1.360000000000000000e+02
7.780000000000000000e+02 1.350000000000000000e+02
7.780000000000000000e+02 1.340000000000000000e+02
7.770000000000000000e+02 1.340000000000000000e+02
7.760000000000000000e+02 1.340000000000000000e+02
7.780000000000000000e+02 1.330000000000000000e+02
7.770000000000000000e+02 1.330000000000000000e+02
7.760000000000000000e+02 1.320000000000000000e+02
7.770000000000000000e+02 1.320000000000000000e+02
7.780000000000000000e+02 1.320000000000000000e+02
7.780000000000000000e+02 1.320000000000000000e+02
7.780000000000000000e+02 1.320000000000000000e+02
7.770000000000000000e+02 1.330000000000000000e+02
7.780000000000000000e+02 1.330000000000000000e+02
7.770000000000000000e+02 1.330000000000000000e+02
7.770000000000000000e+02 1.320000000000000000e+02
7.770000000000000000e+02 1.330000000000000000e+02
7.760000000000000000e+02 1.320000000000000000e+02
7.770000000000000000e+02 1.320000000000000000e+02
7.770000000000000000e+02 1.320000000000000000e+02
7.780000000000000000e+02 1.320000000000000000e+02
7.780000000000000000e+02 1.320000000000000000e+02
7.790000000000000000e+02 1.320000000000000000e+02
7.790000000000000000e+02 1.320000000000000000e+02
7.800000000000000000e+02 1.320000000000000000e+02
7.780000000000000000e+02 1.320000000000000000e+02
