# frames 101, center=[772, 127], duration=[600, 700], video=browniano sol 2_0
7.720000000000000000e+02 1.270000000000000000e+02
7.720000000000000000e+02 1.270000000000000000e+02
7.720000000000000000e+02 1.270000000000000000e+02
7.710000000000000000e+02 1.280000000000000000e+02
7.710000000000000000e+02 1.280000000000000000e+02
7.710000000000000000e+02 1.270000000000000000e+02
7.710000000000000000e+02 1.260000000000000000e+02
7.720000000000000000e+02 1.260000000000000000e+02
7.720000000000000000e+02 1.260000000000000000e+02
7.730000000000000000e+02 1.260000000000000000e+02
7.740000000000000000e+02 1.280000000000000000e+02
7.750000000000000000e+02 1.270000000000000000e+02
7.750000000000000000e+02 1.270000000000000000e+02
7.760000000000000000e+02 1.260000000000000000e+02
7.760000000000000000e+02 1.260000000000000000e+02
7.760000000000000000e+02 1.260000000000000000e+02
7.760000000000000000e+02 1.260000000000000000e+02
7.750000000000000000e+02 1.260000000000000000e+02
7.750000000000000000e+02 1.260000000000000000e+02
7.740000000000000000e+02 1.270000000000000000e+02
7.740000000000000000e+02 1.250000000000000000e+02
7.740000000000000000e+02 1.260000000000000000e+02
7.750000000000000000e+02 1.250000000000000000e+02
7.750000000000000000e+02 1.240000000000000000e+02
7.750000000000000000e+02 1.240000000000000000e+02
7.760000000000000000e+02 1.240000000000000000e+02
7.740000000000000000e+02 1.250000000000000000e+02
7.760000000000000000e+02 1.250000000000000000e+02
7.750000000000000000e+02 1.250000000000000000e+02
7.760000000000000000e+02 1.250000000000000000e+02
7.770000000000000000e+02 1.270000000000000000e+02
7.770000000000000000e+02 1.260000000000000000e+02
7.770000000000000000e+02 1.270000000000000000e+02
7.770000000000000000e+02 1.260000000000000000e+02
7.780000000000000000e+02 1.270000000000000000e+02
7.780000000000000000e+02 1.270000000000000000e+02
7.790000000000000000e+02 1.270000000000000000e+02
7.800000000000000000e+02 1.270000000000000000e+02
7.800000000000000000e+02 1.270000000000000000e+02
7.810000000000000000e+02 1.260000000000000000e+02
7.810000000000000000e+02 1.250000000000000000e+02
7.820000000000000000e+02 1.250000000000000000e+02
7.830000000000000000e+02 1.250000000000000000e+02
7.840000000000000000e+02 1.240000000000000000e+02
7.840000000000000000e+02 1.240000000000000000e+02
7.830000000000000000e+02 1.230000000000000000e+02
7.830000000000000000e+02 1.220000000000000000e+02
7.820000000000000000e+02 1.220000000000000000e+02
7.800000000000000000e+02 1.210000000000000000e+02
7.800000000000000000e+02 1.210000000000000000e+02
7.810000000000000000e+02 1.210000000000000000e+02
7.820000000000000000e+02 1.210000000000000000e+02
7.810000000000000000e+02 1.210000000000000000e+02
7.830000000000000000e+02 1.220000000000000000e+02
7.820000000000000000e+02 1.210000000000000000e+02
7.830000000000000000e+02 1.220000000000000000e+02
7.820000000000000000e+02 1.210000000000000000e+02
7.810000000000000000e+02 1.190000000000000000e+02
7.810000000000000000e+02 1.190000000000000000e+02
7.800000000000000000e+02 1.200000000000000000e+02
7.790000000000000000e+02 1.200000000000000000e+02
7.790000000000000000e+02 1.200000000000000000e+02
7.790000000000000000e+02 1.190000000000000000e+02
7.790000000000000000e+02 1.190000000000000000e+02
7.780000000000000000e+02 1.210000000000000000e+02
7.760000000000000000e+02 1.220000000000000000e+02
7.750000000000000000e+02 1.220000000000000000e+02
7.740000000000000000e+02 1.210000000000000000e+02
7.740000000000000000e+02 1.210000000000000000e+02
7.740000000000000000e+02 1.210000000000000000e+02
7.720000000000000000e+02 1.210000000000000000e+02
7.720000000000000000e+02 1.210000000000000000e+02
7.720000000000000000e+02 1.200000000000000000e+02
7.720000000000000000e+02 1.210000000000000000e+02
7.710000000000000000e+02 1.210000000000000000e+02
7.710000000000000000e+02 1.220000000000000000e+02
7.700000000000000000e+02 1.220000000000000000e+02
7.710000000000000000e+02 1.220000000000000000e+02
7.710000000000000000e+02 1.230000000000000000e+02
7.720000000000000000e+02 1.240000000000000000e+02
7.730000000000000000e+02 1.240000000000000000e+02
7.720000000000000000e+02 1.230000000000000000e+02
7.720000000000000000e+02 1.250000000000000000e+02
7.720000000000000000e+02 1.250000000000000000e+02
7.720000000000000000e+02 1.250000000000000000e+02
7.720000000000000000e+02 1.250000000000000000e+02
7.730000000000000000e+02 1.260000000000000000e+02
7.730000000000000000e+02 1.280000000000000000e+02
7.730000000000000000e+02 1.260000000000000000e+02
7.730000000000000000e+02 1.260000000000000000e+02
7.720000000000000000e+02 1.240000000000000000e+02
7.710000000000000000e+02 1.230000000000000000e+02
7.720000000000000000e+02 1.220000000000000000e+02
7.720000000000000000e+02 1.230000000000000000e+02
7.720000000000000000e+02 1.230000000000000000e+02
7.730000000000000000e+02 1.240000000000000000e+02
7.720000000000000000e+02 1.230000000000000000e+02
7.710000000000000000e+02 1.220000000000000000e+02
7.710000000000000000e+02 1.220000000000000000e+02
7.710000000000000000e+02 1.220000000000000000e+02
7.700000000000000000e+02 1.240000000000000000e+02
