# frames 101, center=[764, 155], duration=[0, 100], video=browniano sol 2_0
7.640000000000000000e+02 1.550000000000000000e+02
7.640000000000000000e+02 1.550000000000000000e+02
7.640000000000000000e+02 1.550000000000000000e+02
7.640000000000000000e+02 1.550000000000000000e+02
7.640000000000000000e+02 1.550000000000000000e+02
7.630000000000000000e+02 1.540000000000000000e+02
7.630000000000000000e+02 1.530000000000000000e+02
7.650000000000000000e+02 1.520000000000000000e+02
7.640000000000000000e+02 1.520000000000000000e+02
7.650000000000000000e+02 1.510000000000000000e+02
7.650000000000000000e+02 1.500000000000000000e+02
7.660000000000000000e+02 1.500000000000000000e+02
7.650000000000000000e+02 1.500000000000000000e+02
7.650000000000000000e+02 1.500000000000000000e+02
7.640000000000000000e+02 1.500000000000000000e+02
7.630000000000000000e+02 1.510000000000000000e+02
7.640000000000000000e+02 1.500000000000000000e+02
7.630000000000000000e+02 1.500000000000000000e+02
7.640000000000000000e+02 1.500000000000000000e+02
7.650000000000000000e+02 1.500000000000000000e+02
7.650000000000000000e+02 1.500000000000000000e+02
7.640000000000000000e+02 1.500000000000000000e+02
7.660000000000000000e+02 1.510000000000000000e+02
7.670000000000000000e+02 1.520000000000000000e+02
7.680000000000000000e+02 1.530000000000000000e+02
7.690000000000000000e+02 1.520000000000000000e+02
7.690000000000000000e+02 1.500000000000000000e+02
7.690000000000000000e+02 1.490000000000000000e+02
7.680000000000000000e+02 1.470000000000000000e+02
7.670000000000000000e+02 1.480000000000000000e+02
7.670000000000000000e+02 1.480000000000000000e+02
7.690000000000000000e+02 1.460000000000000000e+02
7.690000000000000000e+02 1.480000000000000000e+02
7.680000000000000000e+02 1.470000000000000000e+02
7.680000000000000000e+02 1.470000000000000000e+02
7.670000000000000000e+02 1.500000000000000000e+02
7.670000000000000000e+02 1.510000000000000000e+02
7.660000000000000000e+02 1.520000000000000000e+02
7.670000000000000000e+02 1.520000000000000000e+02
7.690000000000000000e+02 1.510000000000000000e+02
7.670000000000000000e+02 1.510000000000000000e+02
7.670000000000000000e+02 1.520000000000000000e+02
7.670000000000000000e+02 1.540000000000000000e+02
7.660000000000000000e+02 1.540000000000000000e+02
7.660000000000000000e+02 1.540000000000000000e+02
7.660000000000000000e+02 1.550000000000000000e+02
7.660000000000000000e+02 1.530000000000000000e+02
7.650000000000000000e+02 1.520000000000000000e+02
7.660000000000000000e+02 1.520000000000000000e+02
7.660000000000000000e+02 1.520000000000000000e+02
7.650000000000000000e+02 1.520000000000000000e+02
7.660000000000000000e+02 1.520000000000000000e+02
7.660000000000000000e+02 1.530000000000000000e+02
7.660000000000000000e+02 1.530000000000000000e+02
7.670000000000000000e+02 1.540000000000000000e+02
7.670000000000000000e+02 1.540000000000000000e+02
7.680000000000000000e+02 1.550000000000000000e+02
7.680000000000000000e+02 1.540000000000000000e+02
7.690000000000000000e+02 1.530000000000000000e+02
7.680000000000000000e+02 1.530000000000000000e+02
7.680000000000000000e+02 1.540000000000000000e+02
7.660000000000000000e+02 1.540000000000000000e+02
7.650000000000000000e+02 1.530000000000000000e+02
7.640000000000000000e+02 1.530000000000000000e+02
7.640000000000000000e+02 1.530000000000000000e+02
7.640000000000000000e+02 1.510000000000000000e+02
7.640000000000000000e+02 1.510000000000000000e+02
7.640000000000000000e+02 1.500000000000000000e+02
7.640000000000000000e+02 1.490000000000000000e+02
7.650000000000000000e+02 1.490000000000000000e+02
7.640000000000000000e+02 1.490000000000000000e+02
7.630000000000000000e+02 1.480000000000000000e+02
7.630000000000000000e+02 1.490000000000000000e+02
7.620000000000000000e+02 1.500000000000000000e+02
7.630000000000000000e+02 1.510000000000000000e+02
7.630000000000000000e+02 1.500000000000000000e+02
7.630000000000000000e+02 1.500000000000000000e+02
7.640000000000000000e+02 1.510000000000000000e+02
7.640000000000000000e+02 1.510000000000000000e+02
7.650000000000000000e+02 1.500000000000000000e+02
7.640000000000000000e+02 1.500000000000000000e+02
7.650000000000000000e+02 1.490000000000000000e+02
7.650000000000000000e+02 1.500000000000000000e+02
7.660000000000000000e+02 1.480000000000000000e+02
7.660000000000000000e+02 1.480000000000000000e+02
7.660000000000000000e+02 1.490000000000000000e+02
7.660000000000000000e+02 1.490000000000000000e+02
7.660000000000000000e+02 1.490000000000000000e+02
7.660000000000000000e+02 1.490000000000000000e+02
7.670000000000000000e+02 1.500000000000000000e+02
7.670000000000000000e+02 1.510000000000000000e+02
7.660000000000000000e+02 1.500000000000000000e+02
7.660000000000000000e+02 1.500000000000000000e+02
7.660000000000000000e+02 1.500000000000000000e+02
7.660000000000000000e+02 1.490000000000000000e+02
7.660000000000000000e+02 1.490000000000000000e+02
7.660000000000000000e+02 1.490000000000000000e+02
7.660000000000000000e+02 1.490000000000000000e+02
7.660000000000000000e+02 1.470000000000000000e+02
7.660000000000000000e+02 1.470000000000000000e+02
7.680000000000000000e+02 1.480000000000000000e+02
