# frames 101, center=[770, 126], duration=[700, 800], video=browniano sol 2_0
7.700000000000000000e+02 1.260000000000000000e+02
7.700000000000000000e+02 1.260000000000000000e+02
7.700000000000000000e+02 1.260000000000000000e+02
7.700000000000000000e+02 1.240000000000000000e+02
7.700000000000000000e+02 1.250000000000000000e+02
7.700000000000000000e+02 1.260000000000000000e+02
7.700000000000000000e+02 1.270000000000000000e+02
7.700000000000000000e+02 1.270000000000000000e+02
7.700000000000000000e+02 1.260000000000000000e+02
7.690000000000000000e+02 1.250000000000000000e+02
7.680000000000000000e+02 1.260000000000000000e+02
7.680000000000000000e+02 1.260000000000000000e+02
7.680000000000000000e+02 1.280000000000000000e+02
7.690000000000000000e+02 1.270000000000000000e+02
7.690000000000000000e+02 1.280000000000000000e+02
7.680000000000000000e+02 1.280000000000000000e+02
7.680000000000000000e+02 1.270000000000000000e+02
7.680000000000000000e+02 1.280000000000000000e+02
7.670000000000000000e+02 1.280000000000000000e+02
7.670000000000000000e+02 1.280000000000000000e+02
7.650000000000000000e+02 1.290000000000000000e+02
7.650000000000000000e+02 1.280000000000000000e+02
7.650000000000000000e+02 1.280000000000000000e+02
7.670000000000000000e+02 1.280000000000000000e+02
7.670000000000000000e+02 1.270000000000000000e+02
7.670000000000000000e+02 1.270000000000000000e+02
7.680000000000000000e+02 1.260000000000000000e+02
7.680000000000000000e+02 1.270000000000000000e+02
7.680000000000000000e+02 1.270000000000000000e+02
7.660000000000000000e+02 1.270000000000000000e+02
7.660000000000000000e+02 1.280000000000000000e+02
7.650000000000000000e+02 1.270000000000000000e+02
7.660000000000000000e+02 1.280000000000000000e+02
7.640000000000000000e+02 1.290000000000000000e+02
7.650000000000000000e+02 1.290000000000000000e+02
7.640000000000000000e+02 1.300000000000000000e+02
7.640000000000000000e+02 1.300000000000000000e+02
7.640000000000000000e+02 1.290000000000000000e+02
7.650000000000000000e+02 1.300000000000000000e+02
7.650000000000000000e+02 1.300000000000000000e+02
7.650000000000000000e+02 1.300000000000000000e+02
7.650000000000000000e+02 1.300000000000000000e+02
7.660000000000000000e+02 1.290000000000000000e+02
7.660000000000000000e+02 1.300000000000000000e+02
7.670000000000000000e+02 1.300000000000000000e+02
7.680000000000000000e+02 1.300000000000000000e+02
7.680000000000000000e+02 1.290000000000000000e+02
7.690000000000000000e+02 1.290000000000000000e+02
7.690000000000000000e+02 1.290000000000000000e+02
7.690000000000000000e+02 1.290000000000000000e+02
7.700000000000000000e+02 1.310000000000000000e+02
7.710000000000000000e+02 1.300000000000000000e+02
7.710000000000000000e+02 1.290000000000000000e+02
7.700000000000000000e+02 1.300000000000000000e+02
7.710000000000000000e+02 1.290000000000000000e+02
7.710000000000000000e+02 1.290000000000000000e+02
7.710000000000000000e+02 1.290000000000000000e+02
7.710000000000000000e+02 1.280000000000000000e+02
7.700000000000000000e+02 1.290000000000000000e+02
7.690000000000000000e+02 1.280000000000000000e+02
7.690000000000000000e+02 1.290000000000000000e+02
7.670000000000000000e+02 1.290000000000000000e+02
7.660000000000000000e+02 1.290000000000000000e+02
7.660000000000000000e+02 1.290000000000000000e+02
7.660000000000000000e+02 1.290000000000000000e+02
7.670000000000000000e+02 1.290000000000000000e+02
7.670000000000000000e+02 1.290000000000000000e+02
7.680000000000000000e+02 1.270000000000000000e+02
7.670000000000000000e+02 1.280000000000000000e+02
7.670000000000000000e+02 1.280000000000000000e+02
7.670000000000000000e+02 1.290000000000000000e+02
7.670000000000000000e+02 1.280000000000000000e+02
7.660000000000000000e+02 1.270000000000000000e+02
7.650000000000000000e+02 1.270000000000000000e+02
7.650000000000000000e+02 1.270000000000000000e+02
7.640000000000000000e+02 1.260000000000000000e+02
7.640000000000000000e+02 1.250000000000000000e+02
7.630000000000000000e+02 1.250000000000000000e+02
7.630000000000000000e+02 1.250000000000000000e+02
7.630000000000000000e+02 1.250000000000000000e+02
7.640000000000000000e+02 1.250000000000000000e+02
7.640000000000000000e+02 1.260000000000000000e+02
7.650000000000000000e+02 1.250000000000000000e+02
7.640000000000000000e+02 1.260000000000000000e+02
7.640000000000000000e+02 1.260000000000000000e+02
7.640000000000000000e+02 1.240000000000000000e+02
7.640000000000000000e+02 1.250000000000000000e+02
7.630000000000000000e+02 1.250000000000000000e+02
7.630000000000000000e+02 1.240000000000000000e+02
7.630000000000000000e+02 1.230000000000000000e+02
7.630000000000000000e+02 1.230000000000000000e+02
7.630000000000000000e+02 1.230000000000000000e+02
7.640000000000000000e+02 1.240000000000000000e+02
7.640000000000000000e+02 1.230000000000000000e+02
7.630000000000000000e+02 1.220000000000000000e+02
7.630000000000000000e+02 1.210000000000000000e+02
7.640000000000000000e+02 1.210000000000000000e+02
7.640000000000000000e+02 1.200000000000000000e+02
7.630000000000000000e+02 1.200000000000000000e+02
7.620000000000000000e+02 1.200000000000000000e+02
7.630000000000000000e+02 1.190000000000000000e+02
