# frames 101, center=[769, 151], duration=[100, 200], video=browniano sol 2_0
7.690000000000000000e+02 1.510000000000000000e+02
7.690000000000000000e+02 1.510000000000000000e+02
7.690000000000000000e+02 1.510000000000000000e+02
7.690000000000000000e+02 1.530000000000000000e+02
7.690000000000000000e+02 1.530000000000000000e+02
7.690000000000000000e+02 1.530000000000000000e+02
7.680000000000000000e+02 1.540000000000000000e+02
7.690000000000000000e+02 1.530000000000000000e+02
7.700000000000000000e+02 1.540000000000000000e+02
7.710000000000000000e+02 1.530000000000000000e+02
7.710000000000000000e+02 1.530000000000000000e+02
7.690000000000000000e+02 1.530000000000000000e+02
7.700000000000000000e+02 1.530000000000000000e+02
7.700000000000000000e+02 1.540000000000000000e+02
7.690000000000000000e+02 1.540000000000000000e+02
7.700000000000000000e+02 1.540000000000000000e+02
7.690000000000000000e+02 1.550000000000000000e+02
7.700000000000000000e+02 1.560000000000000000e+02
7.690000000000000000e+02 1.560000000000000000e+02
7.680000000000000000e+02 1.560000000000000000e+02
7.690000000000000000e+02 1.550000000000000000e+02
7.670000000000000000e+02 1.550000000000000000e+02
7.680000000000000000e+02 1.560000000000000000e+02
7.680000000000000000e+02 1.570000000000000000e+02
7.680000000000000000e+02 1.570000000000000000e+02
7.680000000000000000e+02 1.570000000000000000e+02
7.680000000000000000e+02 1.560000000000000000e+02
7.690000000000000000e+02 1.550000000000000000e+02
7.700000000000000000e+02 1.550000000000000000e+02
7.700000000000000000e+02 1.540000000000000000e+02
7.690000000000000000e+02 1.550000000000000000e+02
7.690000000000000000e+02 1.550000000000000000e+02
7.700000000000000000e+02 1.560000000000000000e+02
7.710000000000000000e+02 1.550000000000000000e+02
7.700000000000000000e+02 1.540000000000000000e+02
7.690000000000000000e+02 1.540000000000000000e+02
7.690000000000000000e+02 1.530000000000000000e+02
7.690000000000000000e+02 1.530000000000000000e+02
7.700000000000000000e+02 1.530000000000000000e+02
7.700000000000000000e+02 1.530000000000000000e+02
7.700000000000000000e+02 1.540000000000000000e+02
7.690000000000000000e+02 1.530000000000000000e+02
7.680000000000000000e+02 1.550000000000000000e+02
7.690000000000000000e+02 1.550000000000000000e+02
7.690000000000000000e+02 1.540000000000000000e+02
7.700000000000000000e+02 1.540000000000000000e+02
7.700000000000000000e+02 1.540000000000000000e+02
7.690000000000000000e+02 1.540000000000000000e+02
7.690000000000000000e+02 1.530000000000000000e+02
7.680000000000000000e+02 1.540000000000000000e+02
7.690000000000000000e+02 1.540000000000000000e+02
7.690000000000000000e+02 1.530000000000000000e+02
7.690000000000000000e+02 1.530000000000000000e+02
7.710000000000000000e+02 1.530000000000000000e+02
7.710000000000000000e+02 1.530000000000000000e+02
7.700000000000000000e+02 1.540000000000000000e+02
7.720000000000000000e+02 1.530000000000000000e+02
7.720000000000000000e+02 1.550000000000000000e+02
7.720000000000000000e+02 1.550000000000000000e+02
7.720000000000000000e+02 1.560000000000000000e+02
7.720000000000000000e+02 1.570000000000000000e+02
7.710000000000000000e+02 1.570000000000000000e+02
7.710000000000000000e+02 1.570000000000000000e+02
7.720000000000000000e+02 1.560000000000000000e+02
7.710000000000000000e+02 1.570000000000000000e+02
7.720000000000000000e+02 1.570000000000000000e+02
7.730000000000000000e+02 1.560000000000000000e+02
7.730000000000000000e+02 1.560000000000000000e+02
7.740000000000000000e+02 1.540000000000000000e+02
7.750000000000000000e+02 1.530000000000000000e+02
7.740000000000000000e+02 1.520000000000000000e+02
7.740000000000000000e+02 1.520000000000000000e+02
7.750000000000000000e+02 1.510000000000000000e+02
7.750000000000000000e+02 1.510000000000000000e+02
7.740000000000000000e+02 1.510000000000000000e+02
7.730000000000000000e+02 1.510000000000000000e+02
7.740000000000000000e+02 1.500000000000000000e+02
7.750000000000000000e+02 1.510000000000000000e+02
7.750000000000000000e+02 1.490000000000000000e+02
7.750000000000000000e+02 1.490000000000000000e+02
7.760000000000000000e+02 1.480000000000000000e+02
7.760000000000000000e+02 1.480000000000000000e+02
7.760000000000000000e+02 1.480000000000000000e+02
7.760000000000000000e+02 1.500000000000000000e+02
7.750000000000000000e+02 1.490000000000000000e+02
7.760000000000000000e+02 1.500000000000000000e+02
7.760000000000000000e+02 1.500000000000000000e+02
7.750000000000000000e+02 1.510000000000000000e+02
7.750000000000000000e+02 1.500000000000000000e+02
7.750000000000000000e+02 1.510000000000000000e+02
7.740000000000000000e+02 1.510000000000000000e+02
7.750000000000000000e+02 1.500000000000000000e+02
7.750000000000000000e+02 1.500000000000000000e+02
7.740000000000000000e+02 1.500000000000000000e+02
7.750000000000000000e+02 1.490000000000000000e+02
7.750000000000000000e+02 1.470000000000000000e+02
7.750000000000000000e+02 1.480000000000000000e+02
7.750000000000000000e+02 1.470000000000000000e+02
7.750000000000000000e+02 1.470000000000000000e+02
7.760000000000000000e+02 1.470000000000000000e+02
7.770000000000000000e+02 1.480000000000000000e+02
