# frames 101, center=[982, 154], duration=[900, 1000], video=browniano sol 2_0
9.820000000000000000e+02 1.540000000000000000e+02
9.820000000000000000e+02 1.540000000000000000e+02
9.820000000000000000e+02 1.540000000000000000e+02
9.820000000000000000e+02 1.550000000000000000e+02
9.830000000000000000e+02 1.540000000000000000e+02
9.840000000000000000e+02 1.520000000000000000e+02
9.830000000000000000e+02 1.550000000000000000e+02
9.830000000000000000e+02 1.530000000000000000e+02
9.830000000000000000e+02 1.520000000000000000e+02
9.820000000000000000e+02 1.520000000000000000e+02
9.820000000000000000e+02 1.530000000000000000e+02
9.830000000000000000e+02 1.530000000000000000e+02
9.840000000000000000e+02 1.540000000000000000e+02
9.850000000000000000e+02 1.520000000000000000e+02
9.850000000000000000e+02 1.530000000000000000e+02
9.830000000000000000e+02 1.540000000000000000e+02
9.840000000000000000e+02 1.550000000000000000e+02
9.830000000000000000e+02 1.560000000000000000e+02
9.840000000000000000e+02 1.560000000000000000e+02
9.850000000000000000e+02 1.560000000000000000e+02
9.840000000000000000e+02 1.570000000000000000e+02
9.840000000000000000e+02 1.570000000000000000e+02
9.850000000000000000e+02 1.580000000000000000e+02
9.830000000000000000e+02 1.570000000000000000e+02
9.840000000000000000e+02 1.580000000000000000e+02
9.840000000000000000e+02 1.600000000000000000e+02
9.830000000000000000e+02 1.600000000000000000e+02
9.850000000000000000e+02 1.600000000000000000e+02
9.840000000000000000e+02 1.610000000000000000e+02
9.850000000000000000e+02 1.600000000000000000e+02
9.850000000000000000e+02 1.600000000000000000e+02
9.840000000000000000e+02 1.600000000000000000e+02
9.840000000000000000e+02 1.580000000000000000e+02
9.840000000000000000e+02 1.590000000000000000e+02
9.840000000000000000e+02 1.580000000000000000e+02
9.860000000000000000e+02 1.580000000000000000e+02
9.840000000000000000e+02 1.570000000000000000e+02
9.850000000000000000e+02 1.570000000000000000e+02
9.840000000000000000e+02 1.580000000000000000e+02
9.830000000000000000e+02 1.570000000000000000e+02
9.840000000000000000e+02 1.580000000000000000e+02
9.840000000000000000e+02 1.580000000000000000e+02
9.840000000000000000e+02 1.580000000000000000e+02
9.830000000000000000e+02 1.580000000000000000e+02
9.840000000000000000e+02 1.580000000000000000e+02
9.860000000000000000e+02 1.600000000000000000e+02
9.850000000000000000e+02 1.600000000000000000e+02
9.860000000000000000e+02 1.600000000000000000e+02
9.860000000000000000e+02 1.590000000000000000e+02
9.860000000000000000e+02 1.580000000000000000e+02
9.850000000000000000e+02 1.580000000000000000e+02
9.840000000000000000e+02 1.570000000000000000e+02
9.840000000000000000e+02 1.560000000000000000e+02
9.840000000000000000e+02 1.560000000000000000e+02
9.860000000000000000e+02 1.560000000000000000e+02
9.870000000000000000e+02 1.550000000000000000e+02
9.860000000000000000e+02 1.540000000000000000e+02
9.870000000000000000e+02 1.550000000000000000e+02
9.880000000000000000e+02 1.570000000000000000e+02
9.900000000000000000e+02 1.580000000000000000e+02
9.910000000000000000e+02 1.570000000000000000e+02
9.920000000000000000e+02 1.560000000000000000e+02
9.900000000000000000e+02 1.560000000000000000e+02
9.910000000000000000e+02 1.570000000000000000e+02
9.910000000000000000e+02 1.570000000000000000e+02
9.930000000000000000e+02 1.570000000000000000e+02
9.950000000000000000e+02 1.570000000000000000e+02
9.960000000000000000e+02 1.560000000000000000e+02
9.960000000000000000e+02 1.550000000000000000e+02
9.950000000000000000e+02 1.560000000000000000e+02
9.950000000000000000e+02 1.560000000000000000e+02
9.940000000000000000e+02 1.550000000000000000e+02
9.940000000000000000e+02 1.550000000000000000e+02
9.940000000000000000e+02 1.550000000000000000e+02
9.940000000000000000e+02 1.560000000000000000e+02
9.950000000000000000e+02 1.540000000000000000e+02
9.950000000000000000e+02 1.540000000000000000e+02
9.940000000000000000e+02 1.530000000000000000e+02
9.930000000000000000e+02 1.540000000000000000e+02
9.930000000000000000e+02 1.520000000000000000e+02
9.920000000000000000e+02 1.520000000000000000e+02
9.930000000000000000e+02 1.520000000000000000e+02
9.920000000000000000e+02 1.520000000000000000e+02
9.920000000000000000e+02 1.520000000000000000e+02
9.910000000000000000e+02 1.510000000000000000e+02
9.900000000000000000e+02 1.500000000000000000e+02
9.900000000000000000e+02 1.500000000000000000e+02
9.920000000000000000e+02 1.500000000000000000e+02
9.920000000000000000e+02 1.500000000000000000e+02
9.910000000000000000e+02 1.490000000000000000e+02
9.930000000000000000e+02 1.500000000000000000e+02
9.940000000000000000e+02 1.500000000000000000e+02
9.940000000000000000e+02 1.490000000000000000e+02
9.950000000000000000e+02 1.490000000000000000e+02
9.950000000000000000e+02 1.470000000000000000e+02
9.940000000000000000e+02 1.480000000000000000e+02
9.940000000000000000e+02 1.480000000000000000e+02
9.930000000000000000e+02 1.480000000000000000e+02
9.940000000000000000e+02 1.490000000000000000e+02
9.940000000000000000e+02 1.490000000000000000e+02
9.940000000000000000e+02 1.490000000000000000e+02
