# frames 101, center=[951, 159], duration=[400, 500], video=browniano sol 2_0
9.510000000000000000e+02 1.590000000000000000e+02
9.510000000000000000e+02 1.590000000000000000e+02
9.510000000000000000e+02 1.590000000000000000e+02
9.510000000000000000e+02 1.590000000000000000e+02
9.510000000000000000e+02 1.610000000000000000e+02
9.530000000000000000e+02 1.620000000000000000e+02
9.530000000000000000e+02 1.630000000000000000e+02
9.530000000000000000e+02 1.630000000000000000e+02
9.530000000000000000e+02 1.620000000000000000e+02
9.530000000000000000e+02 1.620000000000000000e+02
9.540000000000000000e+02 1.620000000000000000e+02
9.540000000000000000e+02 1.600000000000000000e+02
9.530000000000000000e+02 1.620000000000000000e+02
9.530000000000000000e+02 1.630000000000000000e+02
9.540000000000000000e+02 1.630000000000000000e+02
9.520000000000000000e+02 1.640000000000000000e+02
9.520000000000000000e+02 1.640000000000000000e+02
9.510000000000000000e+02 1.630000000000000000e+02
9.520000000000000000e+02 1.630000000000000000e+02
9.530000000000000000e+02 1.630000000000000000e+02
9.530000000000000000e+02 1.630000000000000000e+02
9.530000000000000000e+02 1.630000000000000000e+02
9.520000000000000000e+02 1.620000000000000000e+02
9.530000000000000000e+02 1.610000000000000000e+02
9.520000000000000000e+02 1.620000000000000000e+02
9.530000000000000000e+02 1.600000000000000000e+02
9.540000000000000000e+02 1.600000000000000000e+02
9.530000000000000000e+02 1.600000000000000000e+02
9.530000000000000000e+02 1.600000000000000000e+02
9.540000000000000000e+02 1.600000000000000000e+02
9.540000000000000000e+02 1.600000000000000000e+02
9.540000000000000000e+02 1.590000000000000000e+02
9.540000000000000000e+02 1.600000000000000000e+02
9.540000000000000000e+02 1.600000000000000000e+02
9.550000000000000000e+02 1.590000000000000000e+02
9.550000000000000000e+02 1.600000000000000000e+02
9.560000000000000000e+02 1.600000000000000000e+02
9.560000000000000000e+02 1.610000000000000000e+02
9.550000000000000000e+02 1.610000000000000000e+02
9.540000000000000000e+02 1.610000000000000000e+02
9.550000000000000000e+02 1.610000000000000000e+02
9.540000000000000000e+02 1.620000000000000000e+02
9.550000000000000000e+02 1.620000000000000000e+02
9.540000000000000000e+02 1.620000000000000000e+02
9.550000000000000000e+02 1.620000000000000000e+02
9.560000000000000000e+02 1.620000000000000000e+02
9.570000000000000000e+02 1.630000000000000000e+02
9.570000000000000000e+02 1.640000000000000000e+02
9.560000000000000000e+02 1.640000000000000000e+02
9.550000000000000000e+02 1.640000000000000000e+02
9.570000000000000000e+02 1.650000000000000000e+02
9.570000000000000000e+02 1.650000000000000000e+02
9.580000000000000000e+02 1.650000000000000000e+02
9.580000000000000000e+02 1.640000000000000000e+02
9.580000000000000000e+02 1.650000000000000000e+02
9.580000000000000000e+02 1.650000000000000000e+02
9.580000000000000000e+02 1.650000000000000000e+02
9.590000000000000000e+02 1.650000000000000000e+02
9.600000000000000000e+02 1.650000000000000000e+02
9.590000000000000000e+02 1.660000000000000000e+02
9.580000000000000000e+02 1.660000000000000000e+02
9.580000000000000000e+02 1.660000000000000000e+02
9.580000000000000000e+02 1.650000000000000000e+02
9.580000000000000000e+02 1.670000000000000000e+02
9.590000000000000000e+02 1.660000000000000000e+02
9.600000000000000000e+02 1.660000000000000000e+02
9.600000000000000000e+02 1.660000000000000000e+02
9.610000000000000000e+02 1.660000000000000000e+02
9.610000000000000000e+02 1.640000000000000000e+02
9.620000000000000000e+02 1.640000000000000000e+02
9.620000000000000000e+02 1.640000000000000000e+02
9.620000000000000000e+02 1.630000000000000000e+02
9.620000000000000000e+02 1.640000000000000000e+02
9.620000000000000000e+02 1.640000000000000000e+02
9.620000000000000000e+02 1.630000000000000000e+02
9.620000000000000000e+02 1.630000000000000000e+02
9.620000000000000000e+02 1.650000000000000000e+02
9.630000000000000000e+02 1.650000000000000000e+02
9.640000000000000000e+02 1.660000000000000000e+02
9.650000000000000000e+02 1.650000000000000000e+02
9.650000000000000000e+02 1.650000000000000000e+02
9.640000000000000000e+02 1.630000000000000000e+02
9.640000000000000000e+02 1.640000000000000000e+02
9.650000000000000000e+02 1.640000000000000000e+02
9.660000000000000000e+02 1.630000000000000000e+02
9.660000000000000000e+02 1.640000000000000000e+02
9.680000000000000000e+02 1.640000000000000000e+02
9.680000000000000000e+02 1.640000000000000000e+02
9.690000000000000000e+02 1.640000000000000000e+02
9.690000000000000000e+02 1.640000000000000000e+02
9.690000000000000000e+02 1.630000000000000000e+02
9.700000000000000000e+02 1.640000000000000000e+02
9.690000000000000000e+02 1.630000000000000000e+02
9.700000000000000000e+02 1.650000000000000000e+02
9.710000000000000000e+02 1.650000000000000000e+02
9.710000000000000000e+02 1.640000000000000000e+02
9.700000000000000000e+02 1.650000000000000000e+02
9.710000000000000000e+02 1.630000000000000000e+02
9.700000000000000000e+02 1.640000000000000000e+02
9.720000000000000000e+02 1.630000000000000000e+02
9.720000000000000000e+02 1.620000000000000000e+02
