# frames 101, center=[931, 173], duration=[100, 200], video=browniano sol 2_0
9.310000000000000000e+02 1.730000000000000000e+02
9.310000000000000000e+02 1.730000000000000000e+02
9.310000000000000000e+02 1.730000000000000000e+02
9.310000000000000000e+02 1.730000000000000000e+02
9.310000000000000000e+02 1.750000000000000000e+02
9.330000000000000000e+02 1.750000000000000000e+02
9.310000000000000000e+02 1.750000000000000000e+02
9.320000000000000000e+02 1.740000000000000000e+02
9.320000000000000000e+02 1.740000000000000000e+02
9.310000000000000000e+02 1.740000000000000000e+02
9.310000000000000000e+02 1.720000000000000000e+02
9.320000000000000000e+02 1.720000000000000000e+02
9.320000000000000000e+02 1.740000000000000000e+02
9.320000000000000000e+02 1.730000000000000000e+02
9.330000000000000000e+02 1.730000000000000000e+02
9.330000000000000000e+02 1.730000000000000000e+02
9.330000000000000000e+02 1.730000000000000000e+02
9.330000000000000000e+02 1.730000000000000000e+02
9.310000000000000000e+02 1.720000000000000000e+02
9.310000000000000000e+02 1.740000000000000000e+02
9.320000000000000000e+02 1.750000000000000000e+02
9.320000000000000000e+02 1.740000000000000000e+02
9.320000000000000000e+02 1.760000000000000000e+02
9.330000000000000000e+02 1.750000000000000000e+02
9.330000000000000000e+02 1.750000000000000000e+02
9.320000000000000000e+02 1.760000000000000000e+02
9.320000000000000000e+02 1.770000000000000000e+02
9.310000000000000000e+02 1.760000000000000000e+02
9.310000000000000000e+02 1.750000000000000000e+02
9.300000000000000000e+02 1.760000000000000000e+02
9.290000000000000000e+02 1.760000000000000000e+02
9.300000000000000000e+02 1.750000000000000000e+02
9.310000000000000000e+02 1.740000000000000000e+02
9.310000000000000000e+02 1.740000000000000000e+02
9.320000000000000000e+02 1.730000000000000000e+02
9.340000000000000000e+02 1.740000000000000000e+02
9.350000000000000000e+02 1.740000000000000000e+02
9.330000000000000000e+02 1.740000000000000000e+02
9.330000000000000000e+02 1.730000000000000000e+02
9.340000000000000000e+02 1.720000000000000000e+02
9.330000000000000000e+02 1.720000000000000000e+02
9.340000000000000000e+02 1.710000000000000000e+02
9.340000000000000000e+02 1.710000000000000000e+02
9.350000000000000000e+02 1.710000000000000000e+02
9.340000000000000000e+02 1.720000000000000000e+02
9.350000000000000000e+02 1.710000000000000000e+02
9.350000000000000000e+02 1.700000000000000000e+02
9.340000000000000000e+02 1.690000000000000000e+02
9.340000000000000000e+02 1.690000000000000000e+02
9.340000000000000000e+02 1.680000000000000000e+02
9.350000000000000000e+02 1.670000000000000000e+02
9.370000000000000000e+02 1.670000000000000000e+02
9.350000000000000000e+02 1.660000000000000000e+02
9.370000000000000000e+02 1.660000000000000000e+02
9.360000000000000000e+02 1.660000000000000000e+02
9.360000000000000000e+02 1.670000000000000000e+02
9.370000000000000000e+02 1.680000000000000000e+02
9.370000000000000000e+02 1.700000000000000000e+02
9.370000000000000000e+02 1.690000000000000000e+02
9.360000000000000000e+02 1.700000000000000000e+02
9.370000000000000000e+02 1.690000000000000000e+02
9.360000000000000000e+02 1.690000000000000000e+02
9.360000000000000000e+02 1.700000000000000000e+02
9.370000000000000000e+02 1.700000000000000000e+02
9.360000000000000000e+02 1.700000000000000000e+02
9.360000000000000000e+02 1.700000000000000000e+02
9.360000000000000000e+02 1.700000000000000000e+02
9.350000000000000000e+02 1.700000000000000000e+02
9.370000000000000000e+02 1.720000000000000000e+02
9.360000000000000000e+02 1.730000000000000000e+02
9.360000000000000000e+02 1.720000000000000000e+02
9.360000000000000000e+02 1.730000000000000000e+02
9.370000000000000000e+02 1.710000000000000000e+02
9.380000000000000000e+02 1.710000000000000000e+02
9.400000000000000000e+02 1.700000000000000000e+02
9.400000000000000000e+02 1.700000000000000000e+02
9.410000000000000000e+02 1.690000000000000000e+02
9.410000000000000000e+02 1.680000000000000000e+02
9.410000000000000000e+02 1.670000000000000000e+02
9.410000000000000000e+02 1.660000000000000000e+02
9.400000000000000000e+02 1.670000000000000000e+02
9.400000000000000000e+02 1.640000000000000000e+02
9.430000000000000000e+02 1.640000000000000000e+02
9.420000000000000000e+02 1.630000000000000000e+02
9.420000000000000000e+02 1.640000000000000000e+02
9.420000000000000000e+02 1.650000000000000000e+02
9.420000000000000000e+02 1.640000000000000000e+02
9.430000000000000000e+02 1.640000000000000000e+02
9.450000000000000000e+02 1.640000000000000000e+02
9.450000000000000000e+02 1.640000000000000000e+02
9.440000000000000000e+02 1.630000000000000000e+02
9.440000000000000000e+02 1.640000000000000000e+02
9.450000000000000000e+02 1.640000000000000000e+02
9.460000000000000000e+02 1.650000000000000000e+02
9.450000000000000000e+02 1.640000000000000000e+02
9.450000000000000000e+02 1.640000000000000000e+02
9.450000000000000000e+02 1.650000000000000000e+02
9.460000000000000000e+02 1.640000000000000000e+02
9.450000000000000000e+02 1.640000000000000000e+02
9.440000000000000000e+02 1.640000000000000000e+02
9.440000000000000000e+02 1.620000000000000000e+02
