# frames 101, center=[976, 155], duration=[800, 900], video=browniano sol 2_0
9.760000000000000000e+02 1.550000000000000000e+02
9.760000000000000000e+02 1.550000000000000000e+02
9.760000000000000000e+02 1.550000000000000000e+02
9.750000000000000000e+02 1.550000000000000000e+02
9.740000000000000000e+02 1.540000000000000000e+02
9.740000000000000000e+02 1.550000000000000000e+02
9.750000000000000000e+02 1.540000000000000000e+02
9.750000000000000000e+02 1.540000000000000000e+02
9.760000000000000000e+02 1.560000000000000000e+02
9.750000000000000000e+02 1.560000000000000000e+02
9.760000000000000000e+02 1.560000000000000000e+02
9.760000000000000000e+02 1.570000000000000000e+02
9.750000000000000000e+02 1.560000000000000000e+02
9.750000000000000000e+02 1.570000000000000000e+02
9.740000000000000000e+02 1.570000000000000000e+02
9.750000000000000000e+02 1.560000000000000000e+02
9.750000000000000000e+02 1.550000000000000000e+02
9.750000000000000000e+02 1.550000000000000000e+02
9.760000000000000000e+02 1.550000000000000000e+02
9.760000000000000000e+02 1.540000000000000000e+02
9.760000000000000000e+02 1.550000000000000000e+02
9.770000000000000000e+02 1.550000000000000000e+02
9.760000000000000000e+02 1.550000000000000000e+02
9.770000000000000000e+02 1.540000000000000000e+02
9.780000000000000000e+02 1.540000000000000000e+02
9.780000000000000000e+02 1.540000000000000000e+02
9.770000000000000000e+02 1.530000000000000000e+02
9.760000000000000000e+02 1.540000000000000000e+02
9.780000000000000000e+02 1.540000000000000000e+02
9.790000000000000000e+02 1.540000000000000000e+02
9.790000000000000000e+02 1.550000000000000000e+02
9.780000000000000000e+02 1.550000000000000000e+02
9.790000000000000000e+02 1.550000000000000000e+02
9.800000000000000000e+02 1.540000000000000000e+02
9.790000000000000000e+02 1.550000000000000000e+02
9.780000000000000000e+02 1.550000000000000000e+02
9.780000000000000000e+02 1.550000000000000000e+02
9.800000000000000000e+02 1.550000000000000000e+02
9.830000000000000000e+02 1.550000000000000000e+02
9.820000000000000000e+02 1.550000000000000000e+02
9.800000000000000000e+02 1.530000000000000000e+02
9.810000000000000000e+02 1.530000000000000000e+02
9.810000000000000000e+02 1.520000000000000000e+02
9.810000000000000000e+02 1.520000000000000000e+02
9.800000000000000000e+02 1.520000000000000000e+02
9.820000000000000000e+02 1.510000000000000000e+02
9.810000000000000000e+02 1.510000000000000000e+02
9.790000000000000000e+02 1.510000000000000000e+02
9.790000000000000000e+02 1.510000000000000000e+02
9.800000000000000000e+02 1.520000000000000000e+02
9.800000000000000000e+02 1.490000000000000000e+02
9.790000000000000000e+02 1.490000000000000000e+02
9.810000000000000000e+02 1.500000000000000000e+02
9.830000000000000000e+02 1.500000000000000000e+02
9.840000000000000000e+02 1.510000000000000000e+02
9.840000000000000000e+02 1.530000000000000000e+02
9.850000000000000000e+02 1.520000000000000000e+02
9.850000000000000000e+02 1.520000000000000000e+02
9.840000000000000000e+02 1.520000000000000000e+02
9.850000000000000000e+02 1.530000000000000000e+02
9.850000000000000000e+02 1.530000000000000000e+02
9.850000000000000000e+02 1.530000000000000000e+02
9.860000000000000000e+02 1.540000000000000000e+02
9.850000000000000000e+02 1.540000000000000000e+02
9.840000000000000000e+02 1.540000000000000000e+02
9.850000000000000000e+02 1.520000000000000000e+02
9.840000000000000000e+02 1.500000000000000000e+02
9.840000000000000000e+02 1.510000000000000000e+02
9.840000000000000000e+02 1.500000000000000000e+02
9.830000000000000000e+02 1.500000000000000000e+02
9.820000000000000000e+02 1.500000000000000000e+02
9.830000000000000000e+02 1.490000000000000000e+02
9.830000000000000000e+02 1.500000000000000000e+02
9.830000000000000000e+02 1.490000000000000000e+02
9.830000000000000000e+02 1.500000000000000000e+02
9.830000000000000000e+02 1.490000000000000000e+02
9.830000000000000000e+02 1.500000000000000000e+02
9.820000000000000000e+02 1.500000000000000000e+02
9.820000000000000000e+02 1.510000000000000000e+02
9.820000000000000000e+02 1.510000000000000000e+02
9.820000000000000000e+02 1.510000000000000000e+02
9.830000000000000000e+02 1.530000000000000000e+02
9.820000000000000000e+02 1.520000000000000000e+02
9.820000000000000000e+02 1.510000000000000000e+02
9.820000000000000000e+02 1.510000000000000000e+02
9.820000000000000000e+02 1.520000000000000000e+02
9.820000000000000000e+02 1.510000000000000000e+02
9.820000000000000000e+02 1.510000000000000000e+02
9.820000000000000000e+02 1.510000000000000000e+02
9.820000000000000000e+02 1.510000000000000000e+02
9.820000000000000000e+02 1.520000000000000000e+02
9.830000000000000000e+02 1.520000000000000000e+02
9.820000000000000000e+02 1.530000000000000000e+02
9.820000000000000000e+02 1.540000000000000000e+02
9.810000000000000000e+02 1.540000000000000000e+02
9.800000000000000000e+02 1.530000000000000000e+02
9.810000000000000000e+02 1.520000000000000000e+02
9.800000000000000000e+02 1.530000000000000000e+02
9.790000000000000000e+02 1.510000000000000000e+02
9.810000000000000000e+02 1.500000000000000000e+02
9.810000000000000000e+02 1.510000000000000000e+02
