# frames 101, center=[949, 160], duration=[300, 400], video=browniano sol 2_0
9.490000000000000000e+02 1.600000000000000000e+02
9.490000000000000000e+02 1.600000000000000000e+02
9.490000000000000000e+02 1.600000000000000000e+02
9.490000000000000000e+02 1.600000000000000000e+02
9.470000000000000000e+02 1.600000000000000000e+02
9.480000000000000000e+02 1.590000000000000000e+02
9.480000000000000000e+02 1.590000000000000000e+02
9.480000000000000000e+02 1.600000000000000000e+02
9.480000000000000000e+02 1.580000000000000000e+02
9.480000000000000000e+02 1.580000000000000000e+02
9.480000000000000000e+02 1.590000000000000000e+02
9.490000000000000000e+02 1.580000000000000000e+02
9.490000000000000000e+02 1.580000000000000000e+02
9.500000000000000000e+02 1.590000000000000000e+02
9.520000000000000000e+02 1.590000000000000000e+02
9.510000000000000000e+02 1.600000000000000000e+02
9.500000000000000000e+02 1.610000000000000000e+02
9.510000000000000000e+02 1.610000000000000000e+02
9.510000000000000000e+02 1.600000000000000000e+02
9.510000000000000000e+02 1.600000000000000000e+02
9.510000000000000000e+02 1.590000000000000000e+02
9.500000000000000000e+02 1.570000000000000000e+02
9.500000000000000000e+02 1.580000000000000000e+02
9.500000000000000000e+02 1.580000000000000000e+02
9.500000000000000000e+02 1.570000000000000000e+02
9.500000000000000000e+02 1.550000000000000000e+02
9.500000000000000000e+02 1.560000000000000000e+02
9.500000000000000000e+02 1.560000000000000000e+02
9.490000000000000000e+02 1.580000000000000000e+02
9.490000000000000000e+02 1.570000000000000000e+02
9.490000000000000000e+02 1.570000000000000000e+02
9.490000000000000000e+02 1.550000000000000000e+02
9.500000000000000000e+02 1.560000000000000000e+02
9.500000000000000000e+02 1.560000000000000000e+02
9.500000000000000000e+02 1.560000000000000000e+02
9.490000000000000000e+02 1.550000000000000000e+02
9.480000000000000000e+02 1.560000000000000000e+02
9.490000000000000000e+02 1.560000000000000000e+02
9.490000000000000000e+02 1.550000000000000000e+02
9.480000000000000000e+02 1.560000000000000000e+02
9.470000000000000000e+02 1.570000000000000000e+02
9.470000000000000000e+02 1.580000000000000000e+02
9.450000000000000000e+02 1.580000000000000000e+02
9.470000000000000000e+02 1.580000000000000000e+02
9.460000000000000000e+02 1.570000000000000000e+02
9.460000000000000000e+02 1.570000000000000000e+02
9.440000000000000000e+02 1.570000000000000000e+02
9.460000000000000000e+02 1.570000000000000000e+02
9.460000000000000000e+02 1.580000000000000000e+02
9.460000000000000000e+02 1.570000000000000000e+02
9.470000000000000000e+02 1.570000000000000000e+02
9.470000000000000000e+02 1.550000000000000000e+02
9.480000000000000000e+02 1.560000000000000000e+02
9.470000000000000000e+02 1.580000000000000000e+02
9.460000000000000000e+02 1.580000000000000000e+02
9.470000000000000000e+02 1.570000000000000000e+02
9.460000000000000000e+02 1.570000000000000000e+02
9.450000000000000000e+02 1.550000000000000000e+02
9.460000000000000000e+02 1.560000000000000000e+02
9.450000000000000000e+02 1.570000000000000000e+02
9.440000000000000000e+02 1.570000000000000000e+02
9.460000000000000000e+02 1.580000000000000000e+02
9.450000000000000000e+02 1.570000000000000000e+02
9.460000000000000000e+02 1.570000000000000000e+02
9.470000000000000000e+02 1.580000000000000000e+02
9.480000000000000000e+02 1.570000000000000000e+02
9.470000000000000000e+02 1.590000000000000000e+02
9.460000000000000000e+02 1.580000000000000000e+02
9.460000000000000000e+02 1.590000000000000000e+02
9.460000000000000000e+02 1.580000000000000000e+02
9.460000000000000000e+02 1.580000000000000000e+02
9.470000000000000000e+02 1.580000000000000000e+02
9.470000000000000000e+02 1.580000000000000000e+02
9.470000000000000000e+02 1.570000000000000000e+02
9.470000000000000000e+02 1.560000000000000000e+02
9.470000000000000000e+02 1.560000000000000000e+02
9.460000000000000000e+02 1.570000000000000000e+02
9.470000000000000000e+02 1.560000000000000000e+02
9.470000000000000000e+02 1.570000000000000000e+02
9.470000000000000000e+02 1.570000000000000000e+02
9.480000000000000000e+02 1.570000000000000000e+02
9.470000000000000000e+02 1.580000000000000000e+02
9.480000000000000000e+02 1.570000000000000000e+02
9.480000000000000000e+02 1.550000000000000000e+02
9.470000000000000000e+02 1.570000000000000000e+02
9.480000000000000000e+02 1.580000000000000000e+02
9.480000000000000000e+02 1.600000000000000000e+02
9.480000000000000000e+02 1.600000000000000000e+02
9.480000000000000000e+02 1.600000000000000000e+02
9.480000000000000000e+02 1.600000000000000000e+02
9.470000000000000000e+02 1.580000000000000000e+02
9.480000000000000000e+02 1.580000000000000000e+02
9.470000000000000000e+02 1.580000000000000000e+02
9.470000000000000000e+02 1.580000000000000000e+02
9.480000000000000000e+02 1.580000000000000000e+02
9.480000000000000000e+02 1.570000000000000000e+02
9.480000000000000000e+02 1.560000000000000000e+02
9.490000000000000000e+02 1.560000000000000000e+02
9.500000000000000000e+02 1.560000000000000000e+02
9.480000000000000000e+02 1.560000000000000000e+02
9.480000000000000000e+02 1.560000000000000000e+02
