# frames 101, center=[991, 150], duration=[1000, 1100], video=browniano sol 2_0
9.910000000000000000e+02 1.500000000000000000e+02
9.910000000000000000e+02 1.500000000000000000e+02
9.910000000000000000e+02 1.500000000000000000e+02
9.900000000000000000e+02 1.510000000000000000e+02
9.900000000000000000e+02 1.480000000000000000e+02
9.900000000000000000e+02 1.480000000000000000e+02
9.910000000000000000e+02 1.480000000000000000e+02
9.910000000000000000e+02 1.500000000000000000e+02
9.920000000000000000e+02 1.500000000000000000e+02
9.930000000000000000e+02 1.500000000000000000e+02
9.930000000000000000e+02 1.480000000000000000e+02
9.920000000000000000e+02 1.470000000000000000e+02
9.930000000000000000e+02 1.460000000000000000e+02
9.940000000000000000e+02 1.450000000000000000e+02
9.940000000000000000e+02 1.450000000000000000e+02
9.930000000000000000e+02 1.440000000000000000e+02
9.920000000000000000e+02 1.440000000000000000e+02
9.930000000000000000e+02 1.450000000000000000e+02
9.930000000000000000e+02 1.430000000000000000e+02
9.930000000000000000e+02 1.430000000000000000e+02
9.930000000000000000e+02 1.440000000000000000e+02
9.930000000000000000e+02 1.430000000000000000e+02
9.940000000000000000e+02 1.420000000000000000e+02
9.940000000000000000e+02 1.410000000000000000e+02
9.930000000000000000e+02 1.400000000000000000e+02
9.930000000000000000e+02 1.410000000000000000e+02
9.940000000000000000e+02 1.400000000000000000e+02
9.940000000000000000e+02 1.410000000000000000e+02
9.940000000000000000e+02 1.400000000000000000e+02
9.930000000000000000e+02 1.390000000000000000e+02
9.920000000000000000e+02 1.400000000000000000e+02
9.930000000000000000e+02 1.410000000000000000e+02
9.910000000000000000e+02 1.410000000000000000e+02
9.910000000000000000e+02 1.410000000000000000e+02
9.920000000000000000e+02 1.400000000000000000e+02
9.930000000000000000e+02 1.400000000000000000e+02
9.920000000000000000e+02 1.390000000000000000e+02
9.930000000000000000e+02 1.390000000000000000e+02
9.920000000000000000e+02 1.390000000000000000e+02
9.930000000000000000e+02 1.390000000000000000e+02
9.920000000000000000e+02 1.380000000000000000e+02
9.920000000000000000e+02 1.370000000000000000e+02
9.920000000000000000e+02 1.380000000000000000e+02
9.920000000000000000e+02 1.370000000000000000e+02
9.910000000000000000e+02 1.370000000000000000e+02
9.900000000000000000e+02 1.380000000000000000e+02
9.890000000000000000e+02 1.380000000000000000e+02
9.900000000000000000e+02 1.380000000000000000e+02
9.890000000000000000e+02 1.340000000000000000e+02
9.890000000000000000e+02 1.340000000000000000e+02
9.900000000000000000e+02 1.330000000000000000e+02
9.920000000000000000e+02 1.330000000000000000e+02
9.910000000000000000e+02 1.330000000000000000e+02
9.900000000000000000e+02 1.340000000000000000e+02
9.900000000000000000e+02 1.340000000000000000e+02
9.920000000000000000e+02 1.350000000000000000e+02
9.920000000000000000e+02 1.340000000000000000e+02
9.920000000000000000e+02 1.350000000000000000e+02
9.920000000000000000e+02 1.360000000000000000e+02
9.930000000000000000e+02 1.360000000000000000e+02
9.940000000000000000e+02 1.370000000000000000e+02
9.950000000000000000e+02 1.360000000000000000e+02
9.950000000000000000e+02 1.350000000000000000e+02
9.960000000000000000e+02 1.360000000000000000e+02
9.960000000000000000e+02 1.350000000000000000e+02
9.960000000000000000e+02 1.350000000000000000e+02
9.950000000000000000e+02 1.350000000000000000e+02
9.950000000000000000e+02 1.350000000000000000e+02
9.940000000000000000e+02 1.340000000000000000e+02
9.950000000000000000e+02 1.330000000000000000e+02
9.950000000000000000e+02 1.330000000000000000e+02
9.950000000000000000e+02 1.340000000000000000e+02
9.970000000000000000e+02 1.320000000000000000e+02
9.960000000000000000e+02 1.320000000000000000e+02
9.970000000000000000e+02 1.320000000000000000e+02
9.970000000000000000e+02 1.320000000000000000e+02
9.970000000000000000e+02 1.320000000000000000e+02
9.970000000000000000e+02 1.320000000000000000e+02
9.950000000000000000e+02 1.330000000000000000e+02
9.960000000000000000e+02 1.320000000000000000e+02
9.950000000000000000e+02 1.330000000000000000e+02
9.940000000000000000e+02 1.320000000000000000e+02
9.920000000000000000e+02 1.320000000000000000e+02
9.920000000000000000e+02 1.320000000000000000e+02
9.930000000000000000e+02 1.320000000000000000e+02
9.920000000000000000e+02 1.330000000000000000e+02
9.930000000000000000e+02 1.320000000000000000e+02
9.930000000000000000e+02 1.320000000000000000e+02
9.930000000000000000e+02 1.320000000000000000e+02
9.940000000000000000e+02 1.320000000000000000e+02
9.950000000000000000e+02 1.330000000000000000e+02
9.940000000000000000e+02 1.340000000000000000e+02
9.940000000000000000e+02 1.340000000000000000e+02
9.930000000000000000e+02 1.340000000000000000e+02
9.920000000000000000e+02 1.340000000000000000e+02
9.930000000000000000e+02 1.340000000000000000e+02
9.940000000000000000e+02 1.330000000000000000e+02
9.930000000000000000e+02 1.340000000000000000e+02
9.940000000000000000e+02 1.340000000000000000e+02
9.910000000000000000e+02 1.340000000000000000e+02
9.920000000000000000e+02 1.340000000000000000e+02
