# frames 101, center=[927, 185], duration=[0, 100], video=browniano sol 2_0
9.270000000000000000e+02 1.850000000000000000e+02
9.270000000000000000e+02 1.850000000000000000e+02
9.270000000000000000e+02 1.850000000000000000e+02
9.280000000000000000e+02 1.840000000000000000e+02
9.280000000000000000e+02 1.830000000000000000e+02
9.290000000000000000e+02 1.840000000000000000e+02
9.280000000000000000e+02 1.830000000000000000e+02
9.270000000000000000e+02 1.820000000000000000e+02
9.270000000000000000e+02 1.810000000000000000e+02
9.280000000000000000e+02 1.820000000000000000e+02
9.280000000000000000e+02 1.810000000000000000e+02
9.290000000000000000e+02 1.790000000000000000e+02
9.290000000000000000e+02 1.790000000000000000e+02
9.310000000000000000e+02 1.790000000000000000e+02
9.310000000000000000e+02 1.770000000000000000e+02
9.290000000000000000e+02 1.750000000000000000e+02
9.300000000000000000e+02 1.750000000000000000e+02
9.300000000000000000e+02 1.740000000000000000e+02
9.300000000000000000e+02 1.740000000000000000e+02
9.310000000000000000e+02 1.720000000000000000e+02
9.300000000000000000e+02 1.720000000000000000e+02
9.290000000000000000e+02 1.730000000000000000e+02
9.280000000000000000e+02 1.720000000000000000e+02
9.290000000000000000e+02 1.730000000000000000e+02
9.290000000000000000e+02 1.730000000000000000e+02
9.290000000000000000e+02 1.720000000000000000e+02
9.300000000000000000e+02 1.730000000000000000e+02
9.310000000000000000e+02 1.730000000000000000e+02
9.320000000000000000e+02 1.730000000000000000e+02
9.310000000000000000e+02 1.730000000000000000e+02
9.280000000000000000e+02 1.750000000000000000e+02
9.270000000000000000e+02 1.730000000000000000e+02
9.280000000000000000e+02 1.740000000000000000e+02
9.270000000000000000e+02 1.740000000000000000e+02
9.280000000000000000e+02 1.740000000000000000e+02
9.280000000000000000e+02 1.740000000000000000e+02
9.290000000000000000e+02 1.740000000000000000e+02
9.280000000000000000e+02 1.740000000000000000e+02
9.280000000000000000e+02 1.720000000000000000e+02
9.290000000000000000e+02 1.710000000000000000e+02
9.290000000000000000e+02 1.710000000000000000e+02
9.290000000000000000e+02 1.710000000000000000e+02
9.290000000000000000e+02 1.710000000000000000e+02
9.290000000000000000e+02 1.710000000000000000e+02
9.290000000000000000e+02 1.710000000000000000e+02
9.290000000000000000e+02 1.710000000000000000e+02
9.290000000000000000e+02 1.700000000000000000e+02
9.290000000000000000e+02 1.700000000000000000e+02
9.300000000000000000e+02 1.710000000000000000e+02
9.300000000000000000e+02 1.710000000000000000e+02
9.300000000000000000e+02 1.710000000000000000e+02
9.320000000000000000e+02 1.720000000000000000e+02
9.300000000000000000e+02 1.730000000000000000e+02
9.310000000000000000e+02 1.710000000000000000e+02
9.300000000000000000e+02 1.700000000000000000e+02
9.300000000000000000e+02 1.690000000000000000e+02
9.300000000000000000e+02 1.680000000000000000e+02
9.300000000000000000e+02 1.680000000000000000e+02
9.300000000000000000e+02 1.680000000000000000e+02
9.310000000000000000e+02 1.670000000000000000e+02
9.320000000000000000e+02 1.690000000000000000e+02
9.320000000000000000e+02 1.690000000000000000e+02
9.310000000000000000e+02 1.680000000000000000e+02
9.300000000000000000e+02 1.680000000000000000e+02
9.300000000000000000e+02 1.680000000000000000e+02
9.300000000000000000e+02 1.680000000000000000e+02
9.310000000000000000e+02 1.670000000000000000e+02
9.320000000000000000e+02 1.670000000000000000e+02
9.330000000000000000e+02 1.670000000000000000e+02
9.330000000000000000e+02 1.680000000000000000e+02
9.330000000000000000e+02 1.670000000000000000e+02
9.340000000000000000e+02 1.680000000000000000e+02
9.340000000000000000e+02 1.700000000000000000e+02
9.330000000000000000e+02 1.700000000000000000e+02
9.330000000000000000e+02 1.690000000000000000e+02
9.330000000000000000e+02 1.700000000000000000e+02
9.310000000000000000e+02 1.690000000000000000e+02
9.320000000000000000e+02 1.700000000000000000e+02
9.320000000000000000e+02 1.700000000000000000e+02
9.330000000000000000e+02 1.700000000000000000e+02
9.330000000000000000e+02 1.700000000000000000e+02
9.320000000000000000e+02 1.710000000000000000e+02
9.330000000000000000e+02 1.690000000000000000e+02
9.330000000000000000e+02 1.710000000000000000e+02
9.330000000000000000e+02 1.710000000000000000e+02
9.330000000000000000e+02 1.710000000000000000e+02
9.330000000000000000e+02 1.710000000000000000e+02
9.330000000000000000e+02 1.700000000000000000e+02
9.310000000000000000e+02 1.700000000000000000e+02
9.310000000000000000e+02 1.700000000000000000e+02
9.310000000000000000e+02 1.700000000000000000e+02
9.320000000000000000e+02 1.680000000000000000e+02
9.320000000000000000e+02 1.690000000000000000e+02
9.320000000000000000e+02 1.690000000000000000e+02
9.310000000000000000e+02 1.690000000000000000e+02
9.310000000000000000e+02 1.710000000000000000e+02
9.310000000000000000e+02 1.710000000000000000e+02
9.320000000000000000e+02 1.710000000000000000e+02
9.320000000000000000e+02 1.720000000000000000e+02
9.320000000000000000e+02 1.730000000000000000e+02
9.310000000000000000e+02 1.720000000000000000e+02
