# frames 101, center=[993, 133], duration=[1100, 1200], video=browniano sol 2_0
9.930000000000000000e+02 1.330000000000000000e+02
9.930000000000000000e+02 1.330000000000000000e+02
9.930000000000000000e+02 1.330000000000000000e+02
9.940000000000000000e+02 1.320000000000000000e+02
9.950000000000000000e+02 1.330000000000000000e+02
9.950000000000000000e+02 1.320000000000000000e+02
9.940000000000000000e+02 1.330000000000000000e+02
9.960000000000000000e+02 1.330000000000000000e+02
9.960000000000000000e+02 1.340000000000000000e+02
9.950000000000000000e+02 1.350000000000000000e+02
9.940000000000000000e+02 1.350000000000000000e+02
9.940000000000000000e+02 1.340000000000000000e+02
9.960000000000000000e+02 1.350000000000000000e+02
9.970000000000000000e+02 1.340000000000000000e+02
9.970000000000000000e+02 1.350000000000000000e+02
9.960000000000000000e+02 1.350000000000000000e+02
9.960000000000000000e+02 1.350000000000000000e+02
9.960000000000000000e+02 1.350000000000000000e+02
9.960000000000000000e+02 1.330000000000000000e+02
9.970000000000000000e+02 1.340000000000000000e+02
9.970000000000000000e+02 1.350000000000000000e+02
9.980000000000000000e+02 1.350000000000000000e+02
9.980000000000000000e+02 1.340000000000000000e+02
9.990000000000000000e+02 1.340000000000000000e+02
9.980000000000000000e+02 1.340000000000000000e+02
9.980000000000000000e+02 1.340000000000000000e+02
9.980000000000000000e+02 1.320000000000000000e+02
9.980000000000000000e+02 1.330000000000000000e+02
9.990000000000000000e+02 1.340000000000000000e+02
9.990000000000000000e+02 1.350000000000000000e+02
9.980000000000000000e+02 1.330000000000000000e+02
9.980000000000000000e+02 1.330000000000000000e+02
9.980000000000000000e+02 1.330000000000000000e+02
9.990000000000000000e+02 1.340000000000000000e+02
9.980000000000000000e+02 1.340000000000000000e+02
9.970000000000000000e+02 1.340000000000000000e+02
9.980000000000000000e+02 1.350000000000000000e+02
9.970000000000000000e+02 1.330000000000000000e+02
9.990000000000000000e+02 1.320000000000000000e+02
9.990000000000000000e+02 1.340000000000000000e+02
9.980000000000000000e+02 1.320000000000000000e+02
9.980000000000000000e+02 1.340000000000000000e+02
9.960000000000000000e+02 1.330000000000000000e+02
9.970000000000000000e+02 1.320000000000000000e+02
9.970000000000000000e+02 1.310000000000000000e+02
9.960000000000000000e+02 1.310000000000000000e+02
9.970000000000000000e+02 1.320000000000000000e+02
9.970000000000000000e+02 1.330000000000000000e+02
9.980000000000000000e+02 1.310000000000000000e+02
9.980000000000000000e+02 1.290000000000000000e+02
9.970000000000000000e+02 1.280000000000000000e+02
9.970000000000000000e+02 1.280000000000000000e+02
9.960000000000000000e+02 1.280000000000000000e+02
9.970000000000000000e+02 1.290000000000000000e+02
9.960000000000000000e+02 1.290000000000000000e+02
9.960000000000000000e+02 1.290000000000000000e+02
9.960000000000000000e+02 1.290000000000000000e+02
9.950000000000000000e+02 1.300000000000000000e+02
9.950000000000000000e+02 1.300000000000000000e+02
9.940000000000000000e+02 1.310000000000000000e+02
9.940000000000000000e+02 1.290000000000000000e+02
9.950000000000000000e+02 1.290000000000000000e+02
9.940000000000000000e+02 1.310000000000000000e+02
9.940000000000000000e+02 1.300000000000000000e+02
9.930000000000000000e+02 1.280000000000000000e+02
9.940000000000000000e+02 1.280000000000000000e+02
9.940000000000000000e+02 1.280000000000000000e+02
9.930000000000000000e+02 1.270000000000000000e+02
9.940000000000000000e+02 1.280000000000000000e+02
9.920000000000000000e+02 1.270000000000000000e+02
9.910000000000000000e+02 1.270000000000000000e+02
9.910000000000000000e+02 1.280000000000000000e+02
9.900000000000000000e+02 1.280000000000000000e+02
9.910000000000000000e+02 1.270000000000000000e+02
9.910000000000000000e+02 1.270000000000000000e+02
9.900000000000000000e+02 1.260000000000000000e+02
9.900000000000000000e+02 1.250000000000000000e+02
9.890000000000000000e+02 1.250000000000000000e+02
9.890000000000000000e+02 1.230000000000000000e+02
9.890000000000000000e+02 1.240000000000000000e+02
9.880000000000000000e+02 1.230000000000000000e+02
9.870000000000000000e+02 1.220000000000000000e+02
9.870000000000000000e+02 1.220000000000000000e+02
9.860000000000000000e+02 1.210000000000000000e+02
9.880000000000000000e+02 1.210000000000000000e+02
9.880000000000000000e+02 1.200000000000000000e+02
9.890000000000000000e+02 1.190000000000000000e+02
9.890000000000000000e+02 1.190000000000000000e+02
9.900000000000000000e+02 1.190000000000000000e+02
9.890000000000000000e+02 1.190000000000000000e+02
9.900000000000000000e+02 1.190000000000000000e+02
9.900000000000000000e+02 1.190000000000000000e+02
9.900000000000000000e+02 1.190000000000000000e+02
9.910000000000000000e+02 1.180000000000000000e+02
9.920000000000000000e+02 1.190000000000000000e+02
9.930000000000000000e+02 1.200000000000000000e+02
9.920000000000000000e+02 1.190000000000000000e+02
9.930000000000000000e+02 1.190000000000000000e+02
9.940000000000000000e+02 1.190000000000000000e+02
9.930000000000000000e+02 1.180000000000000000e+02
9.930000000000000000e+02 1.180000000000000000e+02
