# frames 101, center=[990, 166], duration=[600, 700], video=browniano sol 2_0
9.900000000000000000e+02 1.660000000000000000e+02
9.900000000000000000e+02 1.660000000000000000e+02
9.900000000000000000e+02 1.660000000000000000e+02
9.920000000000000000e+02 1.660000000000000000e+02
9.930000000000000000e+02 1.670000000000000000e+02
9.920000000000000000e+02 1.670000000000000000e+02
9.920000000000000000e+02 1.670000000000000000e+02
9.910000000000000000e+02 1.660000000000000000e+02
9.930000000000000000e+02 1.660000000000000000e+02
9.930000000000000000e+02 1.670000000000000000e+02
9.930000000000000000e+02 1.660000000000000000e+02
9.930000000000000000e+02 1.670000000000000000e+02
9.920000000000000000e+02 1.680000000000000000e+02
9.930000000000000000e+02 1.690000000000000000e+02
9.920000000000000000e+02 1.680000000000000000e+02
9.930000000000000000e+02 1.690000000000000000e+02
9.920000000000000000e+02 1.700000000000000000e+02
9.940000000000000000e+02 1.700000000000000000e+02
9.940000000000000000e+02 1.690000000000000000e+02
9.940000000000000000e+02 1.690000000000000000e+02
9.930000000000000000e+02 1.690000000000000000e+02
9.920000000000000000e+02 1.680000000000000000e+02
9.930000000000000000e+02 1.690000000000000000e+02
9.930000000000000000e+02 1.680000000000000000e+02
9.950000000000000000e+02 1.670000000000000000e+02
9.930000000000000000e+02 1.660000000000000000e+02
9.940000000000000000e+02 1.670000000000000000e+02
9.960000000000000000e+02 1.650000000000000000e+02
9.960000000000000000e+02 1.640000000000000000e+02
9.960000000000000000e+02 1.640000000000000000e+02
9.960000000000000000e+02 1.650000000000000000e+02
9.950000000000000000e+02 1.650000000000000000e+02
9.940000000000000000e+02 1.650000000000000000e+02
9.950000000000000000e+02 1.640000000000000000e+02
9.940000000000000000e+02 1.640000000000000000e+02
9.930000000000000000e+02 1.630000000000000000e+02
9.920000000000000000e+02 1.620000000000000000e+02
9.930000000000000000e+02 1.620000000000000000e+02
9.920000000000000000e+02 1.600000000000000000e+02
9.910000000000000000e+02 1.600000000000000000e+02
9.910000000000000000e+02 1.610000000000000000e+02
9.920000000000000000e+02 1.620000000000000000e+02
9.920000000000000000e+02 1.610000000000000000e+02
9.900000000000000000e+02 1.610000000000000000e+02
9.890000000000000000e+02 1.600000000000000000e+02
9.880000000000000000e+02 1.600000000000000000e+02
9.880000000000000000e+02 1.590000000000000000e+02
9.880000000000000000e+02 1.600000000000000000e+02
9.880000000000000000e+02 1.590000000000000000e+02
9.890000000000000000e+02 1.590000000000000000e+02
9.890000000000000000e+02 1.580000000000000000e+02
9.880000000000000000e+02 1.580000000000000000e+02
9.890000000000000000e+02 1.580000000000000000e+02
9.890000000000000000e+02 1.580000000000000000e+02
9.890000000000000000e+02 1.590000000000000000e+02
9.880000000000000000e+02 1.580000000000000000e+02
9.870000000000000000e+02 1.590000000000000000e+02
9.880000000000000000e+02 1.570000000000000000e+02
9.870000000000000000e+02 1.560000000000000000e+02
9.880000000000000000e+02 1.570000000000000000e+02
9.880000000000000000e+02 1.550000000000000000e+02
9.880000000000000000e+02 1.550000000000000000e+02
9.890000000000000000e+02 1.540000000000000000e+02
9.890000000000000000e+02 1.550000000000000000e+02
9.880000000000000000e+02 1.540000000000000000e+02
9.880000000000000000e+02 1.550000000000000000e+02
9.880000000000000000e+02 1.550000000000000000e+02
9.870000000000000000e+02 1.560000000000000000e+02
9.870000000000000000e+02 1.550000000000000000e+02
9.870000000000000000e+02 1.540000000000000000e+02
9.870000000000000000e+02 1.530000000000000000e+02
9.860000000000000000e+02 1.520000000000000000e+02
9.870000000000000000e+02 1.550000000000000000e+02
9.870000000000000000e+02 1.540000000000000000e+02
9.870000000000000000e+02 1.530000000000000000e+02
9.870000000000000000e+02 1.520000000000000000e+02
9.870000000000000000e+02 1.520000000000000000e+02
9.880000000000000000e+02 1.530000000000000000e+02
9.880000000000000000e+02 1.540000000000000000e+02
9.870000000000000000e+02 1.520000000000000000e+02
9.860000000000000000e+02 1.510000000000000000e+02
9.850000000000000000e+02 1.520000000000000000e+02
9.860000000000000000e+02 1.520000000000000000e+02
9.860000000000000000e+02 1.530000000000000000e+02
9.870000000000000000e+02 1.540000000000000000e+02
9.860000000000000000e+02 1.530000000000000000e+02
9.870000000000000000e+02 1.560000000000000000e+02
9.870000000000000000e+02 1.550000000000000000e+02
9.870000000000000000e+02 1.550000000000000000e+02
9.860000000000000000e+02 1.540000000000000000e+02
9.870000000000000000e+02 1.560000000000000000e+02
9.870000000000000000e+02 1.560000000000000000e+02
9.870000000000000000e+02 1.560000000000000000e+02
9.870000000000000000e+02 1.560000000000000000e+02
9.860000000000000000e+02 1.570000000000000000e+02
9.870000000000000000e+02 1.570000000000000000e+02
9.850000000000000000e+02 1.560000000000000000e+02
9.860000000000000000e+02 1.560000000000000000e+02
9.870000000000000000e+02 1.550000000000000000e+02
9.860000000000000000e+02 1.560000000000000000e+02
9.860000000000000000e+02 1.560000000000000000e+02
