# frames 101, center=[972, 160], duration=[500, 600], video=browniano sol 2_0
9.720000000000000000e+02 1.600000000000000000e+02
9.720000000000000000e+02 1.600000000000000000e+02
9.720000000000000000e+02 1.600000000000000000e+02
9.730000000000000000e+02 1.590000000000000000e+02
9.730000000000000000e+02 1.600000000000000000e+02
9.730000000000000000e+02 1.580000000000000000e+02
9.730000000000000000e+02 1.580000000000000000e+02
9.730000000000000000e+02 1.590000000000000000e+02
9.720000000000000000e+02 1.600000000000000000e+02
9.740000000000000000e+02 1.620000000000000000e+02
9.740000000000000000e+02 1.620000000000000000e+02
9.740000000000000000e+02 1.620000000000000000e+02
9.740000000000000000e+02 1.620000000000000000e+02
9.740000000000000000e+02 1.610000000000000000e+02
9.730000000000000000e+02 1.620000000000000000e+02
9.730000000000000000e+02 1.620000000000000000e+02
9.730000000000000000e+02 1.620000000000000000e+02
9.750000000000000000e+02 1.620000000000000000e+02
9.730000000000000000e+02 1.620000000000000000e+02
9.740000000000000000e+02 1.630000000000000000e+02
9.740000000000000000e+02 1.650000000000000000e+02
9.750000000000000000e+02 1.650000000000000000e+02
9.750000000000000000e+02 1.640000000000000000e+02
9.760000000000000000e+02 1.630000000000000000e+02
9.760000000000000000e+02 1.650000000000000000e+02
9.770000000000000000e+02 1.640000000000000000e+02
9.770000000000000000e+02 1.640000000000000000e+02
9.760000000000000000e+02 1.650000000000000000e+02
9.750000000000000000e+02 1.660000000000000000e+02
9.760000000000000000e+02 1.660000000000000000e+02
9.760000000000000000e+02 1.660000000000000000e+02
9.760000000000000000e+02 1.660000000000000000e+02
9.760000000000000000e+02 1.660000000000000000e+02
9.750000000000000000e+02 1.650000000000000000e+02
9.750000000000000000e+02 1.650000000000000000e+02
9.770000000000000000e+02 1.640000000000000000e+02
9.770000000000000000e+02 1.630000000000000000e+02
9.780000000000000000e+02 1.630000000000000000e+02
9.770000000000000000e+02 1.630000000000000000e+02
9.780000000000000000e+02 1.630000000000000000e+02
9.780000000000000000e+02 1.620000000000000000e+02
9.780000000000000000e+02 1.630000000000000000e+02
9.780000000000000000e+02 1.640000000000000000e+02
9.790000000000000000e+02 1.640000000000000000e+02
9.790000000000000000e+02 1.640000000000000000e+02
9.810000000000000000e+02 1.620000000000000000e+02
9.810000000000000000e+02 1.630000000000000000e+02
9.820000000000000000e+02 1.630000000000000000e+02
9.820000000000000000e+02 1.640000000000000000e+02
9.830000000000000000e+02 1.650000000000000000e+02
9.810000000000000000e+02 1.640000000000000000e+02
9.810000000000000000e+02 1.630000000000000000e+02
9.820000000000000000e+02 1.630000000000000000e+02
9.820000000000000000e+02 1.630000000000000000e+02
9.820000000000000000e+02 1.620000000000000000e+02
9.810000000000000000e+02 1.630000000000000000e+02
9.810000000000000000e+02 1.630000000000000000e+02
9.820000000000000000e+02 1.620000000000000000e+02
9.790000000000000000e+02 1.620000000000000000e+02
9.800000000000000000e+02 1.620000000000000000e+02
9.790000000000000000e+02 1.620000000000000000e+02
9.800000000000000000e+02 1.640000000000000000e+02
9.820000000000000000e+02 1.650000000000000000e+02
9.810000000000000000e+02 1.640000000000000000e+02
9.820000000000000000e+02 1.630000000000000000e+02
9.830000000000000000e+02 1.620000000000000000e+02
9.840000000000000000e+02 1.620000000000000000e+02
9.840000000000000000e+02 1.610000000000000000e+02
9.840000000000000000e+02 1.620000000000000000e+02
9.840000000000000000e+02 1.620000000000000000e+02
9.840000000000000000e+02 1.600000000000000000e+02
9.840000000000000000e+02 1.620000000000000000e+02
9.860000000000000000e+02 1.620000000000000000e+02
9.860000000000000000e+02 1.630000000000000000e+02
9.870000000000000000e+02 1.630000000000000000e+02
9.860000000000000000e+02 1.640000000000000000e+02
9.870000000000000000e+02 1.640000000000000000e+02
9.890000000000000000e+02 1.620000000000000000e+02
9.880000000000000000e+02 1.620000000000000000e+02
9.880000000000000000e+02 1.610000000000000000e+02
9.890000000000000000e+02 1.610000000000000000e+02
9.900000000000000000e+02 1.600000000000000000e+02
9.890000000000000000e+02 1.610000000000000000e+02
9.880000000000000000e+02 1.600000000000000000e+02
9.880000000000000000e+02 1.620000000000000000e+02
9.880000000000000000e+02 1.620000000000000000e+02
9.880000000000000000e+02 1.630000000000000000e+02
9.900000000000000000e+02 1.650000000000000000e+02
9.880000000000000000e+02 1.650000000000000000e+02
9.890000000000000000e+02 1.640000000000000000e+02
9.890000000000000000e+02 1.650000000000000000e+02
9.900000000000000000e+02 1.650000000000000000e+02
9.890000000000000000e+02 1.640000000000000000e+02
9.890000000000000000e+02 1.650000000000000000e+02
9.890000000000000000e+02 1.640000000000000000e+02
9.900000000000000000e+02 1.640000000000000000e+02
9.900000000000000000e+02 1.650000000000000000e+02
9.910000000000000000e+02 1.650000000000000000e+02
9.880000000000000000e+02 1.660000000000000000e+02
9.880000000000000000e+02 1.650000000000000000e+02
9.890000000000000000e+02 1.660000000000000000e+02
