# frames 101, center=[941, 162], duration=[200, 300], video=browniano sol 2_0
9.410000000000000000e+02 1.620000000000000000e+02
9.410000000000000000e+02 1.620000000000000000e+02
9.410000000000000000e+02 1.620000000000000000e+02
9.400000000000000000e+02 1.630000000000000000e+02
9.390000000000000000e+02 1.640000000000000000e+02
9.390000000000000000e+02 1.640000000000000000e+02
9.380000000000000000e+02 1.640000000000000000e+02
9.400000000000000000e+02 1.660000000000000000e+02
9.400000000000000000e+02 1.640000000000000000e+02
9.390000000000000000e+02 1.650000000000000000e+02
9.380000000000000000e+02 1.660000000000000000e+02
9.390000000000000000e+02 1.670000000000000000e+02
9.400000000000000000e+02 1.670000000000000000e+02
9.410000000000000000e+02 1.670000000000000000e+02
9.410000000000000000e+02 1.670000000000000000e+02
9.420000000000000000e+02 1.660000000000000000e+02
9.420000000000000000e+02 1.660000000000000000e+02
9.440000000000000000e+02 1.660000000000000000e+02
9.420000000000000000e+02 1.660000000000000000e+02
9.420000000000000000e+02 1.660000000000000000e+02
9.420000000000000000e+02 1.650000000000000000e+02
9.400000000000000000e+02 1.650000000000000000e+02
9.420000000000000000e+02 1.650000000000000000e+02
9.410000000000000000e+02 1.640000000000000000e+02
9.430000000000000000e+02 1.640000000000000000e+02
9.430000000000000000e+02 1.640000000000000000e+02
9.450000000000000000e+02 1.660000000000000000e+02
9.460000000000000000e+02 1.640000000000000000e+02
9.460000000000000000e+02 1.640000000000000000e+02
9.440000000000000000e+02 1.640000000000000000e+02
9.440000000000000000e+02 1.630000000000000000e+02
9.460000000000000000e+02 1.630000000000000000e+02
9.460000000000000000e+02 1.640000000000000000e+02
9.460000000000000000e+02 1.640000000000000000e+02
9.460000000000000000e+02 1.630000000000000000e+02
9.470000000000000000e+02 1.640000000000000000e+02
9.450000000000000000e+02 1.640000000000000000e+02
9.440000000000000000e+02 1.650000000000000000e+02
9.440000000000000000e+02 1.660000000000000000e+02
9.450000000000000000e+02 1.660000000000000000e+02
9.450000000000000000e+02 1.650000000000000000e+02
9.450000000000000000e+02 1.620000000000000000e+02
9.450000000000000000e+02 1.630000000000000000e+02
9.460000000000000000e+02 1.640000000000000000e+02
9.470000000000000000e+02 1.640000000000000000e+02
9.460000000000000000e+02 1.630000000000000000e+02
9.470000000000000000e+02 1.640000000000000000e+02
9.450000000000000000e+02 1.640000000000000000e+02
9.450000000000000000e+02 1.650000000000000000e+02
9.460000000000000000e+02 1.640000000000000000e+02
9.460000000000000000e+02 1.630000000000000000e+02
9.440000000000000000e+02 1.640000000000000000e+02
9.430000000000000000e+02 1.630000000000000000e+02
9.440000000000000000e+02 1.620000000000000000e+02
9.450000000000000000e+02 1.630000000000000000e+02
9.450000000000000000e+02 1.640000000000000000e+02
9.460000000000000000e+02 1.640000000000000000e+02
9.450000000000000000e+02 1.640000000000000000e+02
9.460000000000000000e+02 1.650000000000000000e+02
9.460000000000000000e+02 1.640000000000000000e+02
9.460000000000000000e+02 1.630000000000000000e+02
9.470000000000000000e+02 1.640000000000000000e+02
9.460000000000000000e+02 1.640000000000000000e+02
9.440000000000000000e+02 1.640000000000000000e+02
9.450000000000000000e+02 1.630000000000000000e+02
9.470000000000000000e+02 1.620000000000000000e+02
9.460000000000000000e+02 1.620000000000000000e+02
9.470000000000000000e+02 1.620000000000000000e+02
9.460000000000000000e+02 1.600000000000000000e+02
9.470000000000000000e+02 1.610000000000000000e+02
9.470000000000000000e+02 1.600000000000000000e+02
9.470000000000000000e+02 1.600000000000000000e+02
9.480000000000000000e+02 1.610000000000000000e+02
9.480000000000000000e+02 1.620000000000000000e+02
9.490000000000000000e+02 1.630000000000000000e+02
9.480000000000000000e+02 1.640000000000000000e+02
9.480000000000000000e+02 1.630000000000000000e+02
9.470000000000000000e+02 1.630000000000000000e+02
9.480000000000000000e+02 1.630000000000000000e+02
9.480000000000000000e+02 1.630000000000000000e+02
9.470000000000000000e+02 1.620000000000000000e+02
9.470000000000000000e+02 1.620000000000000000e+02
9.480000000000000000e+02 1.620000000000000000e+02
9.470000000000000000e+02 1.600000000000000000e+02
9.480000000000000000e+02 1.620000000000000000e+02
9.470000000000000000e+02 1.620000000000000000e+02
9.470000000000000000e+02 1.630000000000000000e+02
9.480000000000000000e+02 1.620000000000000000e+02
9.470000000000000000e+02 1.630000000000000000e+02
9.470000000000000000e+02 1.620000000000000000e+02
9.460000000000000000e+02 1.620000000000000000e+02
9.470000000000000000e+02 1.620000000000000000e+02
9.470000000000000000e+02 1.620000000000000000e+02
9.460000000000000000e+02 1.610000000000000000e+02
9.450000000000000000e+02 1.620000000000000000e+02
9.450000000000000000e+02 1.610000000000000000e+02
9.440000000000000000e+02 1.620000000000000000e+02
9.440000000000000000e+02 1.620000000000000000e+02
9.440000000000000000e+02 1.620000000000000000e+02
9.450000000000000000e+02 1.600000000000000000e+02
9.480000000000000000e+02 1.600000000000000000e+02
