# frames 101, center=[873, 330], duration=[700, 800], video=browniano sol 2_0
8.730000000000000000e+02 3.300000000000000000e+02
8.730000000000000000e+02 3.300000000000000000e+02
8.730000000000000000e+02 3.300000000000000000e+02
8.720000000000000000e+02 3.300000000000000000e+02
8.740000000000000000e+02 3.300000000000000000e+02
8.720000000000000000e+02 3.300000000000000000e+02
8.700000000000000000e+02 3.310000000000000000e+02
8.700000000000000000e+02 3.310000000000000000e+02
8.700000000000000000e+02 3.320000000000000000e+02
8.710000000000000000e+02 3.310000000000000000e+02
8.720000000000000000e+02 3.330000000000000000e+02
8.720000000000000000e+02 3.320000000000000000e+02
8.720000000000000000e+02 3.320000000000000000e+02
8.720000000000000000e+02 3.310000000000000000e+02
8.730000000000000000e+02 3.310000000000000000e+02
8.740000000000000000e+02 3.310000000000000000e+02
8.740000000000000000e+02 3.310000000000000000e+02
8.740000000000000000e+02 3.310000000000000000e+02
8.730000000000000000e+02 3.310000000000000000e+02
8.740000000000000000e+02 3.330000000000000000e+02
8.740000000000000000e+02 3.310000000000000000e+02
8.730000000000000000e+02 3.320000000000000000e+02
8.730000000000000000e+02 3.310000000000000000e+02
8.720000000000000000e+02 3.320000000000000000e+02
8.720000000000000000e+02 3.310000000000000000e+02
8.710000000000000000e+02 3.320000000000000000e+02
8.700000000000000000e+02 3.330000000000000000e+02
8.700000000000000000e+02 3.330000000000000000e+02
8.710000000000000000e+02 3.340000000000000000e+02
8.710000000000000000e+02 3.360000000000000000e+02
8.700000000000000000e+02 3.360000000000000000e+02
8.710000000000000000e+02 3.370000000000000000e+02
8.710000000000000000e+02 3.350000000000000000e+02
8.710000000000000000e+02 3.350000000000000000e+02
8.710000000000000000e+02 3.330000000000000000e+02
8.700000000000000000e+02 3.320000000000000000e+02
8.700000000000000000e+02 3.320000000000000000e+02
8.700000000000000000e+02 3.330000000000000000e+02
8.710000000000000000e+02 3.330000000000000000e+02
8.700000000000000000e+02 3.320000000000000000e+02
8.710000000000000000e+02 3.310000000000000000e+02
8.690000000000000000e+02 3.310000000000000000e+02
8.690000000000000000e+02 3.300000000000000000e+02
8.690000000000000000e+02 3.310000000000000000e+02
8.700000000000000000e+02 3.310000000000000000e+02
8.690000000000000000e+02 3.310000000000000000e+02
8.690000000000000000e+02 3.300000000000000000e+02
8.680000000000000000e+02 3.310000000000000000e+02
8.680000000000000000e+02 3.310000000000000000e+02
8.680000000000000000e+02 3.300000000000000000e+02
8.680000000000000000e+02 3.300000000000000000e+02
8.680000000000000000e+02 3.310000000000000000e+02
8.680000000000000000e+02 3.310000000000000000e+02
8.680000000000000000e+02 3.300000000000000000e+02
8.690000000000000000e+02 3.310000000000000000e+02
8.690000000000000000e+02 3.300000000000000000e+02
8.690000000000000000e+02 3.310000000000000000e+02
8.690000000000000000e+02 3.300000000000000000e+02
8.700000000000000000e+02 3.290000000000000000e+02
8.700000000000000000e+02 3.290000000000000000e+02
8.700000000000000000e+02 3.300000000000000000e+02
8.700000000000000000e+02 3.300000000000000000e+02
8.700000000000000000e+02 3.290000000000000000e+02
8.690000000000000000e+02 3.280000000000000000e+02
8.680000000000000000e+02 3.290000000000000000e+02
8.660000000000000000e+02 3.290000000000000000e+02
8.670000000000000000e+02 3.280000000000000000e+02
8.670000000000000000e+02 3.270000000000000000e+02
8.670000000000000000e+02 3.280000000000000000e+02
8.660000000000000000e+02 3.290000000000000000e+02
8.680000000000000000e+02 3.290000000000000000e+02
8.660000000000000000e+02 3.280000000000000000e+02
8.650000000000000000e+02 3.280000000000000000e+02
8.660000000000000000e+02 3.270000000000000000e+02
8.660000000000000000e+02 3.270000000000000000e+02
8.680000000000000000e+02 3.280000000000000000e+02
8.680000000000000000e+02 3.290000000000000000e+02
8.680000000000000000e+02 3.300000000000000000e+02
8.690000000000000000e+02 3.300000000000000000e+02
8.690000000000000000e+02 3.300000000000000000e+02
8.690000000000000000e+02 3.300000000000000000e+02
8.680000000000000000e+02 3.300000000000000000e+02
8.690000000000000000e+02 3.320000000000000000e+02
8.680000000000000000e+02 3.330000000000000000e+02
8.690000000000000000e+02 3.320000000000000000e+02
8.690000000000000000e+02 3.320000000000000000e+02
8.700000000000000000e+02 3.310000000000000000e+02
8.710000000000000000e+02 3.320000000000000000e+02
8.710000000000000000e+02 3.320000000000000000e+02
8.710000000000000000e+02 3.330000000000000000e+02
8.710000000000000000e+02 3.330000000000000000e+02
8.710000000000000000e+02 3.330000000000000000e+02
8.710000000000000000e+02 3.350000000000000000e+02
8.710000000000000000e+02 3.360000000000000000e+02
8.710000000000000000e+02 3.370000000000000000e+02
8.710000000000000000e+02 3.380000000000000000e+02
8.700000000000000000e+02 3.380000000000000000e+02
8.690000000000000000e+02 3.390000000000000000e+02
8.700000000000000000e+02 3.400000000000000000e+02
8.690000000000000000e+02 3.390000000000000000e+02
8.690000000000000000e+02 3.380000000000000000e+02
