# frames 101, center=[860, 359], duration=[400, 500], video=browniano sol 2_0
8.600000000000000000e+02 3.590000000000000000e+02
8.600000000000000000e+02 3.590000000000000000e+02
8.600000000000000000e+02 3.590000000000000000e+02
8.600000000000000000e+02 3.580000000000000000e+02
8.600000000000000000e+02 3.580000000000000000e+02
8.590000000000000000e+02 3.590000000000000000e+02
8.580000000000000000e+02 3.580000000000000000e+02
8.590000000000000000e+02 3.580000000000000000e+02
8.590000000000000000e+02 3.580000000000000000e+02
8.590000000000000000e+02 3.580000000000000000e+02
8.600000000000000000e+02 3.580000000000000000e+02
8.590000000000000000e+02 3.580000000000000000e+02
8.600000000000000000e+02 3.580000000000000000e+02
8.600000000000000000e+02 3.580000000000000000e+02
8.610000000000000000e+02 3.590000000000000000e+02
8.620000000000000000e+02 3.590000000000000000e+02
8.610000000000000000e+02 3.590000000000000000e+02
8.610000000000000000e+02 3.580000000000000000e+02
8.600000000000000000e+02 3.580000000000000000e+02
8.600000000000000000e+02 3.570000000000000000e+02
8.600000000000000000e+02 3.570000000000000000e+02
8.610000000000000000e+02 3.570000000000000000e+02
8.620000000000000000e+02 3.570000000000000000e+02
8.620000000000000000e+02 3.560000000000000000e+02
8.620000000000000000e+02 3.550000000000000000e+02
8.640000000000000000e+02 3.540000000000000000e+02
8.630000000000000000e+02 3.540000000000000000e+02
8.650000000000000000e+02 3.540000000000000000e+02
8.640000000000000000e+02 3.560000000000000000e+02
8.630000000000000000e+02 3.550000000000000000e+02
8.640000000000000000e+02 3.560000000000000000e+02
8.640000000000000000e+02 3.560000000000000000e+02
8.640000000000000000e+02 3.550000000000000000e+02
8.640000000000000000e+02 3.560000000000000000e+02
8.640000000000000000e+02 3.540000000000000000e+02
8.650000000000000000e+02 3.550000000000000000e+02
8.650000000000000000e+02 3.550000000000000000e+02
8.640000000000000000e+02 3.550000000000000000e+02
8.650000000000000000e+02 3.540000000000000000e+02
8.660000000000000000e+02 3.540000000000000000e+02
8.650000000000000000e+02 3.540000000000000000e+02
8.650000000000000000e+02 3.540000000000000000e+02
8.640000000000000000e+02 3.540000000000000000e+02
8.650000000000000000e+02 3.530000000000000000e+02
8.650000000000000000e+02 3.530000000000000000e+02
8.640000000000000000e+02 3.520000000000000000e+02
8.650000000000000000e+02 3.530000000000000000e+02
8.650000000000000000e+02 3.540000000000000000e+02
8.640000000000000000e+02 3.530000000000000000e+02
8.640000000000000000e+02 3.530000000000000000e+02
8.640000000000000000e+02 3.530000000000000000e+02
8.620000000000000000e+02 3.530000000000000000e+02
8.620000000000000000e+02 3.530000000000000000e+02
8.610000000000000000e+02 3.540000000000000000e+02
8.600000000000000000e+02 3.540000000000000000e+02
8.610000000000000000e+02 3.550000000000000000e+02
8.610000000000000000e+02 3.550000000000000000e+02
8.620000000000000000e+02 3.570000000000000000e+02
8.610000000000000000e+02 3.570000000000000000e+02
8.600000000000000000e+02 3.560000000000000000e+02
8.610000000000000000e+02 3.570000000000000000e+02
8.610000000000000000e+02 3.590000000000000000e+02
8.620000000000000000e+02 3.600000000000000000e+02
8.610000000000000000e+02 3.610000000000000000e+02
8.610000000000000000e+02 3.610000000000000000e+02
8.620000000000000000e+02 3.600000000000000000e+02
8.620000000000000000e+02 3.610000000000000000e+02
8.600000000000000000e+02 3.610000000000000000e+02
8.620000000000000000e+02 3.610000000000000000e+02
8.640000000000000000e+02 3.630000000000000000e+02
8.630000000000000000e+02 3.620000000000000000e+02
8.630000000000000000e+02 3.600000000000000000e+02
8.640000000000000000e+02 3.600000000000000000e+02
8.620000000000000000e+02 3.600000000000000000e+02
8.620000000000000000e+02 3.590000000000000000e+02
8.620000000000000000e+02 3.590000000000000000e+02
8.610000000000000000e+02 3.580000000000000000e+02
8.620000000000000000e+02 3.570000000000000000e+02
8.630000000000000000e+02 3.570000000000000000e+02
8.640000000000000000e+02 3.560000000000000000e+02
8.650000000000000000e+02 3.560000000000000000e+02
8.640000000000000000e+02 3.570000000000000000e+02
8.650000000000000000e+02 3.580000000000000000e+02
8.660000000000000000e+02 3.580000000000000000e+02
8.660000000000000000e+02 3.580000000000000000e+02
8.640000000000000000e+02 3.580000000000000000e+02
8.650000000000000000e+02 3.590000000000000000e+02
8.630000000000000000e+02 3.600000000000000000e+02
8.640000000000000000e+02 3.610000000000000000e+02
8.640000000000000000e+02 3.620000000000000000e+02
8.630000000000000000e+02 3.630000000000000000e+02
8.650000000000000000e+02 3.630000000000000000e+02
8.650000000000000000e+02 3.640000000000000000e+02
8.660000000000000000e+02 3.650000000000000000e+02
8.680000000000000000e+02 3.640000000000000000e+02
8.680000000000000000e+02 3.640000000000000000e+02
8.670000000000000000e+02 3.650000000000000000e+02
8.660000000000000000e+02 3.650000000000000000e+02
8.670000000000000000e+02 3.640000000000000000e+02
8.660000000000000000e+02 3.650000000000000000e+02
8.650000000000000000e+02 3.650000000000000000e+02
