# frames 101, center=[863, 345], duration=[1000, 1100], video=browniano sol 2_0
8.630000000000000000e+02 3.450000000000000000e+02
8.630000000000000000e+02 3.450000000000000000e+02
8.630000000000000000e+02 3.450000000000000000e+02
8.630000000000000000e+02 3.440000000000000000e+02
8.640000000000000000e+02 3.440000000000000000e+02
8.650000000000000000e+02 3.450000000000000000e+02
8.640000000000000000e+02 3.450000000000000000e+02
8.640000000000000000e+02 3.460000000000000000e+02
8.650000000000000000e+02 3.470000000000000000e+02
8.650000000000000000e+02 3.470000000000000000e+02
8.650000000000000000e+02 3.470000000000000000e+02
8.640000000000000000e+02 3.470000000000000000e+02
8.640000000000000000e+02 3.480000000000000000e+02
8.640000000000000000e+02 3.460000000000000000e+02
8.640000000000000000e+02 3.460000000000000000e+02
8.640000000000000000e+02 3.470000000000000000e+02
8.630000000000000000e+02 3.470000000000000000e+02
8.630000000000000000e+02 3.460000000000000000e+02
8.630000000000000000e+02 3.460000000000000000e+02
8.630000000000000000e+02 3.460000000000000000e+02
8.640000000000000000e+02 3.460000000000000000e+02
8.650000000000000000e+02 3.470000000000000000e+02
8.660000000000000000e+02 3.450000000000000000e+02
8.670000000000000000e+02 3.440000000000000000e+02
8.660000000000000000e+02 3.450000000000000000e+02
8.660000000000000000e+02 3.430000000000000000e+02
8.670000000000000000e+02 3.420000000000000000e+02
8.670000000000000000e+02 3.410000000000000000e+02
8.670000000000000000e+02 3.420000000000000000e+02
8.660000000000000000e+02 3.420000000000000000e+02
8.660000000000000000e+02 3.410000000000000000e+02
8.660000000000000000e+02 3.410000000000000000e+02
8.670000000000000000e+02 3.420000000000000000e+02
8.670000000000000000e+02 3.420000000000000000e+02
8.660000000000000000e+02 3.420000000000000000e+02
8.660000000000000000e+02 3.420000000000000000e+02
8.660000000000000000e+02 3.430000000000000000e+02
8.670000000000000000e+02 3.420000000000000000e+02
8.660000000000000000e+02 3.410000000000000000e+02
8.660000000000000000e+02 3.400000000000000000e+02
8.680000000000000000e+02 3.400000000000000000e+02
8.690000000000000000e+02 3.390000000000000000e+02
8.690000000000000000e+02 3.380000000000000000e+02
8.690000000000000000e+02 3.370000000000000000e+02
8.700000000000000000e+02 3.370000000000000000e+02
8.700000000000000000e+02 3.370000000000000000e+02
8.690000000000000000e+02 3.350000000000000000e+02
8.690000000000000000e+02 3.350000000000000000e+02
8.690000000000000000e+02 3.340000000000000000e+02
8.680000000000000000e+02 3.340000000000000000e+02
8.690000000000000000e+02 3.350000000000000000e+02
8.700000000000000000e+02 3.340000000000000000e+02
8.710000000000000000e+02 3.340000000000000000e+02
8.700000000000000000e+02 3.350000000000000000e+02
8.700000000000000000e+02 3.360000000000000000e+02
8.710000000000000000e+02 3.350000000000000000e+02
8.710000000000000000e+02 3.350000000000000000e+02
8.710000000000000000e+02 3.360000000000000000e+02
8.710000000000000000e+02 3.360000000000000000e+02
8.720000000000000000e+02 3.360000000000000000e+02
8.710000000000000000e+02 3.360000000000000000e+02
8.710000000000000000e+02 3.380000000000000000e+02
8.720000000000000000e+02 3.380000000000000000e+02
8.720000000000000000e+02 3.390000000000000000e+02
8.710000000000000000e+02 3.390000000000000000e+02
8.710000000000000000e+02 3.400000000000000000e+02
8.710000000000000000e+02 3.400000000000000000e+02
8.720000000000000000e+02 3.400000000000000000e+02
8.720000000000000000e+02 3.390000000000000000e+02
8.730000000000000000e+02 3.400000000000000000e+02
8.730000000000000000e+02 3.400000000000000000e+02
8.720000000000000000e+02 3.390000000000000000e+02
8.720000000000000000e+02 3.390000000000000000e+02
8.720000000000000000e+02 3.390000000000000000e+02
8.720000000000000000e+02 3.400000000000000000e+02
8.720000000000000000e+02 3.400000000000000000e+02
8.720000000000000000e+02 3.410000000000000000e+02
8.720000000000000000e+02 3.400000000000000000e+02
8.730000000000000000e+02 3.400000000000000000e+02
8.720000000000000000e+02 3.400000000000000000e+02
8.710000000000000000e+02 3.410000000000000000e+02
8.720000000000000000e+02 3.420000000000000000e+02
8.730000000000000000e+02 3.420000000000000000e+02
8.730000000000000000e+02 3.410000000000000000e+02
8.720000000000000000e+02 3.420000000000000000e+02
8.730000000000000000e+02 3.420000000000000000e+02
8.710000000000000000e+02 3.420000000000000000e+02
8.710000000000000000e+02 3.420000000000000000e+02
8.710000000000000000e+02 3.420000000000000000e+02
8.700000000000000000e+02 3.430000000000000000e+02
8.710000000000000000e+02 3.430000000000000000e+02
8.700000000000000000e+02 3.430000000000000000e+02
8.700000000000000000e+02 3.430000000000000000e+02
8.710000000000000000e+02 3.420000000000000000e+02
8.710000000000000000e+02 3.430000000000000000e+02
8.710000000000000000e+02 3.430000000000000000e+02
8.710000000000000000e+02 3.430000000000000000e+02
8.710000000000000000e+02 3.410000000000000000e+02
8.710000000000000000e+02 3.410000000000000000e+02
8.700000000000000000e+02 3.420000000000000000e+02
8.710000000000000000e+02 3.410000000000000000e+02
