# frames 101, center=[858, 369], duration=[300, 400], video=browniano sol 2_0
8.580000000000000000e+02 3.690000000000000000e+02
8.580000000000000000e+02 3.690000000000000000e+02
8.580000000000000000e+02 3.690000000000000000e+02
8.580000000000000000e+02 3.700000000000000000e+02
8.570000000000000000e+02 3.700000000000000000e+02
8.570000000000000000e+02 3.700000000000000000e+02
8.570000000000000000e+02 3.700000000000000000e+02
8.570000000000000000e+02 3.720000000000000000e+02
8.570000000000000000e+02 3.710000000000000000e+02
8.570000000000000000e+02 3.710000000000000000e+02
8.570000000000000000e+02 3.710000000000000000e+02
8.580000000000000000e+02 3.700000000000000000e+02
8.580000000000000000e+02 3.700000000000000000e+02
8.610000000000000000e+02 3.700000000000000000e+02
8.600000000000000000e+02 3.700000000000000000e+02
8.610000000000000000e+02 3.700000000000000000e+02
8.610000000000000000e+02 3.710000000000000000e+02
8.610000000000000000e+02 3.720000000000000000e+02
8.620000000000000000e+02 3.720000000000000000e+02
8.630000000000000000e+02 3.730000000000000000e+02
8.620000000000000000e+02 3.730000000000000000e+02
8.620000000000000000e+02 3.720000000000000000e+02
8.630000000000000000e+02 3.720000000000000000e+02
8.630000000000000000e+02 3.710000000000000000e+02
8.630000000000000000e+02 3.710000000000000000e+02
8.640000000000000000e+02 3.730000000000000000e+02
8.630000000000000000e+02 3.710000000000000000e+02
8.630000000000000000e+02 3.700000000000000000e+02
8.640000000000000000e+02 3.680000000000000000e+02
8.650000000000000000e+02 3.670000000000000000e+02
8.650000000000000000e+02 3.670000000000000000e+02
8.660000000000000000e+02 3.660000000000000000e+02
8.670000000000000000e+02 3.650000000000000000e+02
8.650000000000000000e+02 3.660000000000000000e+02
8.660000000000000000e+02 3.660000000000000000e+02
8.640000000000000000e+02 3.660000000000000000e+02
8.650000000000000000e+02 3.660000000000000000e+02
8.640000000000000000e+02 3.660000000000000000e+02
8.630000000000000000e+02 3.670000000000000000e+02
8.640000000000000000e+02 3.660000000000000000e+02
8.630000000000000000e+02 3.660000000000000000e+02
8.630000000000000000e+02 3.660000000000000000e+02
8.610000000000000000e+02 3.670000000000000000e+02
8.620000000000000000e+02 3.670000000000000000e+02
8.630000000000000000e+02 3.660000000000000000e+02
8.620000000000000000e+02 3.660000000000000000e+02
8.620000000000000000e+02 3.650000000000000000e+02
8.620000000000000000e+02 3.660000000000000000e+02
8.620000000000000000e+02 3.660000000000000000e+02
8.640000000000000000e+02 3.660000000000000000e+02
8.620000000000000000e+02 3.650000000000000000e+02
8.630000000000000000e+02 3.660000000000000000e+02
8.630000000000000000e+02 3.650000000000000000e+02
8.640000000000000000e+02 3.650000000000000000e+02
8.650000000000000000e+02 3.640000000000000000e+02
8.640000000000000000e+02 3.650000000000000000e+02
8.650000000000000000e+02 3.640000000000000000e+02
8.660000000000000000e+02 3.650000000000000000e+02
8.660000000000000000e+02 3.650000000000000000e+02
8.680000000000000000e+02 3.640000000000000000e+02
8.650000000000000000e+02 3.650000000000000000e+02
8.670000000000000000e+02 3.650000000000000000e+02
8.670000000000000000e+02 3.650000000000000000e+02
8.660000000000000000e+02 3.650000000000000000e+02
8.650000000000000000e+02 3.650000000000000000e+02
8.630000000000000000e+02 3.660000000000000000e+02
8.630000000000000000e+02 3.650000000000000000e+02
8.640000000000000000e+02 3.650000000000000000e+02
8.640000000000000000e+02 3.650000000000000000e+02
8.640000000000000000e+02 3.640000000000000000e+02
8.630000000000000000e+02 3.640000000000000000e+02
8.620000000000000000e+02 3.640000000000000000e+02
8.630000000000000000e+02 3.640000000000000000e+02
8.630000000000000000e+02 3.630000000000000000e+02
8.620000000000000000e+02 3.620000000000000000e+02
8.600000000000000000e+02 3.610000000000000000e+02
8.620000000000000000e+02 3.620000000000000000e+02
8.600000000000000000e+02 3.630000000000000000e+02
8.610000000000000000e+02 3.620000000000000000e+02
8.610000000000000000e+02 3.610000000000000000e+02
8.630000000000000000e+02 3.620000000000000000e+02
8.620000000000000000e+02 3.610000000000000000e+02
8.620000000000000000e+02 3.620000000000000000e+02
8.630000000000000000e+02 3.620000000000000000e+02
8.640000000000000000e+02 3.640000000000000000e+02
8.630000000000000000e+02 3.650000000000000000e+02
8.640000000000000000e+02 3.640000000000000000e+02
8.640000000000000000e+02 3.630000000000000000e+02
8.630000000000000000e+02 3.650000000000000000e+02
8.640000000000000000e+02 3.630000000000000000e+02
8.630000000000000000e+02 3.630000000000000000e+02
8.620000000000000000e+02 3.630000000000000000e+02
8.620000000000000000e+02 3.630000000000000000e+02
8.610000000000000000e+02 3.640000000000000000e+02
8.610000000000000000e+02 3.650000000000000000e+02
8.610000000000000000e+02 3.640000000000000000e+02
8.620000000000000000e+02 3.650000000000000000e+02
8.630000000000000000e+02 3.630000000000000000e+02
8.610000000000000000e+02 3.620000000000000000e+02
8.600000000000000000e+02 3.610000000000000000e+02
8.600000000000000000e+02 3.610000000000000000e+02
