# frames 101, center=[847, 378], duration=[100, 200], video=browniano sol 2_0
8.470000000000000000e+02 3.780000000000000000e+02
8.470000000000000000e+02 3.780000000000000000e+02
8.470000000000000000e+02 3.780000000000000000e+02
8.470000000000000000e+02 3.780000000000000000e+02
8.470000000000000000e+02 3.780000000000000000e+02
8.460000000000000000e+02 3.780000000000000000e+02
8.460000000000000000e+02 3.790000000000000000e+02
8.470000000000000000e+02 3.780000000000000000e+02
8.470000000000000000e+02 3.780000000000000000e+02
8.460000000000000000e+02 3.780000000000000000e+02
8.470000000000000000e+02 3.780000000000000000e+02
8.470000000000000000e+02 3.760000000000000000e+02
8.470000000000000000e+02 3.770000000000000000e+02
8.480000000000000000e+02 3.770000000000000000e+02
8.470000000000000000e+02 3.760000000000000000e+02
8.480000000000000000e+02 3.760000000000000000e+02
8.490000000000000000e+02 3.750000000000000000e+02
8.470000000000000000e+02 3.730000000000000000e+02
8.470000000000000000e+02 3.730000000000000000e+02
8.470000000000000000e+02 3.720000000000000000e+02
8.470000000000000000e+02 3.730000000000000000e+02
8.460000000000000000e+02 3.710000000000000000e+02
8.460000000000000000e+02 3.720000000000000000e+02
8.450000000000000000e+02 3.710000000000000000e+02
8.470000000000000000e+02 3.710000000000000000e+02
8.470000000000000000e+02 3.710000000000000000e+02
8.470000000000000000e+02 3.700000000000000000e+02
8.480000000000000000e+02 3.700000000000000000e+02
8.490000000000000000e+02 3.680000000000000000e+02
8.490000000000000000e+02 3.680000000000000000e+02
8.500000000000000000e+02 3.680000000000000000e+02
8.510000000000000000e+02 3.690000000000000000e+02
8.500000000000000000e+02 3.690000000000000000e+02
8.500000000000000000e+02 3.690000000000000000e+02
8.490000000000000000e+02 3.690000000000000000e+02
8.480000000000000000e+02 3.700000000000000000e+02
8.480000000000000000e+02 3.700000000000000000e+02
8.470000000000000000e+02 3.700000000000000000e+02
8.470000000000000000e+02 3.690000000000000000e+02
8.470000000000000000e+02 3.680000000000000000e+02
8.470000000000000000e+02 3.660000000000000000e+02
8.480000000000000000e+02 3.680000000000000000e+02
8.480000000000000000e+02 3.680000000000000000e+02
8.470000000000000000e+02 3.690000000000000000e+02
8.470000000000000000e+02 3.690000000000000000e+02
8.460000000000000000e+02 3.690000000000000000e+02
8.480000000000000000e+02 3.690000000000000000e+02
8.470000000000000000e+02 3.690000000000000000e+02
8.470000000000000000e+02 3.700000000000000000e+02
8.460000000000000000e+02 3.700000000000000000e+02
8.480000000000000000e+02 3.700000000000000000e+02
8.470000000000000000e+02 3.710000000000000000e+02
8.470000000000000000e+02 3.700000000000000000e+02
8.450000000000000000e+02 3.700000000000000000e+02
8.460000000000000000e+02 3.690000000000000000e+02
8.450000000000000000e+02 3.690000000000000000e+02
8.440000000000000000e+02 3.690000000000000000e+02
8.440000000000000000e+02 3.690000000000000000e+02
8.450000000000000000e+02 3.700000000000000000e+02
8.450000000000000000e+02 3.710000000000000000e+02
8.450000000000000000e+02 3.730000000000000000e+02
8.450000000000000000e+02 3.730000000000000000e+02
8.430000000000000000e+02 3.720000000000000000e+02
8.440000000000000000e+02 3.710000000000000000e+02
8.440000000000000000e+02 3.720000000000000000e+02
8.440000000000000000e+02 3.700000000000000000e+02
8.440000000000000000e+02 3.700000000000000000e+02
8.440000000000000000e+02 3.710000000000000000e+02
8.440000000000000000e+02 3.710000000000000000e+02
8.450000000000000000e+02 3.720000000000000000e+02
8.460000000000000000e+02 3.700000000000000000e+02
8.460000000000000000e+02 3.690000000000000000e+02
8.470000000000000000e+02 3.680000000000000000e+02
8.470000000000000000e+02 3.680000000000000000e+02
8.440000000000000000e+02 3.670000000000000000e+02
8.450000000000000000e+02 3.660000000000000000e+02
8.440000000000000000e+02 3.650000000000000000e+02
8.450000000000000000e+02 3.650000000000000000e+02
8.440000000000000000e+02 3.660000000000000000e+02
8.450000000000000000e+02 3.660000000000000000e+02
8.450000000000000000e+02 3.650000000000000000e+02
8.460000000000000000e+02 3.660000000000000000e+02
8.460000000000000000e+02 3.650000000000000000e+02
8.470000000000000000e+02 3.660000000000000000e+02
8.450000000000000000e+02 3.660000000000000000e+02
8.470000000000000000e+02 3.650000000000000000e+02
8.480000000000000000e+02 3.640000000000000000e+02
8.500000000000000000e+02 3.640000000000000000e+02
8.490000000000000000e+02 3.640000000000000000e+02
8.470000000000000000e+02 3.640000000000000000e+02
8.470000000000000000e+02 3.620000000000000000e+02
8.460000000000000000e+02 3.630000000000000000e+02
8.470000000000000000e+02 3.640000000000000000e+02
8.450000000000000000e+02 3.630000000000000000e+02
8.450000000000000000e+02 3.640000000000000000e+02
8.460000000000000000e+02 3.630000000000000000e+02
8.450000000000000000e+02 3.630000000000000000e+02
8.450000000000000000e+02 3.630000000000000000e+02
8.440000000000000000e+02 3.630000000000000000e+02
8.440000000000000000e+02 3.620000000000000000e+02
8.450000000000000000e+02 3.630000000000000000e+02
