# frames 101, center=[872, 354], duration=[600, 700], video=browniano sol 2_0
8.720000000000000000e+02 3.540000000000000000e+02
8.720000000000000000e+02 3.540000000000000000e+02
8.720000000000000000e+02 3.540000000000000000e+02
8.720000000000000000e+02 3.540000000000000000e+02
8.710000000000000000e+02 3.540000000000000000e+02
8.700000000000000000e+02 3.550000000000000000e+02
8.690000000000000000e+02 3.550000000000000000e+02
8.680000000000000000e+02 3.540000000000000000e+02
8.690000000000000000e+02 3.550000000000000000e+02
8.680000000000000000e+02 3.550000000000000000e+02
8.680000000000000000e+02 3.550000000000000000e+02
8.680000000000000000e+02 3.550000000000000000e+02
8.680000000000000000e+02 3.550000000000000000e+02
8.690000000000000000e+02 3.540000000000000000e+02
8.690000000000000000e+02 3.540000000000000000e+02
8.680000000000000000e+02 3.550000000000000000e+02
8.700000000000000000e+02 3.540000000000000000e+02
8.710000000000000000e+02 3.540000000000000000e+02
8.680000000000000000e+02 3.530000000000000000e+02
8.680000000000000000e+02 3.520000000000000000e+02
8.660000000000000000e+02 3.520000000000000000e+02
8.670000000000000000e+02 3.510000000000000000e+02
8.670000000000000000e+02 3.510000000000000000e+02
8.660000000000000000e+02 3.490000000000000000e+02
8.660000000000000000e+02 3.480000000000000000e+02
8.660000000000000000e+02 3.480000000000000000e+02
8.670000000000000000e+02 3.480000000000000000e+02
8.670000000000000000e+02 3.490000000000000000e+02
8.660000000000000000e+02 3.500000000000000000e+02
8.670000000000000000e+02 3.490000000000000000e+02
8.670000000000000000e+02 3.500000000000000000e+02
8.660000000000000000e+02 3.510000000000000000e+02
8.650000000000000000e+02 3.510000000000000000e+02
8.650000000000000000e+02 3.510000000000000000e+02
8.660000000000000000e+02 3.500000000000000000e+02
8.660000000000000000e+02 3.510000000000000000e+02
8.660000000000000000e+02 3.510000000000000000e+02
8.660000000000000000e+02 3.500000000000000000e+02
8.670000000000000000e+02 3.510000000000000000e+02
8.680000000000000000e+02 3.520000000000000000e+02
8.670000000000000000e+02 3.510000000000000000e+02
8.670000000000000000e+02 3.490000000000000000e+02
8.680000000000000000e+02 3.480000000000000000e+02
8.680000000000000000e+02 3.470000000000000000e+02
8.680000000000000000e+02 3.470000000000000000e+02
8.690000000000000000e+02 3.480000000000000000e+02
8.700000000000000000e+02 3.470000000000000000e+02
8.700000000000000000e+02 3.450000000000000000e+02
8.700000000000000000e+02 3.450000000000000000e+02
8.700000000000000000e+02 3.450000000000000000e+02
8.700000000000000000e+02 3.450000000000000000e+02
8.710000000000000000e+02 3.450000000000000000e+02
8.700000000000000000e+02 3.450000000000000000e+02
8.690000000000000000e+02 3.440000000000000000e+02
8.690000000000000000e+02 3.430000000000000000e+02
8.680000000000000000e+02 3.430000000000000000e+02
8.680000000000000000e+02 3.430000000000000000e+02
8.680000000000000000e+02 3.430000000000000000e+02
8.680000000000000000e+02 3.430000000000000000e+02
8.680000000000000000e+02 3.440000000000000000e+02
8.690000000000000000e+02 3.440000000000000000e+02
8.670000000000000000e+02 3.430000000000000000e+02
8.680000000000000000e+02 3.430000000000000000e+02
8.680000000000000000e+02 3.420000000000000000e+02
8.680000000000000000e+02 3.410000000000000000e+02
8.680000000000000000e+02 3.420000000000000000e+02
8.680000000000000000e+02 3.410000000000000000e+02
8.690000000000000000e+02 3.410000000000000000e+02
8.690000000000000000e+02 3.400000000000000000e+02
8.690000000000000000e+02 3.390000000000000000e+02
8.710000000000000000e+02 3.400000000000000000e+02
8.710000000000000000e+02 3.390000000000000000e+02
8.720000000000000000e+02 3.380000000000000000e+02
8.710000000000000000e+02 3.370000000000000000e+02
8.730000000000000000e+02 3.370000000000000000e+02
8.720000000000000000e+02 3.370000000000000000e+02
8.720000000000000000e+02 3.370000000000000000e+02
8.730000000000000000e+02 3.370000000000000000e+02
8.720000000000000000e+02 3.370000000000000000e+02
8.710000000000000000e+02 3.360000000000000000e+02
8.710000000000000000e+02 3.360000000000000000e+02
8.720000000000000000e+02 3.360000000000000000e+02
8.710000000000000000e+02 3.370000000000000000e+02
8.710000000000000000e+02 3.360000000000000000e+02
8.720000000000000000e+02 3.360000000000000000e+02
8.720000000000000000e+02 3.370000000000000000e+02
8.720000000000000000e+02 3.350000000000000000e+02
8.730000000000000000e+02 3.360000000000000000e+02
8.720000000000000000e+02 3.360000000000000000e+02
8.720000000000000000e+02 3.360000000000000000e+02
8.720000000000000000e+02 3.350000000000000000e+02
8.730000000000000000e+02 3.350000000000000000e+02
8.730000000000000000e+02 3.360000000000000000e+02
8.720000000000000000e+02 3.360000000000000000e+02
8.720000000000000000e+02 3.350000000000000000e+02
8.720000000000000000e+02 3.330000000000000000e+02
8.720000000000000000e+02 3.330000000000000000e+02
8.730000000000000000e+02 3.320000000000000000e+02
8.720000000000000000e+02 3.320000000000000000e+02
8.720000000000000000e+02 3.310000000000000000e+02
8.720000000000000000e+02 3.310000000000000000e+02
