# frames 101, center=[876, 490], duration=[100, 200], video=browniano sol 2_0
8.760000000000000000e+02 4.900000000000000000e+02
8.760000000000000000e+02 4.900000000000000000e+02
8.760000000000000000e+02 4.900000000000000000e+02
8.760000000000000000e+02 4.900000000000000000e+02
8.760000000000000000e+02 4.900000000000000000e+02
8.760000000000000000e+02 4.900000000000000000e+02
8.760000000000000000e+02 4.900000000000000000e+02
8.760000000000000000e+02 4.900000000000000000e+02
8.760000000000000000e+02 4.900000000000000000e+02
8.760000000000000000e+02 4.900000000000000000e+02
8.760000000000000000e+02 4.900000000000000000e+02
8.760000000000000000e+02 4.900000000000000000e+02
8.760000000000000000e+02 4.900000000000000000e+02
8.760000000000000000e+02 4.900000000000000000e+02
8.760000000000000000e+02 4.900000000000000000e+02
8.760000000000000000e+02 4.900000000000000000e+02
8.760000000000000000e+02 4.900000000000000000e+02
8.760000000000000000e+02 4.900000000000000000e+02
8.760000000000000000e+02 4.900000000000000000e+02
8.760000000000000000e+02 4.900000000000000000e+02
8.760000000000000000e+02 4.900000000000000000e+02
8.760000000000000000e+02 4.900000000000000000e+02
8.760000000000000000e+02 4.900000000000000000e+02
8.760000000000000000e+02 4.900000000000000000e+02
8.760000000000000000e+02 4.900000000000000000e+02
8.760000000000000000e+02 4.900000000000000000e+02
8.760000000000000000e+02 4.900000000000000000e+02
8.760000000000000000e+02 4.900000000000000000e+02
8.760000000000000000e+02 4.900000000000000000e+02
8.760000000000000000e+02 4.900000000000000000e+02
8.760000000000000000e+02 4.900000000000000000e+02
8.760000000000000000e+02 4.900000000000000000e+02
8.760000000000000000e+02 4.900000000000000000e+02
8.760000000000000000e+02 4.900000000000000000e+02
8.760000000000000000e+02 4.900000000000000000e+02
8.760000000000000000e+02 4.900000000000000000e+02
8.760000000000000000e+02 4.900000000000000000e+02
8.760000000000000000e+02 4.900000000000000000e+02
8.760000000000000000e+02 4.900000000000000000e+02
8.760000000000000000e+02 4.900000000000000000e+02
8.760000000000000000e+02 4.900000000000000000e+02
8.760000000000000000e+02 4.900000000000000000e+02
8.760000000000000000e+02 4.900000000000000000e+02
8.760000000000000000e+02 4.900000000000000000e+02
8.760000000000000000e+02 4.900000000000000000e+02
8.760000000000000000e+02 4.900000000000000000e+02
8.760000000000000000e+02 4.900000000000000000e+02
8.760000000000000000e+02 4.900000000000000000e+02
8.760000000000000000e+02 4.900000000000000000e+02
8.760000000000000000e+02 4.900000000000000000e+02
8.760000000000000000e+02 4.900000000000000000e+02
8.760000000000000000e+02 4.900000000000000000e+02
8.760000000000000000e+02 4.900000000000000000e+02
8.760000000000000000e+02 4.900000000000000000e+02
8.760000000000000000e+02 4.900000000000000000e+02
8.760000000000000000e+02 4.900000000000000000e+02
8.760000000000000000e+02 4.900000000000000000e+02
8.760000000000000000e+02 4.900000000000000000e+02
8.760000000000000000e+02 4.900000000000000000e+02
8.760000000000000000e+02 4.900000000000000000e+02
8.760000000000000000e+02 4.900000000000000000e+02
8.760000000000000000e+02 4.900000000000000000e+02
8.760000000000000000e+02 4.900000000000000000e+02
8.760000000000000000e+02 4.900000000000000000e+02
8.760000000000000000e+02 4.900000000000000000e+02
8.760000000000000000e+02 4.900000000000000000e+02
8.760000000000000000e+02 4.900000000000000000e+02
8.760000000000000000e+02 4.900000000000000000e+02
8.760000000000000000e+02 4.900000000000000000e+02
8.760000000000000000e+02 4.900000000000000000e+02
8.760000000000000000e+02 4.900000000000000000e+02
8.760000000000000000e+02 4.900000000000000000e+02
8.760000000000000000e+02 4.900000000000000000e+02
8.760000000000000000e+02 4.900000000000000000e+02
8.760000000000000000e+02 4.900000000000000000e+02
8.760000000000000000e+02 4.900000000000000000e+02
8.760000000000000000e+02 4.900000000000000000e+02
8.760000000000000000e+02 4.900000000000000000e+02
8.760000000000000000e+02 4.900000000000000000e+02
8.760000000000000000e+02 4.900000000000000000e+02
8.760000000000000000e+02 4.900000000000000000e+02
8.760000000000000000e+02 4.900000000000000000e+02
8.760000000000000000e+02 4.900000000000000000e+02
8.760000000000000000e+02 4.900000000000000000e+02
8.760000000000000000e+02 4.900000000000000000e+02
8.760000000000000000e+02 4.900000000000000000e+02
8.760000000000000000e+02 4.900000000000000000e+02
8.760000000000000000e+02 4.900000000000000000e+02
8.760000000000000000e+02 4.900000000000000000e+02
8.760000000000000000e+02 4.900000000000000000e+02
8.760000000000000000e+02 4.900000000000000000e+02
8.760000000000000000e+02 4.900000000000000000e+02
8.760000000000000000e+02 4.900000000000000000e+02
8.760000000000000000e+02 4.900000000000000000e+02
8.760000000000000000e+02 4.900000000000000000e+02
8.760000000000000000e+02 4.900000000000000000e+02
8.760000000000000000e+02 4.900000000000000000e+02
8.760000000000000000e+02 4.900000000000000000e+02
8.760000000000000000e+02 4.900000000000000000e+02
8.760000000000000000e+02 4.900000000000000000e+02
8.760000000000000000e+02 4.900000000000000000e+02
