# frames 101, center=[874, 492], duration=[400, 500], video=browniano sol 2_0
8.740000000000000000e+02 4.920000000000000000e+02
8.740000000000000000e+02 4.920000000000000000e+02
8.740000000000000000e+02 4.920000000000000000e+02
8.740000000000000000e+02 4.920000000000000000e+02
8.740000000000000000e+02 4.920000000000000000e+02
8.740000000000000000e+02 4.920000000000000000e+02
8.740000000000000000e+02 4.920000000000000000e+02
8.740000000000000000e+02 4.920000000000000000e+02
8.740000000000000000e+02 4.920000000000000000e+02
8.740000000000000000e+02 4.920000000000000000e+02
8.740000000000000000e+02 4.920000000000000000e+02
8.740000000000000000e+02 4.920000000000000000e+02
8.740000000000000000e+02 4.920000000000000000e+02
8.740000000000000000e+02 4.920000000000000000e+02
8.740000000000000000e+02 4.920000000000000000e+02
8.740000000000000000e+02 4.920000000000000000e+02
8.740000000000000000e+02 4.920000000000000000e+02
8.740000000000000000e+02 4.920000000000000000e+02
8.740000000000000000e+02 4.920000000000000000e+02
8.740000000000000000e+02 4.920000000000000000e+02
8.740000000000000000e+02 4.920000000000000000e+02
8.740000000000000000e+02 4.920000000000000000e+02
8.740000000000000000e+02 4.920000000000000000e+02
8.740000000000000000e+02 4.920000000000000000e+02
8.740000000000000000e+02 4.920000000000000000e+02
8.740000000000000000e+02 4.920000000000000000e+02
8.740000000000000000e+02 4.920000000000000000e+02
8.740000000000000000e+02 4.920000000000000000e+02
8.740000000000000000e+02 4.920000000000000000e+02
8.740000000000000000e+02 4.920000000000000000e+02
8.740000000000000000e+02 4.920000000000000000e+02
8.740000000000000000e+02 4.920000000000000000e+02
8.740000000000000000e+02 4.920000000000000000e+02
8.740000000000000000e+02 4.920000000000000000e+02
8.740000000000000000e+02 4.920000000000000000e+02
8.740000000000000000e+02 4.920000000000000000e+02
8.740000000000000000e+02 4.920000000000000000e+02
8.740000000000000000e+02 4.920000000000000000e+02
8.740000000000000000e+02 4.920000000000000000e+02
8.740000000000000000e+02 4.920000000000000000e+02
8.740000000000000000e+02 4.920000000000000000e+02
8.740000000000000000e+02 4.920000000000000000e+02
8.740000000000000000e+02 4.920000000000000000e+02
8.740000000000000000e+02 4.920000000000000000e+02
8.740000000000000000e+02 4.920000000000000000e+02
8.740000000000000000e+02 4.920000000000000000e+02
8.740000000000000000e+02 4.920000000000000000e+02
8.740000000000000000e+02 4.920000000000000000e+02
8.740000000000000000e+02 4.920000000000000000e+02
8.740000000000000000e+02 4.920000000000000000e+02
8.740000000000000000e+02 4.920000000000000000e+02
8.740000000000000000e+02 4.920000000000000000e+02
8.740000000000000000e+02 4.920000000000000000e+02
8.740000000000000000e+02 4.920000000000000000e+02
8.740000000000000000e+02 4.920000000000000000e+02
8.740000000000000000e+02 4.920000000000000000e+02
8.740000000000000000e+02 4.920000000000000000e+02
8.740000000000000000e+02 4.920000000000000000e+02
8.740000000000000000e+02 4.920000000000000000e+02
8.740000000000000000e+02 4.920000000000000000e+02
8.740000000000000000e+02 4.920000000000000000e+02
8.740000000000000000e+02 4.920000000000000000e+02
8.740000000000000000e+02 4.920000000000000000e+02
8.740000000000000000e+02 4.920000000000000000e+02
8.740000000000000000e+02 4.920000000000000000e+02
8.740000000000000000e+02 4.920000000000000000e+02
8.740000000000000000e+02 4.920000000000000000e+02
8.740000000000000000e+02 4.920000000000000000e+02
8.740000000000000000e+02 4.920000000000000000e+02
8.740000000000000000e+02 4.920000000000000000e+02
8.740000000000000000e+02 4.920000000000000000e+02
8.740000000000000000e+02 4.920000000000000000e+02
8.740000000000000000e+02 4.920000000000000000e+02
8.740000000000000000e+02 4.920000000000000000e+02
8.740000000000000000e+02 4.920000000000000000e+02
8.740000000000000000e+02 4.920000000000000000e+02
8.740000000000000000e+02 4.920000000000000000e+02
8.740000000000000000e+02 4.920000000000000000e+02
8.740000000000000000e+02 4.920000000000000000e+02
8.740000000000000000e+02 4.920000000000000000e+02
8.740000000000000000e+02 4.920000000000000000e+02
8.740000000000000000e+02 4.920000000000000000e+02
8.740000000000000000e+02 4.920000000000000000e+02
8.740000000000000000e+02 4.920000000000000000e+02
8.740000000000000000e+02 4.920000000000000000e+02
8.740000000000000000e+02 4.920000000000000000e+02
8.740000000000000000e+02 4.920000000000000000e+02
8.740000000000000000e+02 4.920000000000000000e+02
8.740000000000000000e+02 4.920000000000000000e+02
8.740000000000000000e+02 4.920000000000000000e+02
8.740000000000000000e+02 4.920000000000000000e+02
8.740000000000000000e+02 4.920000000000000000e+02
8.740000000000000000e+02 4.920000000000000000e+02
8.740000000000000000e+02 4.920000000000000000e+02
8.740000000000000000e+02 4.920000000000000000e+02
8.740000000000000000e+02 4.920000000000000000e+02
8.740000000000000000e+02 4.920000000000000000e+02
8.740000000000000000e+02 4.920000000000000000e+02
8.740000000000000000e+02 4.920000000000000000e+02
8.740000000000000000e+02 4.920000000000000000e+02
8.740000000000000000e+02 4.920000000000000000e+02
