# frames 101, center=[875, 492], duration=[600, 700], video=browniano sol 2_0
8.750000000000000000e+02 4.920000000000000000e+02
8.750000000000000000e+02 4.920000000000000000e+02
8.750000000000000000e+02 4.920000000000000000e+02
8.750000000000000000e+02 4.920000000000000000e+02
8.750000000000000000e+02 4.920000000000000000e+02
8.750000000000000000e+02 4.920000000000000000e+02
8.750000000000000000e+02 4.920000000000000000e+02
8.750000000000000000e+02 4.920000000000000000e+02
8.750000000000000000e+02 4.920000000000000000e+02
8.750000000000000000e+02 4.920000000000000000e+02
8.750000000000000000e+02 4.920000000000000000e+02
8.750000000000000000e+02 4.920000000000000000e+02
8.750000000000000000e+02 4.920000000000000000e+02
8.750000000000000000e+02 4.920000000000000000e+02
8.750000000000000000e+02 4.920000000000000000e+02
8.750000000000000000e+02 4.920000000000000000e+02
8.750000000000000000e+02 4.920000000000000000e+02
8.750000000000000000e+02 4.920000000000000000e+02
8.750000000000000000e+02 4.920000000000000000e+02
8.750000000000000000e+02 4.920000000000000000e+02
8.750000000000000000e+02 4.920000000000000000e+02
8.750000000000000000e+02 4.920000000000000000e+02
8.750000000000000000e+02 4.920000000000000000e+02
8.750000000000000000e+02 4.920000000000000000e+02
8.750000000000000000e+02 4.920000000000000000e+02
8.750000000000000000e+02 4.920000000000000000e+02
8.750000000000000000e+02 4.920000000000000000e+02
8.750000000000000000e+02 4.920000000000000000e+02
8.750000000000000000e+02 4.920000000000000000e+02
8.750000000000000000e+02 4.920000000000000000e+02
8.750000000000000000e+02 4.920000000000000000e+02
8.750000000000000000e+02 4.920000000000000000e+02
8.750000000000000000e+02 4.920000000000000000e+02
8.750000000000000000e+02 4.920000000000000000e+02
8.750000000000000000e+02 4.920000000000000000e+02
8.750000000000000000e+02 4.920000000000000000e+02
8.750000000000000000e+02 4.920000000000000000e+02
8.750000000000000000e+02 4.920000000000000000e+02
8.750000000000000000e+02 4.920000000000000000e+02
8.750000000000000000e+02 4.920000000000000000e+02
8.750000000000000000e+02 4.920000000000000000e+02
8.750000000000000000e+02 4.920000000000000000e+02
8.750000000000000000e+02 4.920000000000000000e+02
8.750000000000000000e+02 4.920000000000000000e+02
8.750000000000000000e+02 4.920000000000000000e+02
8.750000000000000000e+02 4.920000000000000000e+02
8.750000000000000000e+02 4.920000000000000000e+02
8.760000000000000000e+02 4.920000000000000000e+02
8.750000000000000000e+02 4.920000000000000000e+02
8.750000000000000000e+02 4.920000000000000000e+02
8.750000000000000000e+02 4.920000000000000000e+02
8.750000000000000000e+02 4.920000000000000000e+02
8.750000000000000000e+02 4.920000000000000000e+02
8.750000000000000000e+02 4.920000000000000000e+02
8.750000000000000000e+02 4.920000000000000000e+02
8.750000000000000000e+02 4.920000000000000000e+02
8.750000000000000000e+02 4.920000000000000000e+02
8.750000000000000000e+02 4.920000000000000000e+02
8.750000000000000000e+02 4.920000000000000000e+02
8.750000000000000000e+02 4.920000000000000000e+02
8.750000000000000000e+02 4.920000000000000000e+02
8.750000000000000000e+02 4.920000000000000000e+02
8.750000000000000000e+02 4.920000000000000000e+02
8.750000000000000000e+02 4.920000000000000000e+02
8.750000000000000000e+02 4.920000000000000000e+02
8.750000000000000000e+02 4.920000000000000000e+02
8.750000000000000000e+02 4.920000000000000000e+02
8.750000000000000000e+02 4.920000000000000000e+02
8.750000000000000000e+02 4.920000000000000000e+02
8.750000000000000000e+02 4.920000000000000000e+02
8.750000000000000000e+02 4.920000000000000000e+02
8.750000000000000000e+02 4.920000000000000000e+02
8.760000000000000000e+02 4.920000000000000000e+02
8.750000000000000000e+02 4.920000000000000000e+02
8.750000000000000000e+02 4.920000000000000000e+02
8.760000000000000000e+02 4.920000000000000000e+02
8.750000000000000000e+02 4.920000000000000000e+02
8.750000000000000000e+02 4.920000000000000000e+02
8.750000000000000000e+02 4.920000000000000000e+02
8.760000000000000000e+02 4.920000000000000000e+02
8.750000000000000000e+02 4.920000000000000000e+02
8.750000000000000000e+02 4.920000000000000000e+02
8.750000000000000000e+02 4.920000000000000000e+02
8.750000000000000000e+02 4.920000000000000000e+02
8.750000000000000000e+02 4.920000000000000000e+02
8.760000000000000000e+02 4.920000000000000000e+02
8.750000000000000000e+02 4.920000000000000000e+02
8.760000000000000000e+02 4.920000000000000000e+02
8.750000000000000000e+02 4.920000000000000000e+02
8.750000000000000000e+02 4.920000000000000000e+02
8.760000000000000000e+02 4.920000000000000000e+02
8.750000000000000000e+02 4.920000000000000000e+02
8.760000000000000000e+02 4.920000000000000000e+02
8.750000000000000000e+02 4.920000000000000000e+02
8.750000000000000000e+02 4.920000000000000000e+02
8.750000000000000000e+02 4.920000000000000000e+02
8.750000000000000000e+02 4.920000000000000000e+02
8.750000000000000000e+02 4.920000000000000000e+02
8.760000000000000000e+02 4.920000000000000000e+02
8.750000000000000000e+02 4.920000000000000000e+02
8.750000000000000000e+02 4.920000000000000000e+02
