# frames 101, center=[877, 492], duration=[1000, 1100], video=browniano sol 2_0
8.770000000000000000e+02 4.920000000000000000e+02
8.770000000000000000e+02 4.920000000000000000e+02
8.770000000000000000e+02 4.920000000000000000e+02
8.770000000000000000e+02 4.920000000000000000e+02
8.770000000000000000e+02 4.920000000000000000e+02
8.770000000000000000e+02 4.920000000000000000e+02
8.770000000000000000e+02 4.920000000000000000e+02
8.770000000000000000e+02 4.920000000000000000e+02
8.770000000000000000e+02 4.920000000000000000e+02
8.770000000000000000e+02 4.920000000000000000e+02
8.770000000000000000e+02 4.920000000000000000e+02
8.770000000000000000e+02 4.920000000000000000e+02
8.770000000000000000e+02 4.920000000000000000e+02
8.770000000000000000e+02 4.920000000000000000e+02
8.770000000000000000e+02 4.920000000000000000e+02
8.770000000000000000e+02 4.920000000000000000e+02
8.770000000000000000e+02 4.920000000000000000e+02
8.770000000000000000e+02 4.920000000000000000e+02
8.770000000000000000e+02 4.920000000000000000e+02
8.770000000000000000e+02 4.920000000000000000e+02
8.770000000000000000e+02 4.920000000000000000e+02
8.770000000000000000e+02 4.920000000000000000e+02
8.770000000000000000e+02 4.920000000000000000e+02
8.770000000000000000e+02 4.920000000000000000e+02
8.770000000000000000e+02 4.920000000000000000e+02
8.770000000000000000e+02 4.920000000000000000e+02
8.770000000000000000e+02 4.920000000000000000e+02
8.770000000000000000e+02 4.920000000000000000e+02
8.770000000000000000e+02 4.920000000000000000e+02
8.770000000000000000e+02 4.920000000000000000e+02
8.770000000000000000e+02 4.920000000000000000e+02
8.770000000000000000e+02 4.920000000000000000e+02
8.770000000000000000e+02 4.920000000000000000e+02
8.770000000000000000e+02 4.920000000000000000e+02
8.770000000000000000e+02 4.920000000000000000e+02
8.770000000000000000e+02 4.920000000000000000e+02
8.770000000000000000e+02 4.920000000000000000e+02
8.770000000000000000e+02 4.920000000000000000e+02
8.770000000000000000e+02 4.920000000000000000e+02
8.770000000000000000e+02 4.920000000000000000e+02
8.770000000000000000e+02 4.920000000000000000e+02
8.770000000000000000e+02 4.920000000000000000e+02
8.770000000000000000e+02 4.920000000000000000e+02
8.770000000000000000e+02 4.920000000000000000e+02
8.770000000000000000e+02 4.920000000000000000e+02
8.770000000000000000e+02 4.920000000000000000e+02
8.770000000000000000e+02 4.920000000000000000e+02
8.770000000000000000e+02 4.920000000000000000e+02
8.770000000000000000e+02 4.920000000000000000e+02
8.770000000000000000e+02 4.920000000000000000e+02
8.770000000000000000e+02 4.920000000000000000e+02
8.770000000000000000e+02 4.920000000000000000e+02
8.770000000000000000e+02 4.920000000000000000e+02
8.770000000000000000e+02 4.920000000000000000e+02
8.770000000000000000e+02 4.920000000000000000e+02
8.770000000000000000e+02 4.920000000000000000e+02
8.770000000000000000e+02 4.920000000000000000e+02
8.770000000000000000e+02 4.920000000000000000e+02
8.770000000000000000e+02 4.920000000000000000e+02
8.770000000000000000e+02 4.920000000000000000e+02
8.770000000000000000e+02 4.920000000000000000e+02
8.770000000000000000e+02 4.920000000000000000e+02
8.770000000000000000e+02 4.920000000000000000e+02
8.770000000000000000e+02 4.920000000000000000e+02
8.770000000000000000e+02 4.920000000000000000e+02
8.770000000000000000e+02 4.920000000000000000e+02
8.770000000000000000e+02 4.920000000000000000e+02
8.770000000000000000e+02 4.920000000000000000e+02
8.770000000000000000e+02 4.920000000000000000e+02
8.770000000000000000e+02 4.920000000000000000e+02
8.770000000000000000e+02 4.920000000000000000e+02
8.770000000000000000e+02 4.920000000000000000e+02
8.770000000000000000e+02 4.920000000000000000e+02
8.770000000000000000e+02 4.920000000000000000e+02
8.770000000000000000e+02 4.920000000000000000e+02
8.770000000000000000e+02 4.920000000000000000e+02
8.770000000000000000e+02 4.920000000000000000e+02
8.770000000000000000e+02 4.920000000000000000e+02
8.770000000000000000e+02 4.920000000000000000e+02
8.770000000000000000e+02 4.920000000000000000e+02
8.770000000000000000e+02 4.920000000000000000e+02
8.770000000000000000e+02 4.920000000000000000e+02
8.770000000000000000e+02 4.920000000000000000e+02
8.770000000000000000e+02 4.920000000000000000e+02
8.770000000000000000e+02 4.920000000000000000e+02
8.770000000000000000e+02 4.920000000000000000e+02
8.770000000000000000e+02 4.920000000000000000e+02
8.770000000000000000e+02 4.920000000000000000e+02
8.770000000000000000e+02 4.920000000000000000e+02
8.770000000000000000e+02 4.920000000000000000e+02
8.770000000000000000e+02 4.920000000000000000e+02
8.770000000000000000e+02 4.920000000000000000e+02
8.770000000000000000e+02 4.920000000000000000e+02
8.770000000000000000e+02 4.920000000000000000e+02
8.770000000000000000e+02 4.920000000000000000e+02
8.770000000000000000e+02 4.920000000000000000e+02
8.770000000000000000e+02 4.920000000000000000e+02
8.770000000000000000e+02 4.920000000000000000e+02
8.770000000000000000e+02 4.920000000000000000e+02
8.770000000000000000e+02 4.920000000000000000e+02
8.770000000000000000e+02 4.920000000000000000e+02
