# frames 101, center=[877, 492], duration=[1100, 1200], video=browniano sol 2_0
8.830000000000000000e+02 5.010000000000000000e+02
8.750000000000000000e+02 4.940000000000000000e+02
8.690000000000000000e+02 4.850000000000000000e+02
8.690000000000000000e+02 4.850000000000000000e+02
8.690000000000000000e+02 4.850000000000000000e+02
8.690000000000000000e+02 4.850000000000000000e+02
8.690000000000000000e+02 4.850000000000000000e+02
8.690000000000000000e+02 4.850000000000000000e+02
8.690000000000000000e+02 4.850000000000000000e+02
8.690000000000000000e+02 4.850000000000000000e+02
8.690000000000000000e+02 4.850000000000000000e+02
8.690000000000000000e+02 4.850000000000000000e+02
8.690000000000000000e+02 4.850000000000000000e+02
8.690000000000000000e+02 4.850000000000000000e+02
8.690000000000000000e+02 4.850000000000000000e+02
8.690000000000000000e+02 4.850000000000000000e+02
8.690000000000000000e+02 4.850000000000000000e+02
8.690000000000000000e+02 4.850000000000000000e+02
8.690000000000000000e+02 4.850000000000000000e+02
8.690000000000000000e+02 4.850000000000000000e+02
8.690000000000000000e+02 4.850000000000000000e+02
8.690000000000000000e+02 4.850000000000000000e+02
8.690000000000000000e+02 4.850000000000000000e+02
8.690000000000000000e+02 4.850000000000000000e+02
8.690000000000000000e+02 4.850000000000000000e+02
8.690000000000000000e+02 4.850000000000000000e+02
8.690000000000000000e+02 4.850000000000000000e+02
8.690000000000000000e+02 4.850000000000000000e+02
8.690000000000000000e+02 4.850000000000000000e+02
8.690000000000000000e+02 4.850000000000000000e+02
8.690000000000000000e+02 4.850000000000000000e+02
8.690000000000000000e+02 4.850000000000000000e+02
8.690000000000000000e+02 4.850000000000000000e+02
8.690000000000000000e+02 4.850000000000000000e+02
8.690000000000000000e+02 4.850000000000000000e+02
8.690000000000000000e+02 4.850000000000000000e+02
8.690000000000000000e+02 4.850000000000000000e+02
8.690000000000000000e+02 4.850000000000000000e+02
8.690000000000000000e+02 4.850000000000000000e+02
8.690000000000000000e+02 4.850000000000000000e+02
8.690000000000000000e+02 4.850000000000000000e+02
8.690000000000000000e+02 4.850000000000000000e+02
8.690000000000000000e+02 4.850000000000000000e+02
8.690000000000000000e+02 4.850000000000000000e+02
8.690000000000000000e+02 4.850000000000000000e+02
8.690000000000000000e+02 4.850000000000000000e+02
8.690000000000000000e+02 4.850000000000000000e+02
8.690000000000000000e+02 4.850000000000000000e+02
8.690000000000000000e+02 4.850000000000000000e+02
8.690000000000000000e+02 4.850000000000000000e+02
8.690000000000000000e+02 4.850000000000000000e+02
8.690000000000000000e+02 4.850000000000000000e+02
8.690000000000000000e+02 4.850000000000000000e+02
8.690000000000000000e+02 4.850000000000000000e+02
8.690000000000000000e+02 4.850000000000000000e+02
8.690000000000000000e+02 4.850000000000000000e+02
8.690000000000000000e+02 4.850000000000000000e+02
8.690000000000000000e+02 4.850000000000000000e+02
8.690000000000000000e+02 4.850000000000000000e+02
8.690000000000000000e+02 4.850000000000000000e+02
8.690000000000000000e+02 4.850000000000000000e+02
8.690000000000000000e+02 4.850000000000000000e+02
8.690000000000000000e+02 4.850000000000000000e+02
8.690000000000000000e+02 4.850000000000000000e+02
8.690000000000000000e+02 4.850000000000000000e+02
8.690000000000000000e+02 4.850000000000000000e+02
8.690000000000000000e+02 4.850000000000000000e+02
8.690000000000000000e+02 4.850000000000000000e+02
8.690000000000000000e+02 4.850000000000000000e+02
8.690000000000000000e+02 4.850000000000000000e+02
8.690000000000000000e+02 4.850000000000000000e+02
8.690000000000000000e+02 4.850000000000000000e+02
8.690000000000000000e+02 4.850000000000000000e+02
8.690000000000000000e+02 4.850000000000000000e+02
8.690000000000000000e+02 4.850000000000000000e+02
8.690000000000000000e+02 4.850000000000000000e+02
8.690000000000000000e+02 4.850000000000000000e+02
8.690000000000000000e+02 4.850000000000000000e+02
8.690000000000000000e+02 4.850000000000000000e+02
8.690000000000000000e+02 4.850000000000000000e+02
8.690000000000000000e+02 4.850000000000000000e+02
8.690000000000000000e+02 4.850000000000000000e+02
8.690000000000000000e+02 4.850000000000000000e+02
8.690000000000000000e+02 4.850000000000000000e+02
8.690000000000000000e+02 4.850000000000000000e+02
8.690000000000000000e+02 4.850000000000000000e+02
8.690000000000000000e+02 4.850000000000000000e+02
8.690000000000000000e+02 4.850000000000000000e+02
8.690000000000000000e+02 4.850000000000000000e+02
8.690000000000000000e+02 4.850000000000000000e+02
8.690000000000000000e+02 4.850000000000000000e+02
8.690000000000000000e+02 4.850000000000000000e+02
8.690000000000000000e+02 4.850000000000000000e+02
8.690000000000000000e+02 4.850000000000000000e+02
8.690000000000000000e+02 4.850000000000000000e+02
8.690000000000000000e+02 4.850000000000000000e+02
8.690000000000000000e+02 4.850000000000000000e+02
8.690000000000000000e+02 4.850000000000000000e+02
8.690000000000000000e+02 4.850000000000000000e+02
8.690000000000000000e+02 4.850000000000000000e+02
8.690000000000000000e+02 4.850000000000000000e+02
