# frames 101, center=[876, 491], duration=[900, 1000], video=browniano sol 2_0
8.760000000000000000e+02 4.910000000000000000e+02
8.760000000000000000e+02 4.910000000000000000e+02
8.760000000000000000e+02 4.910000000000000000e+02
8.760000000000000000e+02 4.910000000000000000e+02
8.760000000000000000e+02 4.910000000000000000e+02
8.760000000000000000e+02 4.910000000000000000e+02
8.760000000000000000e+02 4.910000000000000000e+02
8.760000000000000000e+02 4.910000000000000000e+02
8.760000000000000000e+02 4.910000000000000000e+02
8.760000000000000000e+02 4.910000000000000000e+02
8.760000000000000000e+02 4.910000000000000000e+02
8.760000000000000000e+02 4.910000000000000000e+02
8.760000000000000000e+02 4.910000000000000000e+02
8.760000000000000000e+02 4.910000000000000000e+02
8.760000000000000000e+02 4.910000000000000000e+02
8.760000000000000000e+02 4.910000000000000000e+02
8.760000000000000000e+02 4.910000000000000000e+02
8.760000000000000000e+02 4.910000000000000000e+02
8.760000000000000000e+02 4.910000000000000000e+02
8.760000000000000000e+02 4.910000000000000000e+02
8.760000000000000000e+02 4.910000000000000000e+02
8.760000000000000000e+02 4.910000000000000000e+02
8.760000000000000000e+02 4.910000000000000000e+02
8.760000000000000000e+02 4.910000000000000000e+02
8.760000000000000000e+02 4.910000000000000000e+02
8.760000000000000000e+02 4.910000000000000000e+02
8.760000000000000000e+02 4.910000000000000000e+02
8.760000000000000000e+02 4.910000000000000000e+02
8.760000000000000000e+02 4.910000000000000000e+02
8.760000000000000000e+02 4.910000000000000000e+02
8.760000000000000000e+02 4.910000000000000000e+02
8.760000000000000000e+02 4.910000000000000000e+02
8.760000000000000000e+02 4.910000000000000000e+02
8.760000000000000000e+02 4.910000000000000000e+02
8.760000000000000000e+02 4.910000000000000000e+02
8.760000000000000000e+02 4.910000000000000000e+02
8.760000000000000000e+02 4.910000000000000000e+02
8.760000000000000000e+02 4.910000000000000000e+02
8.760000000000000000e+02 4.910000000000000000e+02
8.760000000000000000e+02 4.910000000000000000e+02
8.760000000000000000e+02 4.910000000000000000e+02
8.760000000000000000e+02 4.910000000000000000e+02
8.760000000000000000e+02 4.910000000000000000e+02
8.760000000000000000e+02 4.910000000000000000e+02
8.760000000000000000e+02 4.910000000000000000e+02
8.760000000000000000e+02 4.910000000000000000e+02
8.760000000000000000e+02 4.910000000000000000e+02
8.760000000000000000e+02 4.910000000000000000e+02
8.760000000000000000e+02 4.910000000000000000e+02
8.760000000000000000e+02 4.910000000000000000e+02
8.760000000000000000e+02 4.910000000000000000e+02
8.760000000000000000e+02 4.910000000000000000e+02
8.760000000000000000e+02 4.910000000000000000e+02
8.760000000000000000e+02 4.910000000000000000e+02
8.760000000000000000e+02 4.910000000000000000e+02
8.760000000000000000e+02 4.910000000000000000e+02
8.760000000000000000e+02 4.910000000000000000e+02
8.760000000000000000e+02 4.910000000000000000e+02
8.760000000000000000e+02 4.910000000000000000e+02
8.760000000000000000e+02 4.910000000000000000e+02
8.760000000000000000e+02 4.910000000000000000e+02
8.760000000000000000e+02 4.910000000000000000e+02
8.760000000000000000e+02 4.910000000000000000e+02
8.760000000000000000e+02 4.910000000000000000e+02
8.760000000000000000e+02 4.910000000000000000e+02
8.760000000000000000e+02 4.910000000000000000e+02
8.760000000000000000e+02 4.910000000000000000e+02
8.760000000000000000e+02 4.910000000000000000e+02
8.760000000000000000e+02 4.910000000000000000e+02
8.760000000000000000e+02 4.910000000000000000e+02
8.760000000000000000e+02 4.910000000000000000e+02
8.760000000000000000e+02 4.910000000000000000e+02
8.760000000000000000e+02 4.910000000000000000e+02
8.760000000000000000e+02 4.910000000000000000e+02
8.760000000000000000e+02 4.910000000000000000e+02
8.760000000000000000e+02 4.910000000000000000e+02
8.760000000000000000e+02 4.910000000000000000e+02
8.760000000000000000e+02 4.910000000000000000e+02
8.760000000000000000e+02 4.910000000000000000e+02
8.760000000000000000e+02 4.910000000000000000e+02
8.760000000000000000e+02 4.910000000000000000e+02
8.760000000000000000e+02 4.910000000000000000e+02
8.760000000000000000e+02 4.910000000000000000e+02
8.760000000000000000e+02 4.910000000000000000e+02
8.760000000000000000e+02 4.910000000000000000e+02
8.760000000000000000e+02 4.910000000000000000e+02
8.760000000000000000e+02 4.910000000000000000e+02
8.760000000000000000e+02 4.910000000000000000e+02
8.760000000000000000e+02 4.910000000000000000e+02
8.760000000000000000e+02 4.910000000000000000e+02
8.760000000000000000e+02 4.910000000000000000e+02
8.760000000000000000e+02 4.910000000000000000e+02
8.760000000000000000e+02 4.910000000000000000e+02
8.760000000000000000e+02 4.910000000000000000e+02
8.760000000000000000e+02 4.910000000000000000e+02
8.760000000000000000e+02 4.910000000000000000e+02
8.760000000000000000e+02 4.910000000000000000e+02
8.760000000000000000e+02 4.910000000000000000e+02
8.760000000000000000e+02 4.910000000000000000e+02
8.760000000000000000e+02 4.910000000000000000e+02
8.760000000000000000e+02 4.910000000000000000e+02
