# frames 101, center=[877, 494], duration=[800, 900], video=browniano sol 2_0
8.770000000000000000e+02 4.940000000000000000e+02
8.770000000000000000e+02 4.940000000000000000e+02
8.770000000000000000e+02 4.940000000000000000e+02
8.770000000000000000e+02 4.940000000000000000e+02
8.770000000000000000e+02 4.940000000000000000e+02
8.770000000000000000e+02 4.940000000000000000e+02
8.770000000000000000e+02 4.940000000000000000e+02
8.770000000000000000e+02 4.940000000000000000e+02
8.770000000000000000e+02 4.940000000000000000e+02
8.770000000000000000e+02 4.940000000000000000e+02
8.770000000000000000e+02 4.940000000000000000e+02
8.770000000000000000e+02 4.940000000000000000e+02
8.770000000000000000e+02 4.940000000000000000e+02
8.770000000000000000e+02 4.940000000000000000e+02
8.770000000000000000e+02 4.940000000000000000e+02
8.770000000000000000e+02 4.940000000000000000e+02
8.770000000000000000e+02 4.940000000000000000e+02
8.770000000000000000e+02 4.940000000000000000e+02
8.770000000000000000e+02 4.940000000000000000e+02
8.770000000000000000e+02 4.940000000000000000e+02
8.770000000000000000e+02 4.940000000000000000e+02
8.770000000000000000e+02 4.940000000000000000e+02
8.770000000000000000e+02 4.940000000000000000e+02
8.770000000000000000e+02 4.940000000000000000e+02
8.770000000000000000e+02 4.940000000000000000e+02
8.770000000000000000e+02 4.940000000000000000e+02
8.770000000000000000e+02 4.940000000000000000e+02
8.770000000000000000e+02 4.940000000000000000e+02
8.770000000000000000e+02 4.940000000000000000e+02
8.770000000000000000e+02 4.940000000000000000e+02
8.770000000000000000e+02 4.940000000000000000e+02
8.770000000000000000e+02 4.940000000000000000e+02
8.770000000000000000e+02 4.940000000000000000e+02
8.770000000000000000e+02 4.940000000000000000e+02
8.770000000000000000e+02 4.940000000000000000e+02
8.770000000000000000e+02 4.940000000000000000e+02
8.770000000000000000e+02 4.940000000000000000e+02
8.770000000000000000e+02 4.940000000000000000e+02
8.770000000000000000e+02 4.940000000000000000e+02
8.770000000000000000e+02 4.940000000000000000e+02
8.770000000000000000e+02 4.940000000000000000e+02
8.770000000000000000e+02 4.940000000000000000e+02
8.770000000000000000e+02 4.940000000000000000e+02
8.770000000000000000e+02 4.940000000000000000e+02
8.770000000000000000e+02 4.940000000000000000e+02
8.770000000000000000e+02 4.940000000000000000e+02
8.770000000000000000e+02 4.940000000000000000e+02
8.770000000000000000e+02 4.940000000000000000e+02
8.770000000000000000e+02 4.940000000000000000e+02
8.770000000000000000e+02 4.940000000000000000e+02
8.770000000000000000e+02 4.940000000000000000e+02
8.770000000000000000e+02 4.940000000000000000e+02
8.770000000000000000e+02 4.940000000000000000e+02
8.770000000000000000e+02 4.940000000000000000e+02
8.770000000000000000e+02 4.940000000000000000e+02
8.770000000000000000e+02 4.940000000000000000e+02
8.770000000000000000e+02 4.940000000000000000e+02
8.770000000000000000e+02 4.940000000000000000e+02
8.770000000000000000e+02 4.940000000000000000e+02
8.770000000000000000e+02 4.940000000000000000e+02
8.770000000000000000e+02 4.940000000000000000e+02
8.770000000000000000e+02 4.940000000000000000e+02
8.770000000000000000e+02 4.940000000000000000e+02
8.770000000000000000e+02 4.940000000000000000e+02
8.770000000000000000e+02 4.940000000000000000e+02
8.770000000000000000e+02 4.940000000000000000e+02
8.770000000000000000e+02 4.940000000000000000e+02
8.770000000000000000e+02 4.940000000000000000e+02
8.770000000000000000e+02 4.940000000000000000e+02
8.770000000000000000e+02 4.940000000000000000e+02
8.770000000000000000e+02 4.940000000000000000e+02
8.770000000000000000e+02 4.940000000000000000e+02
8.770000000000000000e+02 4.940000000000000000e+02
8.770000000000000000e+02 4.940000000000000000e+02
8.770000000000000000e+02 4.940000000000000000e+02
8.770000000000000000e+02 4.940000000000000000e+02
8.770000000000000000e+02 4.940000000000000000e+02
8.770000000000000000e+02 4.940000000000000000e+02
8.770000000000000000e+02 4.940000000000000000e+02
8.770000000000000000e+02 4.940000000000000000e+02
8.770000000000000000e+02 4.940000000000000000e+02
8.770000000000000000e+02 4.940000000000000000e+02
8.770000000000000000e+02 4.940000000000000000e+02
8.770000000000000000e+02 4.940000000000000000e+02
8.770000000000000000e+02 4.940000000000000000e+02
8.770000000000000000e+02 4.940000000000000000e+02
8.770000000000000000e+02 4.940000000000000000e+02
8.770000000000000000e+02 4.940000000000000000e+02
8.770000000000000000e+02 4.940000000000000000e+02
8.770000000000000000e+02 4.940000000000000000e+02
8.770000000000000000e+02 4.940000000000000000e+02
8.770000000000000000e+02 4.940000000000000000e+02
8.770000000000000000e+02 4.940000000000000000e+02
8.770000000000000000e+02 4.940000000000000000e+02
8.770000000000000000e+02 4.940000000000000000e+02
8.770000000000000000e+02 4.940000000000000000e+02
8.770000000000000000e+02 4.940000000000000000e+02
8.770000000000000000e+02 4.940000000000000000e+02
8.770000000000000000e+02 4.940000000000000000e+02
8.770000000000000000e+02 4.940000000000000000e+02
8.770000000000000000e+02 4.940000000000000000e+02
