# frames 101, center=[876, 492], duration=[0, 100], video=browniano sol 2_0
8.760000000000000000e+02 4.920000000000000000e+02
8.760000000000000000e+02 4.920000000000000000e+02
8.760000000000000000e+02 4.920000000000000000e+02
8.760000000000000000e+02 4.920000000000000000e+02
8.760000000000000000e+02 4.920000000000000000e+02
8.760000000000000000e+02 4.920000000000000000e+02
8.760000000000000000e+02 4.920000000000000000e+02
8.760000000000000000e+02 4.920000000000000000e+02
8.760000000000000000e+02 4.920000000000000000e+02
8.760000000000000000e+02 4.920000000000000000e+02
8.760000000000000000e+02 4.920000000000000000e+02
8.760000000000000000e+02 4.920000000000000000e+02
8.760000000000000000e+02 4.920000000000000000e+02
8.760000000000000000e+02 4.920000000000000000e+02
8.760000000000000000e+02 4.920000000000000000e+02
8.760000000000000000e+02 4.920000000000000000e+02
8.760000000000000000e+02 4.920000000000000000e+02
8.760000000000000000e+02 4.920000000000000000e+02
8.760000000000000000e+02 4.920000000000000000e+02
8.760000000000000000e+02 4.920000000000000000e+02
8.760000000000000000e+02 4.920000000000000000e+02
8.760000000000000000e+02 4.920000000000000000e+02
8.760000000000000000e+02 4.920000000000000000e+02
8.760000000000000000e+02 4.920000000000000000e+02
8.760000000000000000e+02 4.920000000000000000e+02
8.760000000000000000e+02 4.920000000000000000e+02
8.760000000000000000e+02 4.920000000000000000e+02
8.760000000000000000e+02 4.920000000000000000e+02
8.760000000000000000e+02 4.920000000000000000e+02
8.760000000000000000e+02 4.920000000000000000e+02
8.760000000000000000e+02 4.920000000000000000e+02
8.760000000000000000e+02 4.920000000000000000e+02
8.760000000000000000e+02 4.920000000000000000e+02
8.760000000000000000e+02 4.920000000000000000e+02
8.760000000000000000e+02 4.920000000000000000e+02
8.760000000000000000e+02 4.920000000000000000e+02
8.760000000000000000e+02 4.920000000000000000e+02
8.760000000000000000e+02 4.920000000000000000e+02
8.760000000000000000e+02 4.920000000000000000e+02
8.760000000000000000e+02 4.920000000000000000e+02
8.760000000000000000e+02 4.920000000000000000e+02
8.760000000000000000e+02 4.920000000000000000e+02
8.760000000000000000e+02 4.920000000000000000e+02
8.760000000000000000e+02 4.920000000000000000e+02
8.760000000000000000e+02 4.920000000000000000e+02
8.760000000000000000e+02 4.920000000000000000e+02
8.760000000000000000e+02 4.920000000000000000e+02
8.760000000000000000e+02 4.920000000000000000e+02
8.760000000000000000e+02 4.920000000000000000e+02
8.760000000000000000e+02 4.920000000000000000e+02
8.760000000000000000e+02 4.920000000000000000e+02
8.760000000000000000e+02 4.920000000000000000e+02
8.760000000000000000e+02 4.920000000000000000e+02
8.760000000000000000e+02 4.920000000000000000e+02
8.760000000000000000e+02 4.920000000000000000e+02
8.760000000000000000e+02 4.920000000000000000e+02
8.760000000000000000e+02 4.920000000000000000e+02
8.760000000000000000e+02 4.920000000000000000e+02
8.760000000000000000e+02 4.920000000000000000e+02
8.760000000000000000e+02 4.920000000000000000e+02
8.760000000000000000e+02 4.920000000000000000e+02
8.760000000000000000e+02 4.920000000000000000e+02
8.760000000000000000e+02 4.920000000000000000e+02
8.760000000000000000e+02 4.920000000000000000e+02
8.760000000000000000e+02 4.920000000000000000e+02
8.760000000000000000e+02 4.920000000000000000e+02
8.760000000000000000e+02 4.920000000000000000e+02
8.760000000000000000e+02 4.920000000000000000e+02
8.760000000000000000e+02 4.920000000000000000e+02
8.760000000000000000e+02 4.920000000000000000e+02
8.760000000000000000e+02 4.920000000000000000e+02
8.760000000000000000e+02 4.920000000000000000e+02
8.760000000000000000e+02 4.920000000000000000e+02
8.760000000000000000e+02 4.920000000000000000e+02
8.760000000000000000e+02 4.920000000000000000e+02
8.760000000000000000e+02 4.920000000000000000e+02
8.760000000000000000e+02 4.920000000000000000e+02
8.760000000000000000e+02 4.920000000000000000e+02
8.760000000000000000e+02 4.920000000000000000e+02
8.760000000000000000e+02 4.920000000000000000e+02
8.760000000000000000e+02 4.920000000000000000e+02
8.760000000000000000e+02 4.920000000000000000e+02
8.760000000000000000e+02 4.920000000000000000e+02
8.760000000000000000e+02 4.920000000000000000e+02
8.760000000000000000e+02 4.920000000000000000e+02
8.760000000000000000e+02 4.920000000000000000e+02
8.760000000000000000e+02 4.920000000000000000e+02
8.760000000000000000e+02 4.920000000000000000e+02
8.760000000000000000e+02 4.920000000000000000e+02
8.760000000000000000e+02 4.920000000000000000e+02
8.760000000000000000e+02 4.920000000000000000e+02
8.760000000000000000e+02 4.920000000000000000e+02
8.760000000000000000e+02 4.920000000000000000e+02
8.760000000000000000e+02 4.920000000000000000e+02
8.760000000000000000e+02 4.920000000000000000e+02
8.760000000000000000e+02 4.920000000000000000e+02
8.760000000000000000e+02 4.920000000000000000e+02
8.760000000000000000e+02 4.920000000000000000e+02
8.760000000000000000e+02 4.920000000000000000e+02
8.760000000000000000e+02 4.920000000000000000e+02
8.760000000000000000e+02 4.920000000000000000e+02
