# frames 101, center=[1116, 470], duration=[100, 200], video=browniano sol 2_0
1.116000000000000000e+03 4.700000000000000000e+02
1.116000000000000000e+03 4.700000000000000000e+02
1.116000000000000000e+03 4.700000000000000000e+02
1.117000000000000000e+03 4.690000000000000000e+02
1.118000000000000000e+03 4.680000000000000000e+02
1.117000000000000000e+03 4.670000000000000000e+02
1.118000000000000000e+03 4.660000000000000000e+02
1.118000000000000000e+03 4.680000000000000000e+02
1.118000000000000000e+03 4.680000000000000000e+02
1.117000000000000000e+03 4.680000000000000000e+02
1.117000000000000000e+03 4.690000000000000000e+02
1.118000000000000000e+03 4.690000000000000000e+02
1.118000000000000000e+03 4.690000000000000000e+02
1.117000000000000000e+03 4.680000000000000000e+02
1.117000000000000000e+03 4.680000000000000000e+02
1.117000000000000000e+03 4.680000000000000000e+02
1.116000000000000000e+03 4.680000000000000000e+02
1.115000000000000000e+03 4.680000000000000000e+02
1.114000000000000000e+03 4.680000000000000000e+02
1.114000000000000000e+03 4.680000000000000000e+02
1.115000000000000000e+03 4.690000000000000000e+02
1.115000000000000000e+03 4.690000000000000000e+02
1.114000000000000000e+03 4.690000000000000000e+02
1.114000000000000000e+03 4.680000000000000000e+02
1.116000000000000000e+03 4.670000000000000000e+02
1.116000000000000000e+03 4.660000000000000000e+02
1.115000000000000000e+03 4.650000000000000000e+02
1.115000000000000000e+03 4.650000000000000000e+02
1.115000000000000000e+03 4.650000000000000000e+02
1.116000000000000000e+03 4.650000000000000000e+02
1.117000000000000000e+03 4.650000000000000000e+02
1.116000000000000000e+03 4.660000000000000000e+02
1.117000000000000000e+03 4.660000000000000000e+02
1.117000000000000000e+03 4.660000000000000000e+02
1.117000000000000000e+03 4.660000000000000000e+02
1.117000000000000000e+03 4.660000000000000000e+02
1.117000000000000000e+03 4.660000000000000000e+02
1.117000000000000000e+03 4.660000000000000000e+02
1.117000000000000000e+03 4.670000000000000000e+02
1.117000000000000000e+03 4.670000000000000000e+02
1.118000000000000000e+03 4.670000000000000000e+02
1.118000000000000000e+03 4.670000000000000000e+02
1.118000000000000000e+03 4.670000000000000000e+02
1.117000000000000000e+03 4.670000000000000000e+02
1.117000000000000000e+03 4.660000000000000000e+02
1.117000000000000000e+03 4.660000000000000000e+02
1.117000000000000000e+03 4.650000000000000000e+02
1.116000000000000000e+03 4.660000000000000000e+02
1.117000000000000000e+03 4.660000000000000000e+02
1.117000000000000000e+03 4.660000000000000000e+02
1.116000000000000000e+03 4.660000000000000000e+02
1.116000000000000000e+03 4.670000000000000000e+02
1.116000000000000000e+03 4.660000000000000000e+02
1.116000000000000000e+03 4.670000000000000000e+02
1.116000000000000000e+03 4.670000000000000000e+02
1.117000000000000000e+03 4.670000000000000000e+02
1.117000000000000000e+03 4.650000000000000000e+02
1.117000000000000000e+03 4.650000000000000000e+02
1.116000000000000000e+03 4.650000000000000000e+02
1.115000000000000000e+03 4.640000000000000000e+02
1.116000000000000000e+03 4.640000000000000000e+02
1.115000000000000000e+03 4.640000000000000000e+02
1.115000000000000000e+03 4.650000000000000000e+02
1.114000000000000000e+03 4.650000000000000000e+02
1.114000000000000000e+03 4.650000000000000000e+02
1.113000000000000000e+03 4.650000000000000000e+02
1.113000000000000000e+03 4.640000000000000000e+02
1.115000000000000000e+03 4.640000000000000000e+02
1.115000000000000000e+03 4.640000000000000000e+02
1.115000000000000000e+03 4.640000000000000000e+02
1.116000000000000000e+03 4.640000000000000000e+02
1.116000000000000000e+03 4.650000000000000000e+02
1.116000000000000000e+03 4.650000000000000000e+02
1.116000000000000000e+03 4.660000000000000000e+02
1.116000000000000000e+03 4.660000000000000000e+02
1.116000000000000000e+03 4.650000000000000000e+02
1.115000000000000000e+03 4.650000000000000000e+02
1.116000000000000000e+03 4.660000000000000000e+02
1.116000000000000000e+03 4.660000000000000000e+02
1.115000000000000000e+03 4.670000000000000000e+02
1.115000000000000000e+03 4.660000000000000000e+02
1.115000000000000000e+03 4.660000000000000000e+02
1.113000000000000000e+03 4.650000000000000000e+02
1.113000000000000000e+03 4.660000000000000000e+02
1.113000000000000000e+03 4.660000000000000000e+02
1.113000000000000000e+03 4.650000000000000000e+02
1.113000000000000000e+03 4.640000000000000000e+02
1.112000000000000000e+03 4.630000000000000000e+02
1.112000000000000000e+03 4.630000000000000000e+02
1.112000000000000000e+03 4.630000000000000000e+02
1.112000000000000000e+03 4.620000000000000000e+02
1.111000000000000000e+03 4.630000000000000000e+02
1.111000000000000000e+03 4.630000000000000000e+02
1.111000000000000000e+03 4.630000000000000000e+02
1.112000000000000000e+03 4.640000000000000000e+02
1.111000000000000000e+03 4.640000000000000000e+02
1.110000000000000000e+03 4.640000000000000000e+02
1.110000000000000000e+03 4.640000000000000000e+02
1.109000000000000000e+03 4.630000000000000000e+02
1.110000000000000000e+03 4.640000000000000000e+02
1.111000000000000000e+03 4.630000000000000000e+02
