# frames 101, center=[1127, 443], duration=[800, 900], video=browniano sol 2_0
1.127000000000000000e+03 4.430000000000000000e+02
1.127000000000000000e+03 4.430000000000000000e+02
1.127000000000000000e+03 4.430000000000000000e+02
1.127000000000000000e+03 4.430000000000000000e+02
1.128000000000000000e+03 4.430000000000000000e+02
1.128000000000000000e+03 4.430000000000000000e+02
1.128000000000000000e+03 4.450000000000000000e+02
1.128000000000000000e+03 4.450000000000000000e+02
1.128000000000000000e+03 4.460000000000000000e+02
1.128000000000000000e+03 4.450000000000000000e+02
1.127000000000000000e+03 4.450000000000000000e+02
1.128000000000000000e+03 4.440000000000000000e+02
1.128000000000000000e+03 4.460000000000000000e+02
1.128000000000000000e+03 4.460000000000000000e+02
1.129000000000000000e+03 4.470000000000000000e+02
1.130000000000000000e+03 4.470000000000000000e+02
1.130000000000000000e+03 4.480000000000000000e+02
1.130000000000000000e+03 4.480000000000000000e+02
1.129000000000000000e+03 4.490000000000000000e+02
1.128000000000000000e+03 4.490000000000000000e+02
1.129000000000000000e+03 4.490000000000000000e+02
1.128000000000000000e+03 4.500000000000000000e+02
1.130000000000000000e+03 4.500000000000000000e+02
1.129000000000000000e+03 4.510000000000000000e+02
1.131000000000000000e+03 4.520000000000000000e+02
1.131000000000000000e+03 4.520000000000000000e+02
1.130000000000000000e+03 4.530000000000000000e+02
1.130000000000000000e+03 4.520000000000000000e+02
1.130000000000000000e+03 4.510000000000000000e+02
1.131000000000000000e+03 4.510000000000000000e+02
1.130000000000000000e+03 4.520000000000000000e+02
1.130000000000000000e+03 4.530000000000000000e+02
1.130000000000000000e+03 4.530000000000000000e+02
1.131000000000000000e+03 4.530000000000000000e+02
1.131000000000000000e+03 4.530000000000000000e+02
1.131000000000000000e+03 4.530000000000000000e+02
1.130000000000000000e+03 4.540000000000000000e+02
1.130000000000000000e+03 4.530000000000000000e+02
1.130000000000000000e+03 4.540000000000000000e+02
1.130000000000000000e+03 4.540000000000000000e+02
1.129000000000000000e+03 4.540000000000000000e+02
1.130000000000000000e+03 4.540000000000000000e+02
1.131000000000000000e+03 4.550000000000000000e+02
1.130000000000000000e+03 4.550000000000000000e+02
1.130000000000000000e+03 4.560000000000000000e+02
1.131000000000000000e+03 4.560000000000000000e+02
1.130000000000000000e+03 4.560000000000000000e+02
1.130000000000000000e+03 4.560000000000000000e+02
1.129000000000000000e+03 4.570000000000000000e+02
1.129000000000000000e+03 4.570000000000000000e+02
1.130000000000000000e+03 4.560000000000000000e+02
1.130000000000000000e+03 4.560000000000000000e+02
1.130000000000000000e+03 4.570000000000000000e+02
1.130000000000000000e+03 4.560000000000000000e+02
1.129000000000000000e+03 4.550000000000000000e+02
1.129000000000000000e+03 4.550000000000000000e+02
1.129000000000000000e+03 4.550000000000000000e+02
1.129000000000000000e+03 4.550000000000000000e+02
1.129000000000000000e+03 4.540000000000000000e+02
1.129000000000000000e+03 4.540000000000000000e+02
1.129000000000000000e+03 4.550000000000000000e+02
1.130000000000000000e+03 4.540000000000000000e+02
1.129000000000000000e+03 4.540000000000000000e+02
1.129000000000000000e+03 4.530000000000000000e+02
1.130000000000000000e+03 4.540000000000000000e+02
1.131000000000000000e+03 4.530000000000000000e+02
1.130000000000000000e+03 4.540000000000000000e+02
1.131000000000000000e+03 4.550000000000000000e+02
1.130000000000000000e+03 4.560000000000000000e+02
1.130000000000000000e+03 4.560000000000000000e+02
1.130000000000000000e+03 4.570000000000000000e+02
1.130000000000000000e+03 4.570000000000000000e+02
1.130000000000000000e+03 4.580000000000000000e+02
1.130000000000000000e+03 4.580000000000000000e+02
1.131000000000000000e+03 4.570000000000000000e+02
1.130000000000000000e+03 4.560000000000000000e+02
1.129000000000000000e+03 4.550000000000000000e+02
1.129000000000000000e+03 4.550000000000000000e+02
1.130000000000000000e+03 4.550000000000000000e+02
1.131000000000000000e+03 4.550000000000000000e+02
1.131000000000000000e+03 4.560000000000000000e+02
1.131000000000000000e+03 4.550000000000000000e+02
1.132000000000000000e+03 4.560000000000000000e+02
1.132000000000000000e+03 4.560000000000000000e+02
1.132000000000000000e+03 4.560000000000000000e+02
1.133000000000000000e+03 4.560000000000000000e+02
1.132000000000000000e+03 4.550000000000000000e+02
1.135000000000000000e+03 4.550000000000000000e+02
1.135000000000000000e+03 4.550000000000000000e+02
1.135000000000000000e+03 4.550000000000000000e+02
1.135000000000000000e+03 4.560000000000000000e+02
1.135000000000000000e+03 4.570000000000000000e+02
1.134000000000000000e+03 4.550000000000000000e+02
1.135000000000000000e+03 4.550000000000000000e+02
1.135000000000000000e+03 4.560000000000000000e+02
1.136000000000000000e+03 4.560000000000000000e+02
1.135000000000000000e+03 4.560000000000000000e+02
1.136000000000000000e+03 4.560000000000000000e+02
1.135000000000000000e+03 4.550000000000000000e+02
1.135000000000000000e+03 4.560000000000000000e+02
1.135000000000000000e+03 4.560000000000000000e+02
