# frames 101, center=[1135, 456], duration=[900, 1000], video=browniano sol 2_0
1.135000000000000000e+03 4.560000000000000000e+02
1.135000000000000000e+03 4.560000000000000000e+02
1.135000000000000000e+03 4.560000000000000000e+02
1.135000000000000000e+03 4.560000000000000000e+02
1.135000000000000000e+03 4.580000000000000000e+02
1.136000000000000000e+03 4.580000000000000000e+02
1.135000000000000000e+03 4.570000000000000000e+02
1.134000000000000000e+03 4.570000000000000000e+02
1.134000000000000000e+03 4.570000000000000000e+02
1.134000000000000000e+03 4.560000000000000000e+02
1.135000000000000000e+03 4.560000000000000000e+02
1.135000000000000000e+03 4.560000000000000000e+02
1.134000000000000000e+03 4.550000000000000000e+02
1.135000000000000000e+03 4.560000000000000000e+02
1.134000000000000000e+03 4.550000000000000000e+02
1.134000000000000000e+03 4.540000000000000000e+02
1.134000000000000000e+03 4.540000000000000000e+02
1.133000000000000000e+03 4.540000000000000000e+02
1.133000000000000000e+03 4.540000000000000000e+02
1.133000000000000000e+03 4.540000000000000000e+02
1.133000000000000000e+03 4.540000000000000000e+02
1.133000000000000000e+03 4.540000000000000000e+02
1.133000000000000000e+03 4.540000000000000000e+02
1.133000000000000000e+03 4.530000000000000000e+02
1.132000000000000000e+03 4.530000000000000000e+02
1.133000000000000000e+03 4.520000000000000000e+02
1.133000000000000000e+03 4.520000000000000000e+02
1.134000000000000000e+03 4.530000000000000000e+02
1.134000000000000000e+03 4.530000000000000000e+02
1.133000000000000000e+03 4.520000000000000000e+02
1.132000000000000000e+03 4.520000000000000000e+02
1.132000000000000000e+03 4.510000000000000000e+02
1.132000000000000000e+03 4.520000000000000000e+02
1.132000000000000000e+03 4.510000000000000000e+02
1.132000000000000000e+03 4.510000000000000000e+02
1.133000000000000000e+03 4.520000000000000000e+02
1.134000000000000000e+03 4.520000000000000000e+02
1.133000000000000000e+03 4.510000000000000000e+02
1.133000000000000000e+03 4.510000000000000000e+02
1.133000000000000000e+03 4.510000000000000000e+02
1.133000000000000000e+03 4.500000000000000000e+02
1.133000000000000000e+03 4.500000000000000000e+02
1.134000000000000000e+03 4.490000000000000000e+02
1.135000000000000000e+03 4.490000000000000000e+02
1.134000000000000000e+03 4.490000000000000000e+02
1.134000000000000000e+03 4.490000000000000000e+02
1.135000000000000000e+03 4.490000000000000000e+02
1.136000000000000000e+03 4.500000000000000000e+02
1.137000000000000000e+03 4.500000000000000000e+02
1.138000000000000000e+03 4.510000000000000000e+02
1.137000000000000000e+03 4.520000000000000000e+02
1.138000000000000000e+03 4.530000000000000000e+02
1.137000000000000000e+03 4.530000000000000000e+02
1.139000000000000000e+03 4.520000000000000000e+02
1.138000000000000000e+03 4.510000000000000000e+02
1.137000000000000000e+03 4.520000000000000000e+02
1.136000000000000000e+03 4.510000000000000000e+02
1.136000000000000000e+03 4.510000000000000000e+02
1.136000000000000000e+03 4.500000000000000000e+02
1.136000000000000000e+03 4.500000000000000000e+02
1.137000000000000000e+03 4.500000000000000000e+02
1.138000000000000000e+03 4.490000000000000000e+02
1.138000000000000000e+03 4.470000000000000000e+02
1.138000000000000000e+03 4.470000000000000000e+02
1.137000000000000000e+03 4.460000000000000000e+02
1.137000000000000000e+03 4.460000000000000000e+02
1.138000000000000000e+03 4.460000000000000000e+02
1.138000000000000000e+03 4.470000000000000000e+02
1.138000000000000000e+03 4.470000000000000000e+02
1.138000000000000000e+03 4.450000000000000000e+02
1.139000000000000000e+03 4.460000000000000000e+02
1.140000000000000000e+03 4.460000000000000000e+02
1.140000000000000000e+03 4.470000000000000000e+02
1.140000000000000000e+03 4.470000000000000000e+02
1.140000000000000000e+03 4.470000000000000000e+02
1.140000000000000000e+03 4.470000000000000000e+02
1.141000000000000000e+03 4.480000000000000000e+02
1.140000000000000000e+03 4.470000000000000000e+02
1.139000000000000000e+03 4.470000000000000000e+02
1.140000000000000000e+03 4.470000000000000000e+02
1.139000000000000000e+03 4.470000000000000000e+02
1.139000000000000000e+03 4.480000000000000000e+02
1.139000000000000000e+03 4.480000000000000000e+02
1.138000000000000000e+03 4.490000000000000000e+02
1.138000000000000000e+03 4.490000000000000000e+02
1.138000000000000000e+03 4.490000000000000000e+02
1.138000000000000000e+03 4.490000000000000000e+02
1.139000000000000000e+03 4.490000000000000000e+02
1.140000000000000000e+03 4.500000000000000000e+02
1.140000000000000000e+03 4.500000000000000000e+02
1.141000000000000000e+03 4.510000000000000000e+02
1.142000000000000000e+03 4.520000000000000000e+02
1.143000000000000000e+03 4.520000000000000000e+02
1.143000000000000000e+03 4.520000000000000000e+02
1.144000000000000000e+03 4.510000000000000000e+02
1.144000000000000000e+03 4.510000000000000000e+02
1.145000000000000000e+03 4.520000000000000000e+02
1.146000000000000000e+03 4.510000000000000000e+02
1.146000000000000000e+03 4.510000000000000000e+02
1.146000000000000000e+03 4.510000000000000000e+02
1.147000000000000000e+03 4.510000000000000000e+02
