# frames 101, center=[1120, 445], duration=[400, 500], video=browniano sol 2_0
1.120000000000000000e+03 4.450000000000000000e+02
1.120000000000000000e+03 4.450000000000000000e+02
1.120000000000000000e+03 4.450000000000000000e+02
1.120000000000000000e+03 4.450000000000000000e+02
1.120000000000000000e+03 4.450000000000000000e+02
1.120000000000000000e+03 4.450000000000000000e+02
1.120000000000000000e+03 4.450000000000000000e+02
1.119000000000000000e+03 4.460000000000000000e+02
1.120000000000000000e+03 4.460000000000000000e+02
1.121000000000000000e+03 4.450000000000000000e+02
1.122000000000000000e+03 4.460000000000000000e+02
1.123000000000000000e+03 4.460000000000000000e+02
1.123000000000000000e+03 4.460000000000000000e+02
1.123000000000000000e+03 4.460000000000000000e+02
1.122000000000000000e+03 4.450000000000000000e+02
1.123000000000000000e+03 4.460000000000000000e+02
1.123000000000000000e+03 4.460000000000000000e+02
1.122000000000000000e+03 4.460000000000000000e+02
1.122000000000000000e+03 4.470000000000000000e+02
1.122000000000000000e+03 4.470000000000000000e+02
1.123000000000000000e+03 4.470000000000000000e+02
1.123000000000000000e+03 4.480000000000000000e+02
1.122000000000000000e+03 4.480000000000000000e+02
1.123000000000000000e+03 4.480000000000000000e+02
1.122000000000000000e+03 4.480000000000000000e+02
1.124000000000000000e+03 4.480000000000000000e+02
1.124000000000000000e+03 4.490000000000000000e+02
1.123000000000000000e+03 4.490000000000000000e+02
1.124000000000000000e+03 4.500000000000000000e+02
1.124000000000000000e+03 4.490000000000000000e+02
1.124000000000000000e+03 4.490000000000000000e+02
1.125000000000000000e+03 4.500000000000000000e+02
1.124000000000000000e+03 4.490000000000000000e+02
1.125000000000000000e+03 4.500000000000000000e+02
1.124000000000000000e+03 4.510000000000000000e+02
1.125000000000000000e+03 4.510000000000000000e+02
1.124000000000000000e+03 4.510000000000000000e+02
1.123000000000000000e+03 4.500000000000000000e+02
1.123000000000000000e+03 4.510000000000000000e+02
1.122000000000000000e+03 4.510000000000000000e+02
1.121000000000000000e+03 4.500000000000000000e+02
1.121000000000000000e+03 4.510000000000000000e+02
1.120000000000000000e+03 4.500000000000000000e+02
1.120000000000000000e+03 4.510000000000000000e+02
1.120000000000000000e+03 4.520000000000000000e+02
1.121000000000000000e+03 4.520000000000000000e+02
1.122000000000000000e+03 4.510000000000000000e+02
1.122000000000000000e+03 4.510000000000000000e+02
1.123000000000000000e+03 4.510000000000000000e+02
1.123000000000000000e+03 4.500000000000000000e+02
1.124000000000000000e+03 4.490000000000000000e+02
1.123000000000000000e+03 4.490000000000000000e+02
1.123000000000000000e+03 4.500000000000000000e+02
1.124000000000000000e+03 4.490000000000000000e+02
1.124000000000000000e+03 4.500000000000000000e+02
1.124000000000000000e+03 4.500000000000000000e+02
1.124000000000000000e+03 4.500000000000000000e+02
1.124000000000000000e+03 4.490000000000000000e+02
1.124000000000000000e+03 4.480000000000000000e+02
1.124000000000000000e+03 4.480000000000000000e+02
1.124000000000000000e+03 4.480000000000000000e+02
1.124000000000000000e+03 4.480000000000000000e+02
1.124000000000000000e+03 4.480000000000000000e+02
1.124000000000000000e+03 4.480000000000000000e+02
1.123000000000000000e+03 4.480000000000000000e+02
1.122000000000000000e+03 4.480000000000000000e+02
1.123000000000000000e+03 4.470000000000000000e+02
1.123000000000000000e+03 4.480000000000000000e+02
1.123000000000000000e+03 4.480000000000000000e+02
1.123000000000000000e+03 4.470000000000000000e+02
1.123000000000000000e+03 4.470000000000000000e+02
1.123000000000000000e+03 4.470000000000000000e+02
1.123000000000000000e+03 4.480000000000000000e+02
1.123000000000000000e+03 4.480000000000000000e+02
1.123000000000000000e+03 4.480000000000000000e+02
1.123000000000000000e+03 4.490000000000000000e+02
1.124000000000000000e+03 4.470000000000000000e+02
1.124000000000000000e+03 4.470000000000000000e+02
1.124000000000000000e+03 4.470000000000000000e+02
1.125000000000000000e+03 4.470000000000000000e+02
1.124000000000000000e+03 4.470000000000000000e+02
1.124000000000000000e+03 4.460000000000000000e+02
1.123000000000000000e+03 4.460000000000000000e+02
1.124000000000000000e+03 4.450000000000000000e+02
1.124000000000000000e+03 4.470000000000000000e+02
1.124000000000000000e+03 4.470000000000000000e+02
1.125000000000000000e+03 4.470000000000000000e+02
1.125000000000000000e+03 4.470000000000000000e+02
1.125000000000000000e+03 4.470000000000000000e+02
1.126000000000000000e+03 4.470000000000000000e+02
1.126000000000000000e+03 4.460000000000000000e+02
1.126000000000000000e+03 4.470000000000000000e+02
1.126000000000000000e+03 4.470000000000000000e+02
1.126000000000000000e+03 4.460000000000000000e+02
1.125000000000000000e+03 4.460000000000000000e+02
1.125000000000000000e+03 4.450000000000000000e+02
1.126000000000000000e+03 4.450000000000000000e+02
1.125000000000000000e+03 4.460000000000000000e+02
1.125000000000000000e+03 4.460000000000000000e+02
1.125000000000000000e+03 4.460000000000000000e+02
1.125000000000000000e+03 4.460000000000000000e+02
