# frames 101, center=[1125, 446], duration=[500, 600], video=browniano sol 2_0
1.125000000000000000e+03 4.460000000000000000e+02
1.125000000000000000e+03 4.460000000000000000e+02
1.125000000000000000e+03 4.460000000000000000e+02
1.126000000000000000e+03 4.460000000000000000e+02
1.125000000000000000e+03 4.450000000000000000e+02
1.125000000000000000e+03 4.450000000000000000e+02
1.125000000000000000e+03 4.460000000000000000e+02
1.124000000000000000e+03 4.460000000000000000e+02
1.123000000000000000e+03 4.460000000000000000e+02
1.124000000000000000e+03 4.460000000000000000e+02
1.123000000000000000e+03 4.460000000000000000e+02
1.123000000000000000e+03 4.450000000000000000e+02
1.124000000000000000e+03 4.450000000000000000e+02
1.124000000000000000e+03 4.450000000000000000e+02
1.124000000000000000e+03 4.450000000000000000e+02
1.124000000000000000e+03 4.450000000000000000e+02
1.125000000000000000e+03 4.450000000000000000e+02
1.125000000000000000e+03 4.440000000000000000e+02
1.126000000000000000e+03 4.440000000000000000e+02
1.125000000000000000e+03 4.440000000000000000e+02
1.126000000000000000e+03 4.450000000000000000e+02
1.125000000000000000e+03 4.440000000000000000e+02
1.125000000000000000e+03 4.440000000000000000e+02
1.124000000000000000e+03 4.440000000000000000e+02
1.123000000000000000e+03 4.440000000000000000e+02
1.122000000000000000e+03 4.450000000000000000e+02
1.122000000000000000e+03 4.450000000000000000e+02
1.122000000000000000e+03 4.450000000000000000e+02
1.122000000000000000e+03 4.450000000000000000e+02
1.122000000000000000e+03 4.450000000000000000e+02
1.122000000000000000e+03 4.450000000000000000e+02
1.123000000000000000e+03 4.440000000000000000e+02
1.123000000000000000e+03 4.450000000000000000e+02
1.122000000000000000e+03 4.450000000000000000e+02
1.122000000000000000e+03 4.450000000000000000e+02
1.121000000000000000e+03 4.460000000000000000e+02
1.122000000000000000e+03 4.460000000000000000e+02
1.123000000000000000e+03 4.440000000000000000e+02
1.123000000000000000e+03 4.450000000000000000e+02
1.123000000000000000e+03 4.450000000000000000e+02
1.123000000000000000e+03 4.440000000000000000e+02
1.122000000000000000e+03 4.450000000000000000e+02
1.122000000000000000e+03 4.450000000000000000e+02
1.123000000000000000e+03 4.460000000000000000e+02
1.123000000000000000e+03 4.460000000000000000e+02
1.123000000000000000e+03 4.460000000000000000e+02
1.122000000000000000e+03 4.460000000000000000e+02
1.122000000000000000e+03 4.450000000000000000e+02
1.123000000000000000e+03 4.460000000000000000e+02
1.123000000000000000e+03 4.450000000000000000e+02
1.123000000000000000e+03 4.450000000000000000e+02
1.122000000000000000e+03 4.450000000000000000e+02
1.123000000000000000e+03 4.440000000000000000e+02
1.123000000000000000e+03 4.440000000000000000e+02
1.123000000000000000e+03 4.450000000000000000e+02
1.122000000000000000e+03 4.440000000000000000e+02
1.122000000000000000e+03 4.430000000000000000e+02
1.121000000000000000e+03 4.430000000000000000e+02
1.120000000000000000e+03 4.430000000000000000e+02
1.120000000000000000e+03 4.420000000000000000e+02
1.119000000000000000e+03 4.420000000000000000e+02
1.119000000000000000e+03 4.410000000000000000e+02
1.120000000000000000e+03 4.410000000000000000e+02
1.121000000000000000e+03 4.420000000000000000e+02
1.120000000000000000e+03 4.420000000000000000e+02
1.120000000000000000e+03 4.420000000000000000e+02
1.119000000000000000e+03 4.420000000000000000e+02
1.120000000000000000e+03 4.430000000000000000e+02
1.120000000000000000e+03 4.440000000000000000e+02
1.121000000000000000e+03 4.430000000000000000e+02
1.121000000000000000e+03 4.430000000000000000e+02
1.121000000000000000e+03 4.420000000000000000e+02
1.121000000000000000e+03 4.420000000000000000e+02
1.121000000000000000e+03 4.420000000000000000e+02
1.120000000000000000e+03 4.440000000000000000e+02
1.121000000000000000e+03 4.420000000000000000e+02
1.120000000000000000e+03 4.420000000000000000e+02
1.121000000000000000e+03 4.410000000000000000e+02
1.121000000000000000e+03 4.420000000000000000e+02
1.121000000000000000e+03 4.420000000000000000e+02
1.121000000000000000e+03 4.420000000000000000e+02
1.121000000000000000e+03 4.410000000000000000e+02
1.121000000000000000e+03 4.420000000000000000e+02
1.121000000000000000e+03 4.420000000000000000e+02
1.121000000000000000e+03 4.430000000000000000e+02
1.121000000000000000e+03 4.420000000000000000e+02
1.121000000000000000e+03 4.420000000000000000e+02
1.121000000000000000e+03 4.420000000000000000e+02
1.122000000000000000e+03 4.430000000000000000e+02
1.121000000000000000e+03 4.430000000000000000e+02
1.120000000000000000e+03 4.430000000000000000e+02
1.120000000000000000e+03 4.430000000000000000e+02
1.119000000000000000e+03 4.430000000000000000e+02
1.120000000000000000e+03 4.440000000000000000e+02
1.120000000000000000e+03 4.450000000000000000e+02
1.120000000000000000e+03 4.450000000000000000e+02
1.119000000000000000e+03 4.440000000000000000e+02
1.119000000000000000e+03 4.450000000000000000e+02
1.120000000000000000e+03 4.450000000000000000e+02
1.120000000000000000e+03 4.450000000000000000e+02
1.119000000000000000e+03 4.440000000000000000e+02
