# frames 101, center=[1114, 469], duration=[0, 100], video=browniano sol 2_0
1.114000000000000000e+03 4.690000000000000000e+02
1.114000000000000000e+03 4.690000000000000000e+02
1.114000000000000000e+03 4.690000000000000000e+02
1.114000000000000000e+03 4.690000000000000000e+02
1.113000000000000000e+03 4.690000000000000000e+02
1.113000000000000000e+03 4.700000000000000000e+02
1.113000000000000000e+03 4.690000000000000000e+02
1.113000000000000000e+03 4.680000000000000000e+02
1.113000000000000000e+03 4.680000000000000000e+02
1.115000000000000000e+03 4.690000000000000000e+02
1.115000000000000000e+03 4.690000000000000000e+02
1.115000000000000000e+03 4.700000000000000000e+02
1.115000000000000000e+03 4.700000000000000000e+02
1.115000000000000000e+03 4.700000000000000000e+02
1.115000000000000000e+03 4.690000000000000000e+02
1.115000000000000000e+03 4.680000000000000000e+02
1.114000000000000000e+03 4.680000000000000000e+02
1.115000000000000000e+03 4.680000000000000000e+02
1.114000000000000000e+03 4.670000000000000000e+02
1.114000000000000000e+03 4.670000000000000000e+02
1.114000000000000000e+03 4.670000000000000000e+02
1.114000000000000000e+03 4.670000000000000000e+02
1.115000000000000000e+03 4.670000000000000000e+02
1.115000000000000000e+03 4.680000000000000000e+02
1.115000000000000000e+03 4.670000000000000000e+02
1.115000000000000000e+03 4.660000000000000000e+02
1.115000000000000000e+03 4.660000000000000000e+02
1.115000000000000000e+03 4.660000000000000000e+02
1.115000000000000000e+03 4.660000000000000000e+02
1.114000000000000000e+03 4.660000000000000000e+02
1.114000000000000000e+03 4.660000000000000000e+02
1.114000000000000000e+03 4.650000000000000000e+02
1.115000000000000000e+03 4.650000000000000000e+02
1.116000000000000000e+03 4.650000000000000000e+02
1.116000000000000000e+03 4.650000000000000000e+02
1.117000000000000000e+03 4.680000000000000000e+02
1.117000000000000000e+03 4.680000000000000000e+02
1.117000000000000000e+03 4.680000000000000000e+02
1.117000000000000000e+03 4.680000000000000000e+02
1.117000000000000000e+03 4.680000000000000000e+02
1.116000000000000000e+03 4.690000000000000000e+02
1.116000000000000000e+03 4.690000000000000000e+02
1.117000000000000000e+03 4.690000000000000000e+02
1.116000000000000000e+03 4.680000000000000000e+02
1.116000000000000000e+03 4.690000000000000000e+02
1.116000000000000000e+03 4.680000000000000000e+02
1.115000000000000000e+03 4.680000000000000000e+02
1.116000000000000000e+03 4.680000000000000000e+02
1.116000000000000000e+03 4.660000000000000000e+02
1.115000000000000000e+03 4.660000000000000000e+02
1.115000000000000000e+03 4.660000000000000000e+02
1.116000000000000000e+03 4.650000000000000000e+02
1.115000000000000000e+03 4.660000000000000000e+02
1.116000000000000000e+03 4.660000000000000000e+02
1.116000000000000000e+03 4.660000000000000000e+02
1.117000000000000000e+03 4.660000000000000000e+02
1.117000000000000000e+03 4.660000000000000000e+02
1.117000000000000000e+03 4.660000000000000000e+02
1.115000000000000000e+03 4.670000000000000000e+02
1.116000000000000000e+03 4.680000000000000000e+02
1.116000000000000000e+03 4.680000000000000000e+02
1.116000000000000000e+03 4.690000000000000000e+02
1.116000000000000000e+03 4.690000000000000000e+02
1.116000000000000000e+03 4.680000000000000000e+02
1.116000000000000000e+03 4.690000000000000000e+02
1.116000000000000000e+03 4.690000000000000000e+02
1.115000000000000000e+03 4.680000000000000000e+02
1.115000000000000000e+03 4.680000000000000000e+02
1.114000000000000000e+03 4.670000000000000000e+02
1.114000000000000000e+03 4.690000000000000000e+02
1.115000000000000000e+03 4.690000000000000000e+02
1.114000000000000000e+03 4.690000000000000000e+02
1.116000000000000000e+03 4.690000000000000000e+02
1.114000000000000000e+03 4.690000000000000000e+02
1.113000000000000000e+03 4.680000000000000000e+02
1.114000000000000000e+03 4.680000000000000000e+02
1.114000000000000000e+03 4.680000000000000000e+02
1.114000000000000000e+03 4.680000000000000000e+02
1.112000000000000000e+03 4.680000000000000000e+02
1.112000000000000000e+03 4.690000000000000000e+02
1.113000000000000000e+03 4.690000000000000000e+02
1.114000000000000000e+03 4.690000000000000000e+02
1.114000000000000000e+03 4.690000000000000000e+02
1.113000000000000000e+03 4.700000000000000000e+02
1.113000000000000000e+03 4.700000000000000000e+02
1.114000000000000000e+03 4.690000000000000000e+02
1.114000000000000000e+03 4.680000000000000000e+02
1.115000000000000000e+03 4.690000000000000000e+02
1.116000000000000000e+03 4.690000000000000000e+02
1.117000000000000000e+03 4.690000000000000000e+02
1.118000000000000000e+03 4.700000000000000000e+02
1.119000000000000000e+03 4.700000000000000000e+02
1.117000000000000000e+03 4.700000000000000000e+02
1.117000000000000000e+03 4.700000000000000000e+02
1.116000000000000000e+03 4.710000000000000000e+02
1.116000000000000000e+03 4.700000000000000000e+02
1.116000000000000000e+03 4.690000000000000000e+02
1.115000000000000000e+03 4.680000000000000000e+02
1.115000000000000000e+03 4.680000000000000000e+02
1.116000000000000000e+03 4.690000000000000000e+02
1.117000000000000000e+03 4.690000000000000000e+02
