# frames 101, center=[1147, 444], duration=[1100, 1200], video=browniano sol 2_0
1.147000000000000000e+03 4.440000000000000000e+02
1.147000000000000000e+03 4.440000000000000000e+02
1.147000000000000000e+03 4.440000000000000000e+02
1.148000000000000000e+03 4.450000000000000000e+02
1.147000000000000000e+03 4.450000000000000000e+02
1.148000000000000000e+03 4.450000000000000000e+02
1.147000000000000000e+03 4.440000000000000000e+02
1.148000000000000000e+03 4.430000000000000000e+02
1.148000000000000000e+03 4.430000000000000000e+02
1.148000000000000000e+03 4.420000000000000000e+02
1.148000000000000000e+03 4.410000000000000000e+02
1.149000000000000000e+03 4.400000000000000000e+02
1.149000000000000000e+03 4.400000000000000000e+02
1.149000000000000000e+03 4.400000000000000000e+02
1.149000000000000000e+03 4.410000000000000000e+02
1.149000000000000000e+03 4.420000000000000000e+02
1.149000000000000000e+03 4.410000000000000000e+02
1.150000000000000000e+03 4.410000000000000000e+02
1.150000000000000000e+03 4.410000000000000000e+02
1.150000000000000000e+03 4.420000000000000000e+02
1.150000000000000000e+03 4.410000000000000000e+02
1.150000000000000000e+03 4.410000000000000000e+02
1.150000000000000000e+03 4.410000000000000000e+02
1.151000000000000000e+03 4.420000000000000000e+02
1.152000000000000000e+03 4.430000000000000000e+02
1.151000000000000000e+03 4.430000000000000000e+02
1.152000000000000000e+03 4.430000000000000000e+02
1.153000000000000000e+03 4.430000000000000000e+02
1.153000000000000000e+03 4.440000000000000000e+02
1.153000000000000000e+03 4.440000000000000000e+02
1.153000000000000000e+03 4.450000000000000000e+02
1.154000000000000000e+03 4.440000000000000000e+02
1.153000000000000000e+03 4.440000000000000000e+02
1.153000000000000000e+03 4.430000000000000000e+02
1.154000000000000000e+03 4.430000000000000000e+02
1.153000000000000000e+03 4.430000000000000000e+02
1.154000000000000000e+03 4.440000000000000000e+02
1.154000000000000000e+03 4.440000000000000000e+02
1.155000000000000000e+03 4.430000000000000000e+02
1.155000000000000000e+03 4.420000000000000000e+02
1.156000000000000000e+03 4.420000000000000000e+02
1.156000000000000000e+03 4.420000000000000000e+02
1.157000000000000000e+03 4.420000000000000000e+02
1.157000000000000000e+03 4.430000000000000000e+02
1.158000000000000000e+03 4.430000000000000000e+02
1.157000000000000000e+03 4.420000000000000000e+02
1.157000000000000000e+03 4.420000000000000000e+02
1.158000000000000000e+03 4.410000000000000000e+02
1.158000000000000000e+03 4.420000000000000000e+02
1.158000000000000000e+03 4.410000000000000000e+02
1.159000000000000000e+03 4.410000000000000000e+02
1.158000000000000000e+03 4.410000000000000000e+02
1.158000000000000000e+03 4.400000000000000000e+02
1.158000000000000000e+03 4.390000000000000000e+02
1.158000000000000000e+03 4.380000000000000000e+02
1.157000000000000000e+03 4.370000000000000000e+02
1.158000000000000000e+03 4.370000000000000000e+02
1.158000000000000000e+03 4.370000000000000000e+02
1.158000000000000000e+03 4.370000000000000000e+02
1.158000000000000000e+03 4.370000000000000000e+02
1.158000000000000000e+03 4.370000000000000000e+02
1.158000000000000000e+03 4.360000000000000000e+02
1.159000000000000000e+03 4.370000000000000000e+02
1.159000000000000000e+03 4.370000000000000000e+02
1.160000000000000000e+03 4.370000000000000000e+02
1.160000000000000000e+03 4.370000000000000000e+02
1.161000000000000000e+03 4.370000000000000000e+02
1.160000000000000000e+03 4.370000000000000000e+02
1.160000000000000000e+03 4.380000000000000000e+02
1.160000000000000000e+03 4.380000000000000000e+02
1.159000000000000000e+03 4.380000000000000000e+02
1.159000000000000000e+03 4.380000000000000000e+02
1.159000000000000000e+03 4.380000000000000000e+02
1.158000000000000000e+03 4.370000000000000000e+02
1.159000000000000000e+03 4.390000000000000000e+02
1.160000000000000000e+03 4.370000000000000000e+02
1.160000000000000000e+03 4.380000000000000000e+02
1.160000000000000000e+03 4.380000000000000000e+02
1.160000000000000000e+03 4.390000000000000000e+02
1.160000000000000000e+03 4.390000000000000000e+02
1.160000000000000000e+03 4.390000000000000000e+02
1.161000000000000000e+03 4.380000000000000000e+02
1.161000000000000000e+03 4.380000000000000000e+02
1.161000000000000000e+03 4.400000000000000000e+02
1.161000000000000000e+03 4.400000000000000000e+02
1.161000000000000000e+03 4.400000000000000000e+02
1.162000000000000000e+03 4.400000000000000000e+02
1.162000000000000000e+03 4.410000000000000000e+02
1.162000000000000000e+03 4.410000000000000000e+02
1.162000000000000000e+03 4.400000000000000000e+02
1.162000000000000000e+03 4.410000000000000000e+02
1.162000000000000000e+03 4.410000000000000000e+02
1.161000000000000000e+03 4.400000000000000000e+02
1.161000000000000000e+03 4.400000000000000000e+02
1.162000000000000000e+03 4.380000000000000000e+02
1.162000000000000000e+03 4.390000000000000000e+02
1.162000000000000000e+03 4.390000000000000000e+02
1.163000000000000000e+03 4.380000000000000000e+02
1.163000000000000000e+03 4.370000000000000000e+02
1.163000000000000000e+03 4.380000000000000000e+02
1.163000000000000000e+03 4.380000000000000000e+02
