# frames 101, center=[1144, 452], duration=[1000, 1100], video=browniano sol 2_0
1.144000000000000000e+03 4.520000000000000000e+02
1.144000000000000000e+03 4.520000000000000000e+02
1.144000000000000000e+03 4.520000000000000000e+02
1.144000000000000000e+03 4.520000000000000000e+02
1.144000000000000000e+03 4.520000000000000000e+02
1.144000000000000000e+03 4.530000000000000000e+02
1.144000000000000000e+03 4.530000000000000000e+02
1.144000000000000000e+03 4.540000000000000000e+02
1.144000000000000000e+03 4.540000000000000000e+02
1.144000000000000000e+03 4.540000000000000000e+02
1.144000000000000000e+03 4.540000000000000000e+02
1.144000000000000000e+03 4.540000000000000000e+02
1.144000000000000000e+03 4.540000000000000000e+02
1.144000000000000000e+03 4.540000000000000000e+02
1.145000000000000000e+03 4.540000000000000000e+02
1.145000000000000000e+03 4.530000000000000000e+02
1.144000000000000000e+03 4.540000000000000000e+02
1.143000000000000000e+03 4.550000000000000000e+02
1.143000000000000000e+03 4.550000000000000000e+02
1.143000000000000000e+03 4.540000000000000000e+02
1.144000000000000000e+03 4.540000000000000000e+02
1.144000000000000000e+03 4.550000000000000000e+02
1.146000000000000000e+03 4.540000000000000000e+02
1.146000000000000000e+03 4.540000000000000000e+02
1.146000000000000000e+03 4.530000000000000000e+02
1.147000000000000000e+03 4.520000000000000000e+02
1.145000000000000000e+03 4.530000000000000000e+02
1.145000000000000000e+03 4.520000000000000000e+02
1.145000000000000000e+03 4.520000000000000000e+02
1.144000000000000000e+03 4.520000000000000000e+02
1.145000000000000000e+03 4.510000000000000000e+02
1.145000000000000000e+03 4.510000000000000000e+02
1.144000000000000000e+03 4.520000000000000000e+02
1.144000000000000000e+03 4.500000000000000000e+02
1.144000000000000000e+03 4.490000000000000000e+02
1.144000000000000000e+03 4.500000000000000000e+02
1.144000000000000000e+03 4.510000000000000000e+02
1.145000000000000000e+03 4.510000000000000000e+02
1.146000000000000000e+03 4.520000000000000000e+02
1.146000000000000000e+03 4.520000000000000000e+02
1.147000000000000000e+03 4.530000000000000000e+02
1.146000000000000000e+03 4.530000000000000000e+02
1.147000000000000000e+03 4.530000000000000000e+02
1.147000000000000000e+03 4.530000000000000000e+02
1.147000000000000000e+03 4.530000000000000000e+02
1.146000000000000000e+03 4.520000000000000000e+02
1.146000000000000000e+03 4.510000000000000000e+02
1.147000000000000000e+03 4.510000000000000000e+02
1.148000000000000000e+03 4.510000000000000000e+02
1.149000000000000000e+03 4.510000000000000000e+02
1.149000000000000000e+03 4.510000000000000000e+02
1.149000000000000000e+03 4.510000000000000000e+02
1.149000000000000000e+03 4.500000000000000000e+02
1.149000000000000000e+03 4.510000000000000000e+02
1.148000000000000000e+03 4.510000000000000000e+02
1.149000000000000000e+03 4.490000000000000000e+02
1.150000000000000000e+03 4.480000000000000000e+02
1.150000000000000000e+03 4.480000000000000000e+02
1.151000000000000000e+03 4.490000000000000000e+02
1.150000000000000000e+03 4.480000000000000000e+02
1.150000000000000000e+03 4.480000000000000000e+02
1.150000000000000000e+03 4.470000000000000000e+02
1.150000000000000000e+03 4.480000000000000000e+02
1.151000000000000000e+03 4.470000000000000000e+02
1.151000000000000000e+03 4.470000000000000000e+02
1.151000000000000000e+03 4.470000000000000000e+02
1.151000000000000000e+03 4.480000000000000000e+02
1.150000000000000000e+03 4.470000000000000000e+02
1.152000000000000000e+03 4.460000000000000000e+02
1.152000000000000000e+03 4.460000000000000000e+02
1.152000000000000000e+03 4.460000000000000000e+02
1.152000000000000000e+03 4.480000000000000000e+02
1.152000000000000000e+03 4.470000000000000000e+02
1.150000000000000000e+03 4.480000000000000000e+02
1.149000000000000000e+03 4.470000000000000000e+02
1.149000000000000000e+03 4.480000000000000000e+02
1.149000000000000000e+03 4.460000000000000000e+02
1.148000000000000000e+03 4.460000000000000000e+02
1.149000000000000000e+03 4.460000000000000000e+02
1.149000000000000000e+03 4.460000000000000000e+02
1.149000000000000000e+03 4.450000000000000000e+02
1.149000000000000000e+03 4.440000000000000000e+02
1.150000000000000000e+03 4.440000000000000000e+02
1.150000000000000000e+03 4.440000000000000000e+02
1.150000000000000000e+03 4.430000000000000000e+02
1.149000000000000000e+03 4.430000000000000000e+02
1.150000000000000000e+03 4.430000000000000000e+02
1.150000000000000000e+03 4.430000000000000000e+02
1.150000000000000000e+03 4.440000000000000000e+02
1.149000000000000000e+03 4.440000000000000000e+02
1.150000000000000000e+03 4.440000000000000000e+02
1.148000000000000000e+03 4.440000000000000000e+02
1.149000000000000000e+03 4.450000000000000000e+02
1.148000000000000000e+03 4.460000000000000000e+02
1.148000000000000000e+03 4.460000000000000000e+02
1.147000000000000000e+03 4.450000000000000000e+02
1.148000000000000000e+03 4.440000000000000000e+02
1.148000000000000000e+03 4.440000000000000000e+02
1.148000000000000000e+03 4.440000000000000000e+02
1.147000000000000000e+03 4.440000000000000000e+02
1.146000000000000000e+03 4.450000000000000000e+02
