# frames 101, center=[1108, 462], duration=[200, 300], video=browniano sol 2_0
1.108000000000000000e+03 4.620000000000000000e+02
1.108000000000000000e+03 4.620000000000000000e+02
1.108000000000000000e+03 4.620000000000000000e+02
1.108000000000000000e+03 4.630000000000000000e+02
1.109000000000000000e+03 4.630000000000000000e+02
1.109000000000000000e+03 4.630000000000000000e+02
1.110000000000000000e+03 4.630000000000000000e+02
1.110000000000000000e+03 4.630000000000000000e+02
1.111000000000000000e+03 4.630000000000000000e+02
1.112000000000000000e+03 4.630000000000000000e+02
1.111000000000000000e+03 4.620000000000000000e+02
1.111000000000000000e+03 4.610000000000000000e+02
1.111000000000000000e+03 4.610000000000000000e+02
1.111000000000000000e+03 4.610000000000000000e+02
1.110000000000000000e+03 4.610000000000000000e+02
1.109000000000000000e+03 4.600000000000000000e+02
1.109000000000000000e+03 4.590000000000000000e+02
1.110000000000000000e+03 4.600000000000000000e+02
1.111000000000000000e+03 4.590000000000000000e+02
1.111000000000000000e+03 4.590000000000000000e+02
1.111000000000000000e+03 4.590000000000000000e+02
1.111000000000000000e+03 4.590000000000000000e+02
1.110000000000000000e+03 4.590000000000000000e+02
1.111000000000000000e+03 4.590000000000000000e+02
1.112000000000000000e+03 4.600000000000000000e+02
1.112000000000000000e+03 4.590000000000000000e+02
1.113000000000000000e+03 4.590000000000000000e+02
1.113000000000000000e+03 4.590000000000000000e+02
1.113000000000000000e+03 4.590000000000000000e+02
1.114000000000000000e+03 4.600000000000000000e+02
1.114000000000000000e+03 4.590000000000000000e+02
1.114000000000000000e+03 4.590000000000000000e+02
1.115000000000000000e+03 4.600000000000000000e+02
1.115000000000000000e+03 4.590000000000000000e+02
1.116000000000000000e+03 4.580000000000000000e+02
1.116000000000000000e+03 4.580000000000000000e+02
1.116000000000000000e+03 4.580000000000000000e+02
1.116000000000000000e+03 4.580000000000000000e+02
1.115000000000000000e+03 4.590000000000000000e+02
1.116000000000000000e+03 4.580000000000000000e+02
1.115000000000000000e+03 4.580000000000000000e+02
1.116000000000000000e+03 4.590000000000000000e+02
1.116000000000000000e+03 4.580000000000000000e+02
1.117000000000000000e+03 4.580000000000000000e+02
1.117000000000000000e+03 4.580000000000000000e+02
1.117000000000000000e+03 4.580000000000000000e+02
1.118000000000000000e+03 4.590000000000000000e+02
1.118000000000000000e+03 4.580000000000000000e+02
1.119000000000000000e+03 4.590000000000000000e+02
1.118000000000000000e+03 4.580000000000000000e+02
1.119000000000000000e+03 4.590000000000000000e+02
1.118000000000000000e+03 4.580000000000000000e+02
1.116000000000000000e+03 4.580000000000000000e+02
1.117000000000000000e+03 4.580000000000000000e+02
1.117000000000000000e+03 4.580000000000000000e+02
1.117000000000000000e+03 4.570000000000000000e+02
1.117000000000000000e+03 4.570000000000000000e+02
1.117000000000000000e+03 4.580000000000000000e+02
1.116000000000000000e+03 4.580000000000000000e+02
1.117000000000000000e+03 4.570000000000000000e+02
1.117000000000000000e+03 4.570000000000000000e+02
1.118000000000000000e+03 4.560000000000000000e+02
1.118000000000000000e+03 4.560000000000000000e+02
1.118000000000000000e+03 4.560000000000000000e+02
1.118000000000000000e+03 4.560000000000000000e+02
1.118000000000000000e+03 4.560000000000000000e+02
1.118000000000000000e+03 4.550000000000000000e+02
1.119000000000000000e+03 4.550000000000000000e+02
1.119000000000000000e+03 4.560000000000000000e+02
1.118000000000000000e+03 4.560000000000000000e+02
1.118000000000000000e+03 4.560000000000000000e+02
1.119000000000000000e+03 4.560000000000000000e+02
1.119000000000000000e+03 4.570000000000000000e+02
1.119000000000000000e+03 4.580000000000000000e+02
1.120000000000000000e+03 4.580000000000000000e+02
1.121000000000000000e+03 4.580000000000000000e+02
1.121000000000000000e+03 4.580000000000000000e+02
1.122000000000000000e+03 4.580000000000000000e+02
1.122000000000000000e+03 4.580000000000000000e+02
1.122000000000000000e+03 4.580000000000000000e+02
1.122000000000000000e+03 4.570000000000000000e+02
1.122000000000000000e+03 4.570000000000000000e+02
1.122000000000000000e+03 4.560000000000000000e+02
1.122000000000000000e+03 4.560000000000000000e+02
1.122000000000000000e+03 4.560000000000000000e+02
1.122000000000000000e+03 4.560000000000000000e+02
1.122000000000000000e+03 4.550000000000000000e+02
1.122000000000000000e+03 4.560000000000000000e+02
1.122000000000000000e+03 4.540000000000000000e+02
1.122000000000000000e+03 4.550000000000000000e+02
1.122000000000000000e+03 4.540000000000000000e+02
1.122000000000000000e+03 4.540000000000000000e+02
1.122000000000000000e+03 4.530000000000000000e+02
1.122000000000000000e+03 4.530000000000000000e+02
1.121000000000000000e+03 4.530000000000000000e+02
1.121000000000000000e+03 4.530000000000000000e+02
1.121000000000000000e+03 4.530000000000000000e+02
1.121000000000000000e+03 4.530000000000000000e+02
1.120000000000000000e+03 4.520000000000000000e+02
1.121000000000000000e+03 4.520000000000000000e+02
1.122000000000000000e+03 4.520000000000000000e+02
