# frames 101, center=[1120, 453], duration=[300, 400], video=browniano sol 2_0
1.120000000000000000e+03 4.530000000000000000e+02
1.120000000000000000e+03 4.530000000000000000e+02
1.120000000000000000e+03 4.530000000000000000e+02
1.120000000000000000e+03 4.530000000000000000e+02
1.120000000000000000e+03 4.530000000000000000e+02
1.119000000000000000e+03 4.530000000000000000e+02
1.119000000000000000e+03 4.530000000000000000e+02
1.119000000000000000e+03 4.540000000000000000e+02
1.119000000000000000e+03 4.540000000000000000e+02
1.120000000000000000e+03 4.540000000000000000e+02
1.119000000000000000e+03 4.540000000000000000e+02
1.119000000000000000e+03 4.540000000000000000e+02
1.119000000000000000e+03 4.540000000000000000e+02
1.121000000000000000e+03 4.540000000000000000e+02
1.120000000000000000e+03 4.530000000000000000e+02
1.119000000000000000e+03 4.540000000000000000e+02
1.120000000000000000e+03 4.530000000000000000e+02
1.119000000000000000e+03 4.530000000000000000e+02
1.118000000000000000e+03 4.530000000000000000e+02
1.118000000000000000e+03 4.520000000000000000e+02
1.118000000000000000e+03 4.510000000000000000e+02
1.118000000000000000e+03 4.510000000000000000e+02
1.119000000000000000e+03 4.500000000000000000e+02
1.119000000000000000e+03 4.500000000000000000e+02
1.119000000000000000e+03 4.500000000000000000e+02
1.118000000000000000e+03 4.500000000000000000e+02
1.118000000000000000e+03 4.510000000000000000e+02
1.119000000000000000e+03 4.510000000000000000e+02
1.120000000000000000e+03 4.510000000000000000e+02
1.119000000000000000e+03 4.500000000000000000e+02
1.118000000000000000e+03 4.510000000000000000e+02
1.118000000000000000e+03 4.510000000000000000e+02
1.118000000000000000e+03 4.510000000000000000e+02
1.118000000000000000e+03 4.500000000000000000e+02
1.118000000000000000e+03 4.490000000000000000e+02
1.117000000000000000e+03 4.490000000000000000e+02
1.117000000000000000e+03 4.490000000000000000e+02
1.117000000000000000e+03 4.500000000000000000e+02
1.117000000000000000e+03 4.490000000000000000e+02
1.117000000000000000e+03 4.490000000000000000e+02
1.116000000000000000e+03 4.490000000000000000e+02
1.117000000000000000e+03 4.480000000000000000e+02
1.118000000000000000e+03 4.490000000000000000e+02
1.117000000000000000e+03 4.480000000000000000e+02
1.116000000000000000e+03 4.480000000000000000e+02
1.116000000000000000e+03 4.490000000000000000e+02
1.116000000000000000e+03 4.490000000000000000e+02
1.116000000000000000e+03 4.490000000000000000e+02
1.117000000000000000e+03 4.490000000000000000e+02
1.117000000000000000e+03 4.490000000000000000e+02
1.118000000000000000e+03 4.490000000000000000e+02
1.117000000000000000e+03 4.490000000000000000e+02
1.117000000000000000e+03 4.490000000000000000e+02
1.118000000000000000e+03 4.490000000000000000e+02
1.118000000000000000e+03 4.490000000000000000e+02
1.118000000000000000e+03 4.480000000000000000e+02
1.117000000000000000e+03 4.480000000000000000e+02
1.117000000000000000e+03 4.480000000000000000e+02
1.117000000000000000e+03 4.470000000000000000e+02
1.117000000000000000e+03 4.460000000000000000e+02
1.117000000000000000e+03 4.460000000000000000e+02
1.116000000000000000e+03 4.470000000000000000e+02
1.117000000000000000e+03 4.460000000000000000e+02
1.117000000000000000e+03 4.460000000000000000e+02
1.116000000000000000e+03 4.470000000000000000e+02
1.116000000000000000e+03 4.460000000000000000e+02
1.116000000000000000e+03 4.460000000000000000e+02
1.116000000000000000e+03 4.460000000000000000e+02
1.116000000000000000e+03 4.460000000000000000e+02
1.117000000000000000e+03 4.460000000000000000e+02
1.117000000000000000e+03 4.460000000000000000e+02
1.116000000000000000e+03 4.470000000000000000e+02
1.117000000000000000e+03 4.460000000000000000e+02
1.118000000000000000e+03 4.460000000000000000e+02
1.118000000000000000e+03 4.460000000000000000e+02
1.118000000000000000e+03 4.470000000000000000e+02
1.118000000000000000e+03 4.480000000000000000e+02
1.118000000000000000e+03 4.470000000000000000e+02
1.119000000000000000e+03 4.470000000000000000e+02
1.119000000000000000e+03 4.470000000000000000e+02
1.119000000000000000e+03 4.460000000000000000e+02
1.119000000000000000e+03 4.460000000000000000e+02
1.120000000000000000e+03 4.470000000000000000e+02
1.120000000000000000e+03 4.460000000000000000e+02
1.119000000000000000e+03 4.450000000000000000e+02
1.119000000000000000e+03 4.450000000000000000e+02
1.119000000000000000e+03 4.450000000000000000e+02
1.120000000000000000e+03 4.450000000000000000e+02
1.120000000000000000e+03 4.450000000000000000e+02
1.120000000000000000e+03 4.450000000000000000e+02
1.119000000000000000e+03 4.450000000000000000e+02
1.118000000000000000e+03 4.450000000000000000e+02
1.119000000000000000e+03 4.450000000000000000e+02
1.119000000000000000e+03 4.460000000000000000e+02
1.120000000000000000e+03 4.450000000000000000e+02
1.119000000000000000e+03 4.440000000000000000e+02
1.119000000000000000e+03 4.440000000000000000e+02
1.120000000000000000e+03 4.450000000000000000e+02
1.119000000000000000e+03 4.460000000000000000e+02
1.118000000000000000e+03 4.460000000000000000e+02
1.118000000000000000e+03 4.450000000000000000e+02
