# frames 101, center=[1208, 596], duration=[400, 500], video=browniano sol 2_0
1.208000000000000000e+03 5.960000000000000000e+02
1.208000000000000000e+03 5.960000000000000000e+02
1.208000000000000000e+03 5.960000000000000000e+02
1.207000000000000000e+03 5.960000000000000000e+02
1.207000000000000000e+03 5.960000000000000000e+02
1.207000000000000000e+03 5.960000000000000000e+02
1.207000000000000000e+03 5.960000000000000000e+02
1.207000000000000000e+03 5.960000000000000000e+02
1.207000000000000000e+03 5.960000000000000000e+02
1.207000000000000000e+03 5.960000000000000000e+02
1.208000000000000000e+03 5.960000000000000000e+02
1.208000000000000000e+03 5.960000000000000000e+02
1.208000000000000000e+03 5.960000000000000000e+02
1.207000000000000000e+03 5.960000000000000000e+02
1.208000000000000000e+03 5.960000000000000000e+02
1.209000000000000000e+03 5.950000000000000000e+02
1.209000000000000000e+03 5.950000000000000000e+02
1.209000000000000000e+03 5.950000000000000000e+02
1.210000000000000000e+03 5.950000000000000000e+02
1.210000000000000000e+03 5.960000000000000000e+02
1.210000000000000000e+03 5.960000000000000000e+02
1.210000000000000000e+03 5.960000000000000000e+02
1.210000000000000000e+03 5.960000000000000000e+02
1.210000000000000000e+03 5.960000000000000000e+02
1.209000000000000000e+03 5.960000000000000000e+02
1.209000000000000000e+03 5.950000000000000000e+02
1.209000000000000000e+03 5.950000000000000000e+02
1.209000000000000000e+03 5.950000000000000000e+02
1.210000000000000000e+03 5.950000000000000000e+02
1.210000000000000000e+03 5.950000000000000000e+02
1.210000000000000000e+03 5.950000000000000000e+02
1.210000000000000000e+03 5.960000000000000000e+02
1.209000000000000000e+03 5.950000000000000000e+02
1.209000000000000000e+03 5.950000000000000000e+02
1.209000000000000000e+03 5.960000000000000000e+02
1.209000000000000000e+03 5.950000000000000000e+02
1.209000000000000000e+03 5.950000000000000000e+02
1.209000000000000000e+03 5.950000000000000000e+02
1.209000000000000000e+03 5.950000000000000000e+02
1.209000000000000000e+03 5.960000000000000000e+02
1.209000000000000000e+03 5.960000000000000000e+02
1.209000000000000000e+03 5.960000000000000000e+02
1.209000000000000000e+03 5.960000000000000000e+02
1.208000000000000000e+03 5.950000000000000000e+02
1.208000000000000000e+03 5.960000000000000000e+02
1.208000000000000000e+03 5.960000000000000000e+02
1.208000000000000000e+03 5.960000000000000000e+02
1.208000000000000000e+03 5.960000000000000000e+02
1.208000000000000000e+03 5.960000000000000000e+02
1.208000000000000000e+03 5.960000000000000000e+02
1.208000000000000000e+03 5.960000000000000000e+02
1.208000000000000000e+03 5.960000000000000000e+02
1.208000000000000000e+03 5.960000000000000000e+02
1.207000000000000000e+03 5.960000000000000000e+02
1.206000000000000000e+03 5.960000000000000000e+02
1.206000000000000000e+03 5.960000000000000000e+02
1.206000000000000000e+03 5.960000000000000000e+02
1.206000000000000000e+03 5.960000000000000000e+02
1.206000000000000000e+03 5.960000000000000000e+02
1.205000000000000000e+03 5.960000000000000000e+02
1.205000000000000000e+03 5.960000000000000000e+02
1.205000000000000000e+03 5.960000000000000000e+02
1.205000000000000000e+03 5.960000000000000000e+02
1.204000000000000000e+03 5.960000000000000000e+02
1.205000000000000000e+03 5.960000000000000000e+02
1.204000000000000000e+03 5.960000000000000000e+02
1.205000000000000000e+03 5.960000000000000000e+02
1.205000000000000000e+03 5.960000000000000000e+02
1.205000000000000000e+03 5.960000000000000000e+02
1.206000000000000000e+03 5.960000000000000000e+02
1.206000000000000000e+03 5.960000000000000000e+02
1.206000000000000000e+03 5.960000000000000000e+02
1.207000000000000000e+03 5.960000000000000000e+02
1.207000000000000000e+03 5.950000000000000000e+02
1.207000000000000000e+03 5.950000000000000000e+02
1.207000000000000000e+03 5.960000000000000000e+02
1.208000000000000000e+03 5.960000000000000000e+02
1.208000000000000000e+03 5.960000000000000000e+02
1.208000000000000000e+03 5.960000000000000000e+02
1.208000000000000000e+03 5.960000000000000000e+02
1.209000000000000000e+03 5.960000000000000000e+02
1.209000000000000000e+03 5.960000000000000000e+02
1.209000000000000000e+03 5.960000000000000000e+02
1.209000000000000000e+03 5.960000000000000000e+02
1.209000000000000000e+03 5.960000000000000000e+02
1.208000000000000000e+03 5.960000000000000000e+02
1.209000000000000000e+03 5.960000000000000000e+02
1.209000000000000000e+03 5.950000000000000000e+02
1.209000000000000000e+03 5.960000000000000000e+02
1.208000000000000000e+03 5.960000000000000000e+02
1.209000000000000000e+03 5.970000000000000000e+02
1.209000000000000000e+03 5.960000000000000000e+02
1.209000000000000000e+03 5.960000000000000000e+02
1.209000000000000000e+03 5.960000000000000000e+02
1.210000000000000000e+03 5.960000000000000000e+02
1.210000000000000000e+03 5.960000000000000000e+02
1.210000000000000000e+03 5.960000000000000000e+02
1.210000000000000000e+03 5.960000000000000000e+02
1.210000000000000000e+03 5.970000000000000000e+02
1.210000000000000000e+03 5.960000000000000000e+02
1.210000000000000000e+03 5.960000000000000000e+02
