# frames 101, center=[1212, 596], duration=[1100, 1200], video=browniano sol 2_0
1.212000000000000000e+03 5.960000000000000000e+02
1.212000000000000000e+03 5.960000000000000000e+02
1.212000000000000000e+03 5.960000000000000000e+02
1.212000000000000000e+03 5.960000000000000000e+02
1.212000000000000000e+03 5.960000000000000000e+02
1.212000000000000000e+03 5.960000000000000000e+02
1.212000000000000000e+03 5.960000000000000000e+02
1.212000000000000000e+03 5.960000000000000000e+02
1.212000000000000000e+03 5.960000000000000000e+02
1.212000000000000000e+03 5.960000000000000000e+02
1.212000000000000000e+03 5.960000000000000000e+02
1.211000000000000000e+03 5.960000000000000000e+02
1.212000000000000000e+03 5.950000000000000000e+02
1.212000000000000000e+03 5.960000000000000000e+02
1.212000000000000000e+03 5.960000000000000000e+02
1.212000000000000000e+03 5.950000000000000000e+02
1.212000000000000000e+03 5.960000000000000000e+02
1.212000000000000000e+03 5.950000000000000000e+02
1.212000000000000000e+03 5.960000000000000000e+02
1.212000000000000000e+03 5.950000000000000000e+02
1.212000000000000000e+03 5.960000000000000000e+02
1.212000000000000000e+03 5.960000000000000000e+02
1.212000000000000000e+03 5.960000000000000000e+02
1.212000000000000000e+03 5.960000000000000000e+02
1.212000000000000000e+03 5.960000000000000000e+02
1.212000000000000000e+03 5.960000000000000000e+02
1.212000000000000000e+03 5.960000000000000000e+02
1.212000000000000000e+03 5.960000000000000000e+02
1.212000000000000000e+03 5.960000000000000000e+02
1.212000000000000000e+03 5.960000000000000000e+02
1.212000000000000000e+03 5.960000000000000000e+02
1.212000000000000000e+03 5.960000000000000000e+02
1.212000000000000000e+03 5.960000000000000000e+02
1.210000000000000000e+03 5.960000000000000000e+02
1.211000000000000000e+03 5.960000000000000000e+02
1.212000000000000000e+03 5.960000000000000000e+02
1.212000000000000000e+03 5.960000000000000000e+02
1.213000000000000000e+03 5.950000000000000000e+02
1.212000000000000000e+03 5.960000000000000000e+02
1.212000000000000000e+03 5.950000000000000000e+02
1.212000000000000000e+03 5.950000000000000000e+02
1.212000000000000000e+03 5.960000000000000000e+02
1.212000000000000000e+03 5.960000000000000000e+02
1.212000000000000000e+03 5.960000000000000000e+02
1.211000000000000000e+03 5.960000000000000000e+02
1.212000000000000000e+03 5.960000000000000000e+02
1.212000000000000000e+03 5.970000000000000000e+02
1.212000000000000000e+03 5.960000000000000000e+02
1.213000000000000000e+03 5.960000000000000000e+02
1.212000000000000000e+03 5.960000000000000000e+02
1.211000000000000000e+03 5.950000000000000000e+02
1.212000000000000000e+03 5.960000000000000000e+02
1.211000000000000000e+03 5.960000000000000000e+02
1.212000000000000000e+03 5.960000000000000000e+02
1.211000000000000000e+03 5.960000000000000000e+02
1.211000000000000000e+03 5.950000000000000000e+02
1.211000000000000000e+03 5.960000000000000000e+02
1.211000000000000000e+03 5.960000000000000000e+02
1.212000000000000000e+03 5.960000000000000000e+02
1.212000000000000000e+03 5.960000000000000000e+02
1.212000000000000000e+03 5.960000000000000000e+02
1.211000000000000000e+03 5.960000000000000000e+02
1.212000000000000000e+03 5.960000000000000000e+02
1.211000000000000000e+03 5.960000000000000000e+02
1.212000000000000000e+03 5.960000000000000000e+02
1.212000000000000000e+03 5.960000000000000000e+02
1.212000000000000000e+03 5.960000000000000000e+02
1.212000000000000000e+03 5.960000000000000000e+02
1.212000000000000000e+03 5.960000000000000000e+02
1.212000000000000000e+03 5.960000000000000000e+02
1.212000000000000000e+03 5.960000000000000000e+02
1.212000000000000000e+03 5.960000000000000000e+02
1.212000000000000000e+03 5.960000000000000000e+02
1.212000000000000000e+03 5.960000000000000000e+02
1.212000000000000000e+03 5.960000000000000000e+02
1.212000000000000000e+03 5.960000000000000000e+02
1.212000000000000000e+03 5.960000000000000000e+02
1.212000000000000000e+03 5.960000000000000000e+02
1.212000000000000000e+03 5.960000000000000000e+02
1.212000000000000000e+03 5.960000000000000000e+02
1.212000000000000000e+03 5.960000000000000000e+02
1.211000000000000000e+03 5.960000000000000000e+02
1.211000000000000000e+03 5.960000000000000000e+02
1.211000000000000000e+03 5.960000000000000000e+02
1.211000000000000000e+03 5.960000000000000000e+02
1.211000000000000000e+03 5.960000000000000000e+02
1.211000000000000000e+03 5.960000000000000000e+02
1.211000000000000000e+03 5.960000000000000000e+02
1.212000000000000000e+03 5.960000000000000000e+02
1.211000000000000000e+03 5.970000000000000000e+02
1.211000000000000000e+03 5.970000000000000000e+02
1.211000000000000000e+03 5.960000000000000000e+02
1.211000000000000000e+03 5.960000000000000000e+02
1.212000000000000000e+03 5.960000000000000000e+02
1.212000000000000000e+03 5.970000000000000000e+02
1.212000000000000000e+03 5.970000000000000000e+02
1.211000000000000000e+03 5.970000000000000000e+02
1.212000000000000000e+03 5.970000000000000000e+02
1.212000000000000000e+03 5.960000000000000000e+02
1.211000000000000000e+03 5.970000000000000000e+02
1.211000000000000000e+03 5.960000000000000000e+02
