# frames 101, center=[901, 739], duration=[100, 200], video=browniano sol 2_0
9.010000000000000000e+02 7.390000000000000000e+02
9.010000000000000000e+02 7.390000000000000000e+02
9.010000000000000000e+02 7.390000000000000000e+02
9.000000000000000000e+02 7.390000000000000000e+02
9.000000000000000000e+02 7.380000000000000000e+02
9.000000000000000000e+02 7.380000000000000000e+02
9.000000000000000000e+02 7.370000000000000000e+02
9.000000000000000000e+02 7.370000000000000000e+02
8.990000000000000000e+02 7.370000000000000000e+02
9.000000000000000000e+02 7.370000000000000000e+02
9.000000000000000000e+02 7.370000000000000000e+02
9.000000000000000000e+02 7.380000000000000000e+02
9.000000000000000000e+02 7.390000000000000000e+02
8.990000000000000000e+02 7.390000000000000000e+02
8.980000000000000000e+02 7.410000000000000000e+02
8.990000000000000000e+02 7.410000000000000000e+02
8.990000000000000000e+02 7.400000000000000000e+02
8.980000000000000000e+02 7.400000000000000000e+02
8.980000000000000000e+02 7.400000000000000000e+02
8.980000000000000000e+02 7.400000000000000000e+02
8.980000000000000000e+02 7.400000000000000000e+02
8.980000000000000000e+02 7.400000000000000000e+02
8.990000000000000000e+02 7.400000000000000000e+02
8.990000000000000000e+02 7.410000000000000000e+02
8.990000000000000000e+02 7.410000000000000000e+02
8.990000000000000000e+02 7.410000000000000000e+02
8.990000000000000000e+02 7.410000000000000000e+02
9.000000000000000000e+02 7.410000000000000000e+02
9.000000000000000000e+02 7.410000000000000000e+02
8.990000000000000000e+02 7.410000000000000000e+02
8.990000000000000000e+02 7.410000000000000000e+02
8.990000000000000000e+02 7.410000000000000000e+02
8.990000000000000000e+02 7.400000000000000000e+02
8.990000000000000000e+02 7.410000000000000000e+02
8.990000000000000000e+02 7.400000000000000000e+02
8.980000000000000000e+02 7.400000000000000000e+02
8.990000000000000000e+02 7.400000000000000000e+02
8.990000000000000000e+02 7.390000000000000000e+02
8.990000000000000000e+02 7.390000000000000000e+02
8.990000000000000000e+02 7.390000000000000000e+02
9.000000000000000000e+02 7.400000000000000000e+02
8.990000000000000000e+02 7.410000000000000000e+02
9.000000000000000000e+02 7.400000000000000000e+02
8.990000000000000000e+02 7.420000000000000000e+02
9.000000000000000000e+02 7.420000000000000000e+02
8.990000000000000000e+02 7.410000000000000000e+02
8.990000000000000000e+02 7.420000000000000000e+02
8.990000000000000000e+02 7.420000000000000000e+02
8.980000000000000000e+02 7.420000000000000000e+02
8.980000000000000000e+02 7.420000000000000000e+02
8.990000000000000000e+02 7.420000000000000000e+02
8.970000000000000000e+02 7.420000000000000000e+02
8.980000000000000000e+02 7.420000000000000000e+02
8.970000000000000000e+02 7.410000000000000000e+02
8.970000000000000000e+02 7.420000000000000000e+02
8.970000000000000000e+02 7.420000000000000000e+02
8.970000000000000000e+02 7.410000000000000000e+02
8.970000000000000000e+02 7.420000000000000000e+02
8.980000000000000000e+02 7.410000000000000000e+02
8.980000000000000000e+02 7.410000000000000000e+02
8.980000000000000000e+02 7.420000000000000000e+02
8.990000000000000000e+02 7.430000000000000000e+02
8.980000000000000000e+02 7.430000000000000000e+02
8.980000000000000000e+02 7.440000000000000000e+02
8.970000000000000000e+02 7.430000000000000000e+02
8.980000000000000000e+02 7.430000000000000000e+02
8.980000000000000000e+02 7.430000000000000000e+02
8.990000000000000000e+02 7.440000000000000000e+02
8.990000000000000000e+02 7.430000000000000000e+02
9.000000000000000000e+02 7.420000000000000000e+02
9.000000000000000000e+02 7.420000000000000000e+02
9.000000000000000000e+02 7.420000000000000000e+02
8.990000000000000000e+02 7.420000000000000000e+02
8.990000000000000000e+02 7.410000000000000000e+02
8.990000000000000000e+02 7.410000000000000000e+02
9.000000000000000000e+02 7.410000000000000000e+02
9.010000000000000000e+02 7.410000000000000000e+02
9.010000000000000000e+02 7.410000000000000000e+02
9.010000000000000000e+02 7.410000000000000000e+02
9.020000000000000000e+02 7.410000000000000000e+02
9.000000000000000000e+02 7.410000000000000000e+02
9.010000000000000000e+02 7.410000000000000000e+02
9.010000000000000000e+02 7.430000000000000000e+02
9.020000000000000000e+02 7.420000000000000000e+02
9.020000000000000000e+02 7.410000000000000000e+02
9.020000000000000000e+02 7.420000000000000000e+02
9.030000000000000000e+02 7.430000000000000000e+02
9.030000000000000000e+02 7.430000000000000000e+02
9.020000000000000000e+02 7.440000000000000000e+02
9.020000000000000000e+02 7.430000000000000000e+02
9.010000000000000000e+02 7.420000000000000000e+02
9.010000000000000000e+02 7.420000000000000000e+02
9.010000000000000000e+02 7.420000000000000000e+02
9.010000000000000000e+02 7.420000000000000000e+02
9.020000000000000000e+02 7.420000000000000000e+02
9.020000000000000000e+02 7.430000000000000000e+02
9.020000000000000000e+02 7.430000000000000000e+02
9.030000000000000000e+02 7.430000000000000000e+02
9.020000000000000000e+02 7.430000000000000000e+02
9.020000000000000000e+02 7.440000000000000000e+02
9.000000000000000000e+02 7.440000000000000000e+02
