# frames 101, center=[903, 739], duration=[400, 500], video=browniano sol 2_0
9.030000000000000000e+02 7.390000000000000000e+02
9.030000000000000000e+02 7.390000000000000000e+02
9.030000000000000000e+02 7.390000000000000000e+02
9.030000000000000000e+02 7.390000000000000000e+02
9.030000000000000000e+02 7.390000000000000000e+02
9.020000000000000000e+02 7.380000000000000000e+02
9.020000000000000000e+02 7.390000000000000000e+02
9.020000000000000000e+02 7.390000000000000000e+02
9.010000000000000000e+02 7.390000000000000000e+02
9.010000000000000000e+02 7.380000000000000000e+02
9.010000000000000000e+02 7.390000000000000000e+02
9.010000000000000000e+02 7.390000000000000000e+02
9.010000000000000000e+02 7.390000000000000000e+02
9.010000000000000000e+02 7.390000000000000000e+02
9.020000000000000000e+02 7.390000000000000000e+02
9.010000000000000000e+02 7.390000000000000000e+02
9.010000000000000000e+02 7.390000000000000000e+02
9.010000000000000000e+02 7.390000000000000000e+02
9.010000000000000000e+02 7.390000000000000000e+02
9.010000000000000000e+02 7.390000000000000000e+02
9.010000000000000000e+02 7.390000000000000000e+02
9.000000000000000000e+02 7.390000000000000000e+02
8.990000000000000000e+02 7.390000000000000000e+02
9.000000000000000000e+02 7.390000000000000000e+02
9.000000000000000000e+02 7.390000000000000000e+02
8.990000000000000000e+02 7.380000000000000000e+02
8.990000000000000000e+02 7.380000000000000000e+02
8.990000000000000000e+02 7.370000000000000000e+02
8.990000000000000000e+02 7.380000000000000000e+02
8.990000000000000000e+02 7.380000000000000000e+02
8.980000000000000000e+02 7.380000000000000000e+02
8.980000000000000000e+02 7.380000000000000000e+02
8.980000000000000000e+02 7.380000000000000000e+02
8.980000000000000000e+02 7.380000000000000000e+02
8.980000000000000000e+02 7.370000000000000000e+02
8.990000000000000000e+02 7.370000000000000000e+02
8.990000000000000000e+02 7.360000000000000000e+02
9.000000000000000000e+02 7.360000000000000000e+02
9.000000000000000000e+02 7.350000000000000000e+02
9.010000000000000000e+02 7.350000000000000000e+02
9.000000000000000000e+02 7.340000000000000000e+02
9.000000000000000000e+02 7.340000000000000000e+02
8.990000000000000000e+02 7.340000000000000000e+02
8.990000000000000000e+02 7.340000000000000000e+02
9.000000000000000000e+02 7.340000000000000000e+02
9.000000000000000000e+02 7.350000000000000000e+02
9.010000000000000000e+02 7.350000000000000000e+02
9.010000000000000000e+02 7.350000000000000000e+02
9.010000000000000000e+02 7.360000000000000000e+02
9.010000000000000000e+02 7.360000000000000000e+02
9.010000000000000000e+02 7.350000000000000000e+02
9.000000000000000000e+02 7.340000000000000000e+02
9.010000000000000000e+02 7.350000000000000000e+02
9.010000000000000000e+02 7.350000000000000000e+02
9.000000000000000000e+02 7.360000000000000000e+02
9.000000000000000000e+02 7.360000000000000000e+02
8.990000000000000000e+02 7.350000000000000000e+02
8.990000000000000000e+02 7.350000000000000000e+02
8.990000000000000000e+02 7.350000000000000000e+02
8.990000000000000000e+02 7.350000000000000000e+02
8.990000000000000000e+02 7.360000000000000000e+02
8.990000000000000000e+02 7.360000000000000000e+02
8.990000000000000000e+02 7.360000000000000000e+02
8.990000000000000000e+02 7.360000000000000000e+02
9.000000000000000000e+02 7.360000000000000000e+02
8.990000000000000000e+02 7.360000000000000000e+02
8.990000000000000000e+02 7.360000000000000000e+02
8.990000000000000000e+02 7.350000000000000000e+02
8.990000000000000000e+02 7.350000000000000000e+02
8.980000000000000000e+02 7.350000000000000000e+02
8.990000000000000000e+02 7.350000000000000000e+02
8.990000000000000000e+02 7.350000000000000000e+02
9.000000000000000000e+02 7.350000000000000000e+02
8.990000000000000000e+02 7.350000000000000000e+02
8.990000000000000000e+02 7.340000000000000000e+02
8.990000000000000000e+02 7.350000000000000000e+02
8.990000000000000000e+02 7.340000000000000000e+02
9.000000000000000000e+02 7.330000000000000000e+02
9.000000000000000000e+02 7.340000000000000000e+02
9.000000000000000000e+02 7.340000000000000000e+02
9.010000000000000000e+02 7.330000000000000000e+02
9.010000000000000000e+02 7.330000000000000000e+02
9.010000000000000000e+02 7.320000000000000000e+02
9.020000000000000000e+02 7.320000000000000000e+02
9.020000000000000000e+02 7.320000000000000000e+02
9.010000000000000000e+02 7.330000000000000000e+02
8.990000000000000000e+02 7.330000000000000000e+02
8.990000000000000000e+02 7.310000000000000000e+02
8.990000000000000000e+02 7.320000000000000000e+02
8.980000000000000000e+02 7.320000000000000000e+02
8.980000000000000000e+02 7.310000000000000000e+02
8.980000000000000000e+02 7.310000000000000000e+02
9.000000000000000000e+02 7.300000000000000000e+02
9.000000000000000000e+02 7.310000000000000000e+02
8.990000000000000000e+02 7.310000000000000000e+02
8.990000000000000000e+02 7.310000000000000000e+02
8.990000000000000000e+02 7.300000000000000000e+02
8.990000000000000000e+02 7.300000000000000000e+02
8.990000000000000000e+02 7.300000000000000000e+02
8.990000000000000000e+02 7.290000000000000000e+02
8.990000000000000000e+02 7.290000000000000000e+02
