# frames 101, center=[930, 749], duration=[1100, 1200], video=browniano sol 2_0
9.300000000000000000e+02 7.490000000000000000e+02
9.300000000000000000e+02 7.490000000000000000e+02
9.300000000000000000e+02 7.490000000000000000e+02
9.290000000000000000e+02 7.490000000000000000e+02
9.290000000000000000e+02 7.490000000000000000e+02
9.280000000000000000e+02 7.490000000000000000e+02
9.270000000000000000e+02 7.480000000000000000e+02
9.270000000000000000e+02 7.480000000000000000e+02
9.270000000000000000e+02 7.480000000000000000e+02
9.270000000000000000e+02 7.480000000000000000e+02
9.270000000000000000e+02 7.480000000000000000e+02
9.270000000000000000e+02 7.480000000000000000e+02
9.280000000000000000e+02 7.490000000000000000e+02
9.280000000000000000e+02 7.490000000000000000e+02
9.280000000000000000e+02 7.480000000000000000e+02
9.280000000000000000e+02 7.480000000000000000e+02
9.290000000000000000e+02 7.480000000000000000e+02
9.290000000000000000e+02 7.480000000000000000e+02
9.280000000000000000e+02 7.470000000000000000e+02
9.290000000000000000e+02 7.470000000000000000e+02
9.300000000000000000e+02 7.460000000000000000e+02
9.300000000000000000e+02 7.470000000000000000e+02
9.300000000000000000e+02 7.450000000000000000e+02
9.300000000000000000e+02 7.460000000000000000e+02
9.300000000000000000e+02 7.450000000000000000e+02
9.310000000000000000e+02 7.460000000000000000e+02
9.310000000000000000e+02 7.470000000000000000e+02
9.310000000000000000e+02 7.470000000000000000e+02
9.320000000000000000e+02 7.480000000000000000e+02
9.310000000000000000e+02 7.480000000000000000e+02
9.320000000000000000e+02 7.490000000000000000e+02
9.320000000000000000e+02 7.500000000000000000e+02
9.320000000000000000e+02 7.500000000000000000e+02
9.330000000000000000e+02 7.510000000000000000e+02
9.330000000000000000e+02 7.520000000000000000e+02
9.330000000000000000e+02 7.520000000000000000e+02
9.340000000000000000e+02 7.530000000000000000e+02
9.330000000000000000e+02 7.520000000000000000e+02
9.330000000000000000e+02 7.530000000000000000e+02
9.340000000000000000e+02 7.510000000000000000e+02
9.340000000000000000e+02 7.520000000000000000e+02
9.330000000000000000e+02 7.510000000000000000e+02
9.340000000000000000e+02 7.510000000000000000e+02
9.340000000000000000e+02 7.510000000000000000e+02
9.340000000000000000e+02 7.510000000000000000e+02
9.350000000000000000e+02 7.510000000000000000e+02
9.340000000000000000e+02 7.500000000000000000e+02
9.340000000000000000e+02 7.500000000000000000e+02
9.340000000000000000e+02 7.500000000000000000e+02
9.340000000000000000e+02 7.500000000000000000e+02
9.340000000000000000e+02 7.490000000000000000e+02
9.340000000000000000e+02 7.490000000000000000e+02
9.340000000000000000e+02 7.500000000000000000e+02
9.340000000000000000e+02 7.500000000000000000e+02
9.340000000000000000e+02 7.500000000000000000e+02
9.340000000000000000e+02 7.500000000000000000e+02
9.340000000000000000e+02 7.500000000000000000e+02
9.350000000000000000e+02 7.500000000000000000e+02
9.350000000000000000e+02 7.500000000000000000e+02
9.360000000000000000e+02 7.500000000000000000e+02
9.360000000000000000e+02 7.480000000000000000e+02
9.360000000000000000e+02 7.480000000000000000e+02
9.350000000000000000e+02 7.480000000000000000e+02
9.360000000000000000e+02 7.470000000000000000e+02
9.360000000000000000e+02 7.470000000000000000e+02
9.360000000000000000e+02 7.480000000000000000e+02
9.370000000000000000e+02 7.480000000000000000e+02
9.380000000000000000e+02 7.480000000000000000e+02
9.380000000000000000e+02 7.490000000000000000e+02
9.370000000000000000e+02 7.480000000000000000e+02
9.380000000000000000e+02 7.490000000000000000e+02
9.380000000000000000e+02 7.490000000000000000e+02
9.380000000000000000e+02 7.490000000000000000e+02
9.390000000000000000e+02 7.500000000000000000e+02
9.390000000000000000e+02 7.490000000000000000e+02
9.390000000000000000e+02 7.490000000000000000e+02
9.390000000000000000e+02 7.490000000000000000e+02
9.400000000000000000e+02 7.490000000000000000e+02
9.400000000000000000e+02 7.480000000000000000e+02
9.410000000000000000e+02 7.480000000000000000e+02
9.420000000000000000e+02 7.470000000000000000e+02
9.410000000000000000e+02 7.480000000000000000e+02
9.420000000000000000e+02 7.490000000000000000e+02
9.420000000000000000e+02 7.490000000000000000e+02
9.410000000000000000e+02 7.490000000000000000e+02
9.410000000000000000e+02 7.490000000000000000e+02
9.410000000000000000e+02 7.480000000000000000e+02
9.420000000000000000e+02 7.480000000000000000e+02
9.420000000000000000e+02 7.480000000000000000e+02
9.420000000000000000e+02 7.480000000000000000e+02
9.420000000000000000e+02 7.480000000000000000e+02
9.410000000000000000e+02 7.480000000000000000e+02
9.420000000000000000e+02 7.480000000000000000e+02
9.420000000000000000e+02 7.470000000000000000e+02
9.410000000000000000e+02 7.470000000000000000e+02
9.420000000000000000e+02 7.470000000000000000e+02
9.420000000000000000e+02 7.470000000000000000e+02
9.410000000000000000e+02 7.470000000000000000e+02
9.420000000000000000e+02 7.470000000000000000e+02
9.420000000000000000e+02 7.490000000000000000e+02
9.430000000000000000e+02 7.480000000000000000e+02
