# frames 101, center=[923, 742], duration=[800, 900], video=browniano sol 2_0
9.230000000000000000e+02 7.420000000000000000e+02
9.230000000000000000e+02 7.420000000000000000e+02
9.230000000000000000e+02 7.420000000000000000e+02
9.220000000000000000e+02 7.410000000000000000e+02
9.220000000000000000e+02 7.420000000000000000e+02
9.220000000000000000e+02 7.420000000000000000e+02
9.210000000000000000e+02 7.420000000000000000e+02
9.200000000000000000e+02 7.430000000000000000e+02
9.200000000000000000e+02 7.430000000000000000e+02
9.210000000000000000e+02 7.440000000000000000e+02
9.200000000000000000e+02 7.430000000000000000e+02
9.190000000000000000e+02 7.420000000000000000e+02
9.190000000000000000e+02 7.430000000000000000e+02
9.190000000000000000e+02 7.420000000000000000e+02
9.180000000000000000e+02 7.410000000000000000e+02
9.190000000000000000e+02 7.400000000000000000e+02
9.180000000000000000e+02 7.410000000000000000e+02
9.180000000000000000e+02 7.410000000000000000e+02
9.180000000000000000e+02 7.410000000000000000e+02
9.180000000000000000e+02 7.410000000000000000e+02
9.190000000000000000e+02 7.410000000000000000e+02
9.200000000000000000e+02 7.410000000000000000e+02
9.200000000000000000e+02 7.400000000000000000e+02
9.190000000000000000e+02 7.410000000000000000e+02
9.190000000000000000e+02 7.420000000000000000e+02
9.180000000000000000e+02 7.410000000000000000e+02
9.180000000000000000e+02 7.410000000000000000e+02
9.180000000000000000e+02 7.410000000000000000e+02
9.180000000000000000e+02 7.410000000000000000e+02
9.170000000000000000e+02 7.410000000000000000e+02
9.160000000000000000e+02 7.410000000000000000e+02
9.160000000000000000e+02 7.420000000000000000e+02
9.160000000000000000e+02 7.410000000000000000e+02
9.160000000000000000e+02 7.410000000000000000e+02
9.160000000000000000e+02 7.410000000000000000e+02
9.160000000000000000e+02 7.410000000000000000e+02
9.170000000000000000e+02 7.410000000000000000e+02
9.170000000000000000e+02 7.400000000000000000e+02
9.160000000000000000e+02 7.400000000000000000e+02
9.160000000000000000e+02 7.400000000000000000e+02
9.160000000000000000e+02 7.400000000000000000e+02
9.170000000000000000e+02 7.400000000000000000e+02
9.170000000000000000e+02 7.400000000000000000e+02
9.170000000000000000e+02 7.400000000000000000e+02
9.170000000000000000e+02 7.400000000000000000e+02
9.170000000000000000e+02 7.400000000000000000e+02
9.170000000000000000e+02 7.400000000000000000e+02
9.160000000000000000e+02 7.410000000000000000e+02
9.150000000000000000e+02 7.400000000000000000e+02
9.150000000000000000e+02 7.400000000000000000e+02
9.140000000000000000e+02 7.410000000000000000e+02
9.140000000000000000e+02 7.400000000000000000e+02
9.140000000000000000e+02 7.410000000000000000e+02
9.140000000000000000e+02 7.420000000000000000e+02
9.140000000000000000e+02 7.410000000000000000e+02
9.140000000000000000e+02 7.400000000000000000e+02
9.130000000000000000e+02 7.410000000000000000e+02
9.130000000000000000e+02 7.400000000000000000e+02
9.120000000000000000e+02 7.390000000000000000e+02
9.130000000000000000e+02 7.400000000000000000e+02
9.130000000000000000e+02 7.400000000000000000e+02
9.130000000000000000e+02 7.400000000000000000e+02
9.130000000000000000e+02 7.400000000000000000e+02
9.130000000000000000e+02 7.390000000000000000e+02
9.130000000000000000e+02 7.400000000000000000e+02
9.140000000000000000e+02 7.390000000000000000e+02
9.140000000000000000e+02 7.380000000000000000e+02
9.140000000000000000e+02 7.380000000000000000e+02
9.130000000000000000e+02 7.380000000000000000e+02
9.130000000000000000e+02 7.380000000000000000e+02
9.120000000000000000e+02 7.380000000000000000e+02
9.130000000000000000e+02 7.380000000000000000e+02
9.120000000000000000e+02 7.370000000000000000e+02
9.130000000000000000e+02 7.370000000000000000e+02
9.140000000000000000e+02 7.380000000000000000e+02
9.140000000000000000e+02 7.380000000000000000e+02
9.140000000000000000e+02 7.380000000000000000e+02
9.140000000000000000e+02 7.380000000000000000e+02
9.130000000000000000e+02 7.380000000000000000e+02
9.130000000000000000e+02 7.390000000000000000e+02
9.130000000000000000e+02 7.380000000000000000e+02
9.130000000000000000e+02 7.380000000000000000e+02
9.120000000000000000e+02 7.390000000000000000e+02
9.120000000000000000e+02 7.400000000000000000e+02
9.130000000000000000e+02 7.390000000000000000e+02
9.120000000000000000e+02 7.390000000000000000e+02
9.130000000000000000e+02 7.400000000000000000e+02
9.130000000000000000e+02 7.410000000000000000e+02
9.130000000000000000e+02 7.400000000000000000e+02
9.130000000000000000e+02 7.400000000000000000e+02
9.130000000000000000e+02 7.390000000000000000e+02
9.130000000000000000e+02 7.390000000000000000e+02
9.140000000000000000e+02 7.400000000000000000e+02
9.130000000000000000e+02 7.400000000000000000e+02
9.140000000000000000e+02 7.390000000000000000e+02
9.130000000000000000e+02 7.400000000000000000e+02
9.130000000000000000e+02 7.400000000000000000e+02
9.120000000000000000e+02 7.400000000000000000e+02
9.120000000000000000e+02 7.390000000000000000e+02
9.120000000000000000e+02 7.390000000000000000e+02
9.110000000000000000e+02 7.400000000000000000e+02
