# frames 101, center=[908, 739], duration=[900, 1000], video=browniano sol 2_0
9.080000000000000000e+02 7.390000000000000000e+02
9.080000000000000000e+02 7.390000000000000000e+02
9.080000000000000000e+02 7.390000000000000000e+02
9.080000000000000000e+02 7.380000000000000000e+02
9.070000000000000000e+02 7.390000000000000000e+02
9.070000000000000000e+02 7.390000000000000000e+02
9.080000000000000000e+02 7.380000000000000000e+02
9.080000000000000000e+02 7.370000000000000000e+02
9.090000000000000000e+02 7.360000000000000000e+02
9.100000000000000000e+02 7.370000000000000000e+02
9.100000000000000000e+02 7.380000000000000000e+02
9.110000000000000000e+02 7.380000000000000000e+02
9.110000000000000000e+02 7.380000000000000000e+02
9.100000000000000000e+02 7.370000000000000000e+02
9.110000000000000000e+02 7.370000000000000000e+02
9.100000000000000000e+02 7.380000000000000000e+02
9.110000000000000000e+02 7.380000000000000000e+02
9.120000000000000000e+02 7.380000000000000000e+02
9.120000000000000000e+02 7.370000000000000000e+02
9.120000000000000000e+02 7.380000000000000000e+02
9.110000000000000000e+02 7.380000000000000000e+02
9.120000000000000000e+02 7.390000000000000000e+02
9.120000000000000000e+02 7.390000000000000000e+02
9.120000000000000000e+02 7.400000000000000000e+02
9.120000000000000000e+02 7.410000000000000000e+02
9.130000000000000000e+02 7.410000000000000000e+02
9.130000000000000000e+02 7.400000000000000000e+02
9.120000000000000000e+02 7.400000000000000000e+02
9.120000000000000000e+02 7.410000000000000000e+02
9.130000000000000000e+02 7.400000000000000000e+02
9.130000000000000000e+02 7.410000000000000000e+02
9.130000000000000000e+02 7.410000000000000000e+02
9.130000000000000000e+02 7.410000000000000000e+02
9.130000000000000000e+02 7.410000000000000000e+02
9.120000000000000000e+02 7.430000000000000000e+02
9.140000000000000000e+02 7.430000000000000000e+02
9.140000000000000000e+02 7.430000000000000000e+02
9.140000000000000000e+02 7.410000000000000000e+02
9.140000000000000000e+02 7.420000000000000000e+02
9.140000000000000000e+02 7.420000000000000000e+02
9.150000000000000000e+02 7.410000000000000000e+02
9.160000000000000000e+02 7.410000000000000000e+02
9.170000000000000000e+02 7.420000000000000000e+02
9.170000000000000000e+02 7.420000000000000000e+02
9.190000000000000000e+02 7.420000000000000000e+02
9.200000000000000000e+02 7.420000000000000000e+02
9.200000000000000000e+02 7.420000000000000000e+02
9.200000000000000000e+02 7.430000000000000000e+02
9.190000000000000000e+02 7.430000000000000000e+02
9.180000000000000000e+02 7.430000000000000000e+02
9.180000000000000000e+02 7.440000000000000000e+02
9.170000000000000000e+02 7.430000000000000000e+02
9.170000000000000000e+02 7.440000000000000000e+02
9.170000000000000000e+02 7.440000000000000000e+02
9.180000000000000000e+02 7.430000000000000000e+02
9.180000000000000000e+02 7.430000000000000000e+02
9.180000000000000000e+02 7.430000000000000000e+02
9.190000000000000000e+02 7.430000000000000000e+02
9.190000000000000000e+02 7.430000000000000000e+02
9.190000000000000000e+02 7.430000000000000000e+02
9.180000000000000000e+02 7.430000000000000000e+02
9.190000000000000000e+02 7.440000000000000000e+02
9.190000000000000000e+02 7.440000000000000000e+02
9.200000000000000000e+02 7.440000000000000000e+02
9.190000000000000000e+02 7.440000000000000000e+02
9.210000000000000000e+02 7.440000000000000000e+02
9.210000000000000000e+02 7.450000000000000000e+02
9.220000000000000000e+02 7.440000000000000000e+02
9.220000000000000000e+02 7.440000000000000000e+02
9.220000000000000000e+02 7.440000000000000000e+02
9.220000000000000000e+02 7.450000000000000000e+02
9.220000000000000000e+02 7.440000000000000000e+02
9.220000000000000000e+02 7.430000000000000000e+02
9.240000000000000000e+02 7.440000000000000000e+02
9.240000000000000000e+02 7.450000000000000000e+02
9.250000000000000000e+02 7.440000000000000000e+02
9.250000000000000000e+02 7.430000000000000000e+02
9.250000000000000000e+02 7.440000000000000000e+02
9.270000000000000000e+02 7.430000000000000000e+02
9.280000000000000000e+02 7.430000000000000000e+02
9.290000000000000000e+02 7.430000000000000000e+02
9.290000000000000000e+02 7.440000000000000000e+02
9.290000000000000000e+02 7.440000000000000000e+02
9.290000000000000000e+02 7.450000000000000000e+02
9.280000000000000000e+02 7.450000000000000000e+02
9.280000000000000000e+02 7.460000000000000000e+02
9.290000000000000000e+02 7.450000000000000000e+02
9.300000000000000000e+02 7.450000000000000000e+02
9.290000000000000000e+02 7.450000000000000000e+02
9.280000000000000000e+02 7.450000000000000000e+02
9.300000000000000000e+02 7.450000000000000000e+02
9.290000000000000000e+02 7.450000000000000000e+02
9.290000000000000000e+02 7.460000000000000000e+02
9.300000000000000000e+02 7.470000000000000000e+02
9.280000000000000000e+02 7.470000000000000000e+02
9.290000000000000000e+02 7.470000000000000000e+02
9.290000000000000000e+02 7.480000000000000000e+02
9.290000000000000000e+02 7.480000000000000000e+02
9.300000000000000000e+02 7.470000000000000000e+02
9.290000000000000000e+02 7.470000000000000000e+02
9.300000000000000000e+02 7.470000000000000000e+02
