# frames 101, center=[919, 739], duration=[700, 800], video=browniano sol 2_0
9.190000000000000000e+02 7.390000000000000000e+02
9.190000000000000000e+02 7.390000000000000000e+02
9.190000000000000000e+02 7.390000000000000000e+02
9.200000000000000000e+02 7.400000000000000000e+02
9.190000000000000000e+02 7.390000000000000000e+02
9.190000000000000000e+02 7.390000000000000000e+02
9.190000000000000000e+02 7.390000000000000000e+02
9.190000000000000000e+02 7.390000000000000000e+02
9.190000000000000000e+02 7.390000000000000000e+02
9.190000000000000000e+02 7.390000000000000000e+02
9.190000000000000000e+02 7.390000000000000000e+02
9.200000000000000000e+02 7.380000000000000000e+02
9.200000000000000000e+02 7.390000000000000000e+02
9.200000000000000000e+02 7.380000000000000000e+02
9.200000000000000000e+02 7.400000000000000000e+02
9.200000000000000000e+02 7.400000000000000000e+02
9.200000000000000000e+02 7.400000000000000000e+02
9.200000000000000000e+02 7.390000000000000000e+02
9.210000000000000000e+02 7.390000000000000000e+02
9.210000000000000000e+02 7.390000000000000000e+02
9.210000000000000000e+02 7.390000000000000000e+02
9.210000000000000000e+02 7.390000000000000000e+02
9.210000000000000000e+02 7.390000000000000000e+02
9.210000000000000000e+02 7.400000000000000000e+02
9.210000000000000000e+02 7.400000000000000000e+02
9.200000000000000000e+02 7.400000000000000000e+02
9.210000000000000000e+02 7.400000000000000000e+02
9.210000000000000000e+02 7.390000000000000000e+02
9.210000000000000000e+02 7.380000000000000000e+02
9.220000000000000000e+02 7.380000000000000000e+02
9.230000000000000000e+02 7.370000000000000000e+02
9.230000000000000000e+02 7.380000000000000000e+02
9.240000000000000000e+02 7.380000000000000000e+02
9.230000000000000000e+02 7.360000000000000000e+02
9.240000000000000000e+02 7.370000000000000000e+02
9.240000000000000000e+02 7.380000000000000000e+02
9.240000000000000000e+02 7.380000000000000000e+02
9.240000000000000000e+02 7.380000000000000000e+02
9.230000000000000000e+02 7.390000000000000000e+02
9.230000000000000000e+02 7.390000000000000000e+02
9.210000000000000000e+02 7.390000000000000000e+02
9.210000000000000000e+02 7.380000000000000000e+02
9.210000000000000000e+02 7.380000000000000000e+02
9.220000000000000000e+02 7.380000000000000000e+02
9.220000000000000000e+02 7.370000000000000000e+02
9.220000000000000000e+02 7.380000000000000000e+02
9.220000000000000000e+02 7.380000000000000000e+02
9.230000000000000000e+02 7.390000000000000000e+02
9.220000000000000000e+02 7.380000000000000000e+02
9.220000000000000000e+02 7.390000000000000000e+02
9.210000000000000000e+02 7.390000000000000000e+02
9.210000000000000000e+02 7.390000000000000000e+02
9.220000000000000000e+02 7.400000000000000000e+02
9.210000000000000000e+02 7.390000000000000000e+02
9.210000000000000000e+02 7.390000000000000000e+02
9.210000000000000000e+02 7.410000000000000000e+02
9.210000000000000000e+02 7.410000000000000000e+02
9.210000000000000000e+02 7.410000000000000000e+02
9.210000000000000000e+02 7.420000000000000000e+02
9.220000000000000000e+02 7.440000000000000000e+02
9.210000000000000000e+02 7.430000000000000000e+02
9.210000000000000000e+02 7.430000000000000000e+02
9.230000000000000000e+02 7.430000000000000000e+02
9.230000000000000000e+02 7.430000000000000000e+02
9.230000000000000000e+02 7.430000000000000000e+02
9.230000000000000000e+02 7.430000000000000000e+02
9.240000000000000000e+02 7.420000000000000000e+02
9.250000000000000000e+02 7.410000000000000000e+02
9.230000000000000000e+02 7.430000000000000000e+02
9.230000000000000000e+02 7.430000000000000000e+02
9.230000000000000000e+02 7.440000000000000000e+02
9.230000000000000000e+02 7.430000000000000000e+02
9.230000000000000000e+02 7.430000000000000000e+02
9.230000000000000000e+02 7.420000000000000000e+02
9.220000000000000000e+02 7.420000000000000000e+02
9.210000000000000000e+02 7.420000000000000000e+02
9.210000000000000000e+02 7.420000000000000000e+02
9.220000000000000000e+02 7.420000000000000000e+02
9.210000000000000000e+02 7.430000000000000000e+02
9.220000000000000000e+02 7.430000000000000000e+02
9.230000000000000000e+02 7.430000000000000000e+02
9.230000000000000000e+02 7.420000000000000000e+02
9.230000000000000000e+02 7.410000000000000000e+02
9.230000000000000000e+02 7.410000000000000000e+02
9.230000000000000000e+02 7.410000000000000000e+02
9.240000000000000000e+02 7.400000000000000000e+02
9.230000000000000000e+02 7.410000000000000000e+02
9.240000000000000000e+02 7.420000000000000000e+02
9.240000000000000000e+02 7.420000000000000000e+02
9.250000000000000000e+02 7.430000000000000000e+02
9.250000000000000000e+02 7.440000000000000000e+02
9.240000000000000000e+02 7.430000000000000000e+02
9.240000000000000000e+02 7.430000000000000000e+02
9.240000000000000000e+02 7.420000000000000000e+02
9.240000000000000000e+02 7.430000000000000000e+02
9.250000000000000000e+02 7.430000000000000000e+02
9.240000000000000000e+02 7.440000000000000000e+02
9.230000000000000000e+02 7.420000000000000000e+02
9.220000000000000000e+02 7.430000000000000000e+02
9.230000000000000000e+02 7.430000000000000000e+02
9.220000000000000000e+02 7.430000000000000000e+02
