# frames 101, center=[901, 738], duration=[300, 400], video=browniano sol 2_0
9.010000000000000000e+02 7.380000000000000000e+02
9.010000000000000000e+02 7.380000000000000000e+02
9.010000000000000000e+02 7.380000000000000000e+02
9.000000000000000000e+02 7.380000000000000000e+02
9.010000000000000000e+02 7.370000000000000000e+02
9.010000000000000000e+02 7.370000000000000000e+02
9.000000000000000000e+02 7.380000000000000000e+02
9.010000000000000000e+02 7.380000000000000000e+02
9.000000000000000000e+02 7.380000000000000000e+02
9.000000000000000000e+02 7.370000000000000000e+02
9.010000000000000000e+02 7.370000000000000000e+02
9.020000000000000000e+02 7.380000000000000000e+02
9.010000000000000000e+02 7.380000000000000000e+02
9.010000000000000000e+02 7.380000000000000000e+02
9.020000000000000000e+02 7.370000000000000000e+02
9.010000000000000000e+02 7.350000000000000000e+02
9.010000000000000000e+02 7.360000000000000000e+02
9.000000000000000000e+02 7.350000000000000000e+02
8.990000000000000000e+02 7.350000000000000000e+02
8.980000000000000000e+02 7.350000000000000000e+02
8.980000000000000000e+02 7.350000000000000000e+02
8.980000000000000000e+02 7.350000000000000000e+02
8.970000000000000000e+02 7.350000000000000000e+02
8.970000000000000000e+02 7.360000000000000000e+02
8.970000000000000000e+02 7.360000000000000000e+02
8.970000000000000000e+02 7.360000000000000000e+02
8.970000000000000000e+02 7.370000000000000000e+02
8.980000000000000000e+02 7.370000000000000000e+02
8.980000000000000000e+02 7.370000000000000000e+02
8.970000000000000000e+02 7.380000000000000000e+02
8.970000000000000000e+02 7.380000000000000000e+02
8.960000000000000000e+02 7.370000000000000000e+02
8.970000000000000000e+02 7.360000000000000000e+02
8.960000000000000000e+02 7.360000000000000000e+02
8.970000000000000000e+02 7.360000000000000000e+02
8.960000000000000000e+02 7.360000000000000000e+02
8.960000000000000000e+02 7.360000000000000000e+02
8.960000000000000000e+02 7.360000000000000000e+02
8.960000000000000000e+02 7.370000000000000000e+02
8.960000000000000000e+02 7.370000000000000000e+02
8.960000000000000000e+02 7.370000000000000000e+02
8.950000000000000000e+02 7.370000000000000000e+02
8.950000000000000000e+02 7.360000000000000000e+02
8.940000000000000000e+02 7.360000000000000000e+02
8.930000000000000000e+02 7.370000000000000000e+02
8.940000000000000000e+02 7.370000000000000000e+02
8.940000000000000000e+02 7.380000000000000000e+02
8.940000000000000000e+02 7.370000000000000000e+02
8.950000000000000000e+02 7.380000000000000000e+02
8.950000000000000000e+02 7.390000000000000000e+02
8.950000000000000000e+02 7.380000000000000000e+02
8.950000000000000000e+02 7.380000000000000000e+02
8.950000000000000000e+02 7.380000000000000000e+02
8.960000000000000000e+02 7.380000000000000000e+02
8.970000000000000000e+02 7.380000000000000000e+02
8.970000000000000000e+02 7.380000000000000000e+02
8.970000000000000000e+02 7.380000000000000000e+02
8.970000000000000000e+02 7.380000000000000000e+02
8.980000000000000000e+02 7.370000000000000000e+02
8.970000000000000000e+02 7.380000000000000000e+02
8.980000000000000000e+02 7.380000000000000000e+02
8.980000000000000000e+02 7.380000000000000000e+02
8.990000000000000000e+02 7.390000000000000000e+02
8.990000000000000000e+02 7.390000000000000000e+02
9.000000000000000000e+02 7.400000000000000000e+02
9.000000000000000000e+02 7.400000000000000000e+02
9.000000000000000000e+02 7.400000000000000000e+02
9.000000000000000000e+02 7.390000000000000000e+02
9.010000000000000000e+02 7.390000000000000000e+02
9.010000000000000000e+02 7.390000000000000000e+02
9.020000000000000000e+02 7.400000000000000000e+02
9.010000000000000000e+02 7.400000000000000000e+02
9.020000000000000000e+02 7.400000000000000000e+02
9.010000000000000000e+02 7.400000000000000000e+02
9.020000000000000000e+02 7.400000000000000000e+02
9.020000000000000000e+02 7.390000000000000000e+02
9.010000000000000000e+02 7.380000000000000000e+02
9.020000000000000000e+02 7.390000000000000000e+02
9.020000000000000000e+02 7.390000000000000000e+02
9.020000000000000000e+02 7.380000000000000000e+02
9.030000000000000000e+02 7.390000000000000000e+02
9.030000000000000000e+02 7.400000000000000000e+02
9.030000000000000000e+02 7.390000000000000000e+02
9.020000000000000000e+02 7.390000000000000000e+02
9.030000000000000000e+02 7.390000000000000000e+02
9.030000000000000000e+02 7.390000000000000000e+02
9.030000000000000000e+02 7.390000000000000000e+02
9.030000000000000000e+02 7.380000000000000000e+02
9.040000000000000000e+02 7.390000000000000000e+02
9.030000000000000000e+02 7.380000000000000000e+02
9.040000000000000000e+02 7.390000000000000000e+02
9.040000000000000000e+02 7.390000000000000000e+02
9.050000000000000000e+02 7.380000000000000000e+02
9.050000000000000000e+02 7.380000000000000000e+02
9.040000000000000000e+02 7.380000000000000000e+02
9.050000000000000000e+02 7.390000000000000000e+02
9.040000000000000000e+02 7.390000000000000000e+02
9.040000000000000000e+02 7.390000000000000000e+02
9.040000000000000000e+02 7.390000000000000000e+02
9.030000000000000000e+02 7.400000000000000000e+02
9.040000000000000000e+02 7.390000000000000000e+02
