# frames 101, center=[932, 749], duration=[1000, 1100], video=browniano sol 2_0
9.320000000000000000e+02 7.490000000000000000e+02
9.320000000000000000e+02 7.490000000000000000e+02
9.320000000000000000e+02 7.490000000000000000e+02
9.330000000000000000e+02 7.480000000000000000e+02
9.340000000000000000e+02 7.480000000000000000e+02
9.330000000000000000e+02 7.460000000000000000e+02
9.330000000000000000e+02 7.460000000000000000e+02
9.330000000000000000e+02 7.470000000000000000e+02
9.340000000000000000e+02 7.470000000000000000e+02
9.340000000000000000e+02 7.480000000000000000e+02
9.340000000000000000e+02 7.470000000000000000e+02
9.340000000000000000e+02 7.480000000000000000e+02
9.330000000000000000e+02 7.490000000000000000e+02
9.320000000000000000e+02 7.490000000000000000e+02
9.320000000000000000e+02 7.490000000000000000e+02
9.320000000000000000e+02 7.500000000000000000e+02
9.320000000000000000e+02 7.490000000000000000e+02
9.310000000000000000e+02 7.490000000000000000e+02
9.320000000000000000e+02 7.490000000000000000e+02
9.310000000000000000e+02 7.500000000000000000e+02
9.300000000000000000e+02 7.490000000000000000e+02
9.300000000000000000e+02 7.490000000000000000e+02
9.280000000000000000e+02 7.490000000000000000e+02
9.280000000000000000e+02 7.490000000000000000e+02
9.270000000000000000e+02 7.500000000000000000e+02
9.280000000000000000e+02 7.500000000000000000e+02
9.280000000000000000e+02 7.490000000000000000e+02
9.280000000000000000e+02 7.490000000000000000e+02
9.270000000000000000e+02 7.490000000000000000e+02
9.280000000000000000e+02 7.500000000000000000e+02
9.280000000000000000e+02 7.490000000000000000e+02
9.290000000000000000e+02 7.490000000000000000e+02
9.280000000000000000e+02 7.490000000000000000e+02
9.280000000000000000e+02 7.480000000000000000e+02
9.280000000000000000e+02 7.480000000000000000e+02
9.280000000000000000e+02 7.490000000000000000e+02
9.280000000000000000e+02 7.490000000000000000e+02
9.290000000000000000e+02 7.490000000000000000e+02
9.300000000000000000e+02 7.490000000000000000e+02
9.290000000000000000e+02 7.490000000000000000e+02
9.290000000000000000e+02 7.490000000000000000e+02
9.290000000000000000e+02 7.480000000000000000e+02
9.290000000000000000e+02 7.490000000000000000e+02
9.280000000000000000e+02 7.490000000000000000e+02
9.290000000000000000e+02 7.490000000000000000e+02
9.290000000000000000e+02 7.470000000000000000e+02
9.300000000000000000e+02 7.460000000000000000e+02
9.310000000000000000e+02 7.460000000000000000e+02
9.300000000000000000e+02 7.460000000000000000e+02
9.300000000000000000e+02 7.460000000000000000e+02
9.290000000000000000e+02 7.460000000000000000e+02
9.290000000000000000e+02 7.460000000000000000e+02
9.280000000000000000e+02 7.470000000000000000e+02
9.290000000000000000e+02 7.460000000000000000e+02
9.300000000000000000e+02 7.470000000000000000e+02
9.290000000000000000e+02 7.470000000000000000e+02
9.280000000000000000e+02 7.470000000000000000e+02
9.280000000000000000e+02 7.480000000000000000e+02
9.290000000000000000e+02 7.470000000000000000e+02
9.290000000000000000e+02 7.470000000000000000e+02
9.300000000000000000e+02 7.470000000000000000e+02
9.300000000000000000e+02 7.460000000000000000e+02
9.300000000000000000e+02 7.460000000000000000e+02
9.310000000000000000e+02 7.460000000000000000e+02
9.300000000000000000e+02 7.460000000000000000e+02
9.300000000000000000e+02 7.470000000000000000e+02
9.290000000000000000e+02 7.460000000000000000e+02
9.310000000000000000e+02 7.470000000000000000e+02
9.310000000000000000e+02 7.470000000000000000e+02
9.320000000000000000e+02 7.470000000000000000e+02
9.310000000000000000e+02 7.470000000000000000e+02
9.300000000000000000e+02 7.460000000000000000e+02
9.280000000000000000e+02 7.470000000000000000e+02
9.290000000000000000e+02 7.470000000000000000e+02
9.290000000000000000e+02 7.480000000000000000e+02
9.290000000000000000e+02 7.480000000000000000e+02
9.300000000000000000e+02 7.490000000000000000e+02
9.300000000000000000e+02 7.490000000000000000e+02
9.290000000000000000e+02 7.480000000000000000e+02
9.290000000000000000e+02 7.480000000000000000e+02
9.280000000000000000e+02 7.480000000000000000e+02
9.290000000000000000e+02 7.480000000000000000e+02
9.280000000000000000e+02 7.480000000000000000e+02
9.290000000000000000e+02 7.480000000000000000e+02
9.290000000000000000e+02 7.490000000000000000e+02
9.300000000000000000e+02 7.500000000000000000e+02
9.300000000000000000e+02 7.490000000000000000e+02
9.300000000000000000e+02 7.500000000000000000e+02
9.300000000000000000e+02 7.510000000000000000e+02
9.290000000000000000e+02 7.500000000000000000e+02
9.300000000000000000e+02 7.500000000000000000e+02
9.300000000000000000e+02 7.510000000000000000e+02
9.300000000000000000e+02 7.510000000000000000e+02
9.320000000000000000e+02 7.500000000000000000e+02
9.320000000000000000e+02 7.500000000000000000e+02
9.320000000000000000e+02 7.500000000000000000e+02
9.320000000000000000e+02 7.500000000000000000e+02
9.320000000000000000e+02 7.500000000000000000e+02
9.310000000000000000e+02 7.500000000000000000e+02
9.330000000000000000e+02 7.500000000000000000e+02
9.310000000000000000e+02 7.490000000000000000e+02
