# frames 101, center=[898, 731], duration=[500, 600], video=browniano sol 2_0
8.980000000000000000e+02 7.310000000000000000e+02
8.980000000000000000e+02 7.310000000000000000e+02
8.980000000000000000e+02 7.310000000000000000e+02
8.980000000000000000e+02 7.310000000000000000e+02
8.980000000000000000e+02 7.310000000000000000e+02
8.970000000000000000e+02 7.320000000000000000e+02
8.980000000000000000e+02 7.330000000000000000e+02
8.970000000000000000e+02 7.320000000000000000e+02
8.980000000000000000e+02 7.310000000000000000e+02
8.980000000000000000e+02 7.310000000000000000e+02
8.980000000000000000e+02 7.310000000000000000e+02
8.980000000000000000e+02 7.320000000000000000e+02
8.980000000000000000e+02 7.320000000000000000e+02
8.980000000000000000e+02 7.320000000000000000e+02
8.970000000000000000e+02 7.320000000000000000e+02
8.970000000000000000e+02 7.320000000000000000e+02
8.960000000000000000e+02 7.330000000000000000e+02
8.970000000000000000e+02 7.330000000000000000e+02
8.980000000000000000e+02 7.330000000000000000e+02
8.980000000000000000e+02 7.330000000000000000e+02
8.970000000000000000e+02 7.340000000000000000e+02
8.980000000000000000e+02 7.340000000000000000e+02
8.970000000000000000e+02 7.350000000000000000e+02
8.980000000000000000e+02 7.360000000000000000e+02
8.980000000000000000e+02 7.360000000000000000e+02
8.980000000000000000e+02 7.350000000000000000e+02
8.980000000000000000e+02 7.360000000000000000e+02
8.980000000000000000e+02 7.360000000000000000e+02
8.990000000000000000e+02 7.370000000000000000e+02
9.000000000000000000e+02 7.370000000000000000e+02
9.000000000000000000e+02 7.370000000000000000e+02
9.010000000000000000e+02 7.370000000000000000e+02
9.010000000000000000e+02 7.360000000000000000e+02
9.000000000000000000e+02 7.370000000000000000e+02
9.010000000000000000e+02 7.370000000000000000e+02
9.010000000000000000e+02 7.380000000000000000e+02
9.000000000000000000e+02 7.380000000000000000e+02
9.000000000000000000e+02 7.380000000000000000e+02
9.020000000000000000e+02 7.380000000000000000e+02
9.020000000000000000e+02 7.380000000000000000e+02
9.020000000000000000e+02 7.380000000000000000e+02
9.020000000000000000e+02 7.380000000000000000e+02
9.010000000000000000e+02 7.370000000000000000e+02
9.010000000000000000e+02 7.380000000000000000e+02
9.010000000000000000e+02 7.380000000000000000e+02
9.010000000000000000e+02 7.380000000000000000e+02
9.020000000000000000e+02 7.380000000000000000e+02
9.020000000000000000e+02 7.380000000000000000e+02
9.020000000000000000e+02 7.370000000000000000e+02
9.020000000000000000e+02 7.370000000000000000e+02
9.010000000000000000e+02 7.360000000000000000e+02
9.030000000000000000e+02 7.360000000000000000e+02
9.030000000000000000e+02 7.350000000000000000e+02
9.030000000000000000e+02 7.340000000000000000e+02
9.030000000000000000e+02 7.340000000000000000e+02
9.030000000000000000e+02 7.340000000000000000e+02
9.040000000000000000e+02 7.350000000000000000e+02
9.040000000000000000e+02 7.340000000000000000e+02
9.040000000000000000e+02 7.340000000000000000e+02
9.040000000000000000e+02 7.340000000000000000e+02
9.040000000000000000e+02 7.350000000000000000e+02
9.030000000000000000e+02 7.350000000000000000e+02
9.030000000000000000e+02 7.360000000000000000e+02
9.030000000000000000e+02 7.370000000000000000e+02
9.030000000000000000e+02 7.370000000000000000e+02
9.030000000000000000e+02 7.370000000000000000e+02
9.030000000000000000e+02 7.360000000000000000e+02
9.040000000000000000e+02 7.370000000000000000e+02
9.050000000000000000e+02 7.360000000000000000e+02
9.040000000000000000e+02 7.360000000000000000e+02
9.060000000000000000e+02 7.350000000000000000e+02
9.060000000000000000e+02 7.360000000000000000e+02
9.050000000000000000e+02 7.360000000000000000e+02
9.060000000000000000e+02 7.360000000000000000e+02
9.060000000000000000e+02 7.360000000000000000e+02
9.070000000000000000e+02 7.350000000000000000e+02
9.060000000000000000e+02 7.350000000000000000e+02
9.080000000000000000e+02 7.350000000000000000e+02
9.070000000000000000e+02 7.330000000000000000e+02
9.080000000000000000e+02 7.330000000000000000e+02
9.060000000000000000e+02 7.330000000000000000e+02
9.050000000000000000e+02 7.330000000000000000e+02
9.050000000000000000e+02 7.330000000000000000e+02
9.040000000000000000e+02 7.330000000000000000e+02
9.050000000000000000e+02 7.330000000000000000e+02
9.050000000000000000e+02 7.340000000000000000e+02
9.060000000000000000e+02 7.340000000000000000e+02
9.060000000000000000e+02 7.330000000000000000e+02
9.060000000000000000e+02 7.330000000000000000e+02
9.060000000000000000e+02 7.330000000000000000e+02
9.060000000000000000e+02 7.340000000000000000e+02
9.060000000000000000e+02 7.330000000000000000e+02
9.060000000000000000e+02 7.330000000000000000e+02
9.070000000000000000e+02 7.340000000000000000e+02
9.070000000000000000e+02 7.330000000000000000e+02
9.070000000000000000e+02 7.320000000000000000e+02
9.070000000000000000e+02 7.320000000000000000e+02
9.060000000000000000e+02 7.330000000000000000e+02
9.060000000000000000e+02 7.330000000000000000e+02
9.060000000000000000e+02 7.340000000000000000e+02
9.060000000000000000e+02 7.330000000000000000e+02
