# frames 101, center=[906, 734], duration=[600, 700], video=browniano sol 2_0
9.060000000000000000e+02 7.340000000000000000e+02
9.060000000000000000e+02 7.340000000000000000e+02
9.060000000000000000e+02 7.340000000000000000e+02
9.060000000000000000e+02 7.350000000000000000e+02
9.040000000000000000e+02 7.360000000000000000e+02
9.050000000000000000e+02 7.360000000000000000e+02
9.060000000000000000e+02 7.360000000000000000e+02
9.060000000000000000e+02 7.360000000000000000e+02
9.060000000000000000e+02 7.370000000000000000e+02
9.060000000000000000e+02 7.360000000000000000e+02
9.050000000000000000e+02 7.370000000000000000e+02
9.060000000000000000e+02 7.360000000000000000e+02
9.050000000000000000e+02 7.350000000000000000e+02
9.050000000000000000e+02 7.350000000000000000e+02
9.060000000000000000e+02 7.350000000000000000e+02
9.060000000000000000e+02 7.360000000000000000e+02
9.070000000000000000e+02 7.370000000000000000e+02
9.070000000000000000e+02 7.380000000000000000e+02
9.070000000000000000e+02 7.390000000000000000e+02
9.070000000000000000e+02 7.390000000000000000e+02
9.080000000000000000e+02 7.390000000000000000e+02
9.070000000000000000e+02 7.390000000000000000e+02
9.070000000000000000e+02 7.390000000000000000e+02
9.070000000000000000e+02 7.380000000000000000e+02
9.080000000000000000e+02 7.390000000000000000e+02
9.070000000000000000e+02 7.390000000000000000e+02
9.070000000000000000e+02 7.390000000000000000e+02
9.070000000000000000e+02 7.390000000000000000e+02
9.070000000000000000e+02 7.390000000000000000e+02
9.080000000000000000e+02 7.400000000000000000e+02
9.070000000000000000e+02 7.400000000000000000e+02
9.070000000000000000e+02 7.390000000000000000e+02
9.070000000000000000e+02 7.390000000000000000e+02
9.080000000000000000e+02 7.390000000000000000e+02
9.090000000000000000e+02 7.390000000000000000e+02
9.090000000000000000e+02 7.380000000000000000e+02
9.100000000000000000e+02 7.380000000000000000e+02
9.100000000000000000e+02 7.380000000000000000e+02
9.090000000000000000e+02 7.390000000000000000e+02
9.090000000000000000e+02 7.370000000000000000e+02
9.100000000000000000e+02 7.380000000000000000e+02
9.080000000000000000e+02 7.380000000000000000e+02
9.090000000000000000e+02 7.380000000000000000e+02
9.100000000000000000e+02 7.380000000000000000e+02
9.100000000000000000e+02 7.370000000000000000e+02
9.090000000000000000e+02 7.370000000000000000e+02
9.090000000000000000e+02 7.380000000000000000e+02
9.090000000000000000e+02 7.370000000000000000e+02
9.090000000000000000e+02 7.380000000000000000e+02
9.090000000000000000e+02 7.370000000000000000e+02
9.090000000000000000e+02 7.370000000000000000e+02
9.100000000000000000e+02 7.380000000000000000e+02
9.100000000000000000e+02 7.380000000000000000e+02
9.110000000000000000e+02 7.380000000000000000e+02
9.110000000000000000e+02 7.370000000000000000e+02
9.120000000000000000e+02 7.370000000000000000e+02
9.120000000000000000e+02 7.370000000000000000e+02
9.110000000000000000e+02 7.370000000000000000e+02
9.130000000000000000e+02 7.380000000000000000e+02
9.130000000000000000e+02 7.380000000000000000e+02
9.140000000000000000e+02 7.390000000000000000e+02
9.140000000000000000e+02 7.390000000000000000e+02
9.130000000000000000e+02 7.400000000000000000e+02
9.140000000000000000e+02 7.400000000000000000e+02
9.140000000000000000e+02 7.390000000000000000e+02
9.150000000000000000e+02 7.380000000000000000e+02
9.150000000000000000e+02 7.370000000000000000e+02
9.160000000000000000e+02 7.370000000000000000e+02
9.160000000000000000e+02 7.370000000000000000e+02
9.160000000000000000e+02 7.370000000000000000e+02
9.170000000000000000e+02 7.370000000000000000e+02
9.160000000000000000e+02 7.360000000000000000e+02
9.150000000000000000e+02 7.370000000000000000e+02
9.170000000000000000e+02 7.370000000000000000e+02
9.170000000000000000e+02 7.370000000000000000e+02
9.180000000000000000e+02 7.370000000000000000e+02
9.180000000000000000e+02 7.370000000000000000e+02
9.170000000000000000e+02 7.370000000000000000e+02
9.180000000000000000e+02 7.380000000000000000e+02
9.170000000000000000e+02 7.390000000000000000e+02
9.180000000000000000e+02 7.390000000000000000e+02
9.190000000000000000e+02 7.390000000000000000e+02
9.190000000000000000e+02 7.390000000000000000e+02
9.180000000000000000e+02 7.390000000000000000e+02
9.180000000000000000e+02 7.390000000000000000e+02
9.170000000000000000e+02 7.390000000000000000e+02
9.170000000000000000e+02 7.390000000000000000e+02
9.180000000000000000e+02 7.390000000000000000e+02
9.180000000000000000e+02 7.390000000000000000e+02
9.180000000000000000e+02 7.400000000000000000e+02
9.180000000000000000e+02 7.410000000000000000e+02
9.190000000000000000e+02 7.410000000000000000e+02
9.180000000000000000e+02 7.410000000000000000e+02
9.190000000000000000e+02 7.410000000000000000e+02
9.190000000000000000e+02 7.410000000000000000e+02
9.190000000000000000e+02 7.410000000000000000e+02
9.180000000000000000e+02 7.420000000000000000e+02
9.180000000000000000e+02 7.420000000000000000e+02
9.180000000000000000e+02 7.410000000000000000e+02
9.180000000000000000e+02 7.410000000000000000e+02
9.180000000000000000e+02 7.420000000000000000e+02
