# frames 101, center=[897, 737], duration=[0, 100], video=browniano sol 2_0
8.970000000000000000e+02 7.370000000000000000e+02
8.970000000000000000e+02 7.370000000000000000e+02
8.970000000000000000e+02 7.370000000000000000e+02
8.970000000000000000e+02 7.370000000000000000e+02
8.970000000000000000e+02 7.380000000000000000e+02
8.970000000000000000e+02 7.390000000000000000e+02
8.960000000000000000e+02 7.380000000000000000e+02
8.970000000000000000e+02 7.370000000000000000e+02
8.970000000000000000e+02 7.370000000000000000e+02
8.970000000000000000e+02 7.370000000000000000e+02
8.970000000000000000e+02 7.370000000000000000e+02
8.970000000000000000e+02 7.360000000000000000e+02
8.980000000000000000e+02 7.360000000000000000e+02
8.980000000000000000e+02 7.360000000000000000e+02
8.970000000000000000e+02 7.370000000000000000e+02
8.970000000000000000e+02 7.370000000000000000e+02
8.960000000000000000e+02 7.380000000000000000e+02
8.960000000000000000e+02 7.380000000000000000e+02
8.970000000000000000e+02 7.390000000000000000e+02
8.960000000000000000e+02 7.390000000000000000e+02
8.970000000000000000e+02 7.390000000000000000e+02
8.960000000000000000e+02 7.380000000000000000e+02
8.970000000000000000e+02 7.380000000000000000e+02
8.970000000000000000e+02 7.390000000000000000e+02
8.960000000000000000e+02 7.380000000000000000e+02
8.960000000000000000e+02 7.370000000000000000e+02
8.970000000000000000e+02 7.380000000000000000e+02
8.970000000000000000e+02 7.380000000000000000e+02
8.970000000000000000e+02 7.390000000000000000e+02
8.960000000000000000e+02 7.380000000000000000e+02
8.960000000000000000e+02 7.380000000000000000e+02
8.960000000000000000e+02 7.370000000000000000e+02
8.970000000000000000e+02 7.380000000000000000e+02
8.970000000000000000e+02 7.380000000000000000e+02
8.970000000000000000e+02 7.370000000000000000e+02
8.970000000000000000e+02 7.380000000000000000e+02
8.980000000000000000e+02 7.380000000000000000e+02
8.980000000000000000e+02 7.390000000000000000e+02
8.990000000000000000e+02 7.390000000000000000e+02
8.990000000000000000e+02 7.390000000000000000e+02
8.990000000000000000e+02 7.390000000000000000e+02
8.990000000000000000e+02 7.390000000000000000e+02
8.990000000000000000e+02 7.410000000000000000e+02
8.990000000000000000e+02 7.390000000000000000e+02
8.990000000000000000e+02 7.390000000000000000e+02
8.980000000000000000e+02 7.400000000000000000e+02
8.990000000000000000e+02 7.390000000000000000e+02
8.990000000000000000e+02 7.400000000000000000e+02
8.980000000000000000e+02 7.400000000000000000e+02
8.980000000000000000e+02 7.400000000000000000e+02
8.990000000000000000e+02 7.410000000000000000e+02
8.990000000000000000e+02 7.410000000000000000e+02
8.990000000000000000e+02 7.410000000000000000e+02
8.990000000000000000e+02 7.420000000000000000e+02
8.990000000000000000e+02 7.420000000000000000e+02
8.980000000000000000e+02 7.430000000000000000e+02
9.000000000000000000e+02 7.420000000000000000e+02
8.980000000000000000e+02 7.410000000000000000e+02
8.990000000000000000e+02 7.410000000000000000e+02
8.990000000000000000e+02 7.420000000000000000e+02
8.990000000000000000e+02 7.430000000000000000e+02
8.990000000000000000e+02 7.430000000000000000e+02
9.000000000000000000e+02 7.430000000000000000e+02
8.990000000000000000e+02 7.430000000000000000e+02
8.990000000000000000e+02 7.430000000000000000e+02
9.000000000000000000e+02 7.440000000000000000e+02
9.000000000000000000e+02 7.430000000000000000e+02
9.010000000000000000e+02 7.430000000000000000e+02
8.990000000000000000e+02 7.420000000000000000e+02
8.990000000000000000e+02 7.420000000000000000e+02
9.000000000000000000e+02 7.420000000000000000e+02
9.010000000000000000e+02 7.430000000000000000e+02
9.010000000000000000e+02 7.420000000000000000e+02
9.010000000000000000e+02 7.420000000000000000e+02
9.010000000000000000e+02 7.420000000000000000e+02
9.020000000000000000e+02 7.420000000000000000e+02
9.020000000000000000e+02 7.420000000000000000e+02
9.010000000000000000e+02 7.410000000000000000e+02
9.020000000000000000e+02 7.410000000000000000e+02
9.020000000000000000e+02 7.420000000000000000e+02
9.020000000000000000e+02 7.430000000000000000e+02
9.010000000000000000e+02 7.430000000000000000e+02
9.010000000000000000e+02 7.430000000000000000e+02
9.010000000000000000e+02 7.430000000000000000e+02
9.000000000000000000e+02 7.430000000000000000e+02
9.000000000000000000e+02 7.430000000000000000e+02
8.990000000000000000e+02 7.430000000000000000e+02
8.990000000000000000e+02 7.430000000000000000e+02
8.990000000000000000e+02 7.440000000000000000e+02
8.990000000000000000e+02 7.430000000000000000e+02
8.990000000000000000e+02 7.440000000000000000e+02
9.000000000000000000e+02 7.430000000000000000e+02
9.000000000000000000e+02 7.430000000000000000e+02
9.000000000000000000e+02 7.430000000000000000e+02
8.990000000000000000e+02 7.430000000000000000e+02
9.000000000000000000e+02 7.420000000000000000e+02
9.000000000000000000e+02 7.420000000000000000e+02
9.000000000000000000e+02 7.400000000000000000e+02
8.990000000000000000e+02 7.400000000000000000e+02
9.000000000000000000e+02 7.400000000000000000e+02
8.990000000000000000e+02 7.400000000000000000e+02
