# frames 101, center=[94, 261], duration=[100, 200], video=browniano sol 2_0
9.400000000000000000e+01 2.610000000000000000e+02
9.400000000000000000e+01 2.610000000000000000e+02
9.400000000000000000e+01 2.610000000000000000e+02
9.500000000000000000e+01 2.610000000000000000e+02
9.400000000000000000e+01 2.610000000000000000e+02
9.500000000000000000e+01 2.620000000000000000e+02
9.600000000000000000e+01 2.620000000000000000e+02
9.600000000000000000e+01 2.610000000000000000e+02
9.600000000000000000e+01 2.600000000000000000e+02
9.600000000000000000e+01 2.600000000000000000e+02
9.500000000000000000e+01 2.600000000000000000e+02
9.600000000000000000e+01 2.610000000000000000e+02
9.500000000000000000e+01 2.610000000000000000e+02
9.500000000000000000e+01 2.610000000000000000e+02
9.400000000000000000e+01 2.600000000000000000e+02
9.500000000000000000e+01 2.590000000000000000e+02
9.500000000000000000e+01 2.590000000000000000e+02
9.500000000000000000e+01 2.600000000000000000e+02
9.500000000000000000e+01 2.600000000000000000e+02
9.400000000000000000e+01 2.600000000000000000e+02
9.400000000000000000e+01 2.600000000000000000e+02
9.300000000000000000e+01 2.600000000000000000e+02
9.300000000000000000e+01 2.600000000000000000e+02
9.300000000000000000e+01 2.600000000000000000e+02
9.400000000000000000e+01 2.610000000000000000e+02
9.400000000000000000e+01 2.620000000000000000e+02
9.300000000000000000e+01 2.620000000000000000e+02
9.300000000000000000e+01 2.620000000000000000e+02
9.400000000000000000e+01 2.630000000000000000e+02
9.600000000000000000e+01 2.630000000000000000e+02
9.600000000000000000e+01 2.620000000000000000e+02
9.500000000000000000e+01 2.610000000000000000e+02
9.400000000000000000e+01 2.610000000000000000e+02
9.300000000000000000e+01 2.610000000000000000e+02
9.400000000000000000e+01 2.610000000000000000e+02
9.400000000000000000e+01 2.620000000000000000e+02
9.500000000000000000e+01 2.620000000000000000e+02
9.400000000000000000e+01 2.630000000000000000e+02
9.500000000000000000e+01 2.620000000000000000e+02
9.500000000000000000e+01 2.610000000000000000e+02
9.400000000000000000e+01 2.610000000000000000e+02
9.500000000000000000e+01 2.620000000000000000e+02
9.400000000000000000e+01 2.610000000000000000e+02
9.500000000000000000e+01 2.600000000000000000e+02
9.400000000000000000e+01 2.610000000000000000e+02
9.300000000000000000e+01 2.610000000000000000e+02
9.400000000000000000e+01 2.610000000000000000e+02
9.200000000000000000e+01 2.600000000000000000e+02
9.200000000000000000e+01 2.590000000000000000e+02
9.300000000000000000e+01 2.600000000000000000e+02
9.300000000000000000e+01 2.610000000000000000e+02
9.400000000000000000e+01 2.610000000000000000e+02
9.600000000000000000e+01 2.610000000000000000e+02
9.500000000000000000e+01 2.610000000000000000e+02
9.500000000000000000e+01 2.600000000000000000e+02
9.500000000000000000e+01 2.600000000000000000e+02
9.600000000000000000e+01 2.610000000000000000e+02
9.600000000000000000e+01 2.610000000000000000e+02
9.600000000000000000e+01 2.610000000000000000e+02
9.800000000000000000e+01 2.600000000000000000e+02
9.700000000000000000e+01 2.600000000000000000e+02
9.700000000000000000e+01 2.590000000000000000e+02
9.700000000000000000e+01 2.580000000000000000e+02
9.600000000000000000e+01 2.580000000000000000e+02
9.600000000000000000e+01 2.580000000000000000e+02
9.600000000000000000e+01 2.600000000000000000e+02
9.600000000000000000e+01 2.590000000000000000e+02
9.600000000000000000e+01 2.570000000000000000e+02
9.700000000000000000e+01 2.570000000000000000e+02
9.700000000000000000e+01 2.570000000000000000e+02
9.600000000000000000e+01 2.570000000000000000e+02
9.700000000000000000e+01 2.580000000000000000e+02
9.800000000000000000e+01 2.590000000000000000e+02
9.700000000000000000e+01 2.580000000000000000e+02
9.700000000000000000e+01 2.580000000000000000e+02
9.600000000000000000e+01 2.580000000000000000e+02
9.600000000000000000e+01 2.580000000000000000e+02
9.600000000000000000e+01 2.570000000000000000e+02
9.500000000000000000e+01 2.570000000000000000e+02
9.500000000000000000e+01 2.580000000000000000e+02
9.500000000000000000e+01 2.590000000000000000e+02
9.600000000000000000e+01 2.590000000000000000e+02
9.600000000000000000e+01 2.590000000000000000e+02
9.700000000000000000e+01 2.600000000000000000e+02
9.700000000000000000e+01 2.600000000000000000e+02
9.700000000000000000e+01 2.600000000000000000e+02
9.700000000000000000e+01 2.600000000000000000e+02
9.700000000000000000e+01 2.600000000000000000e+02
9.700000000000000000e+01 2.600000000000000000e+02
9.500000000000000000e+01 2.600000000000000000e+02
9.500000000000000000e+01 2.590000000000000000e+02
9.400000000000000000e+01 2.590000000000000000e+02
9.500000000000000000e+01 2.600000000000000000e+02
9.500000000000000000e+01 2.610000000000000000e+02
9.600000000000000000e+01 2.590000000000000000e+02
9.500000000000000000e+01 2.600000000000000000e+02
9.500000000000000000e+01 2.600000000000000000e+02
9.600000000000000000e+01 2.590000000000000000e+02
9.500000000000000000e+01 2.600000000000000000e+02
9.400000000000000000e+01 2.590000000000000000e+02
9.300000000000000000e+01 2.600000000000000000e+02
