# frames 101, center=[97, 221], duration=[1000, 1100], video=browniano sol 2_0
9.700000000000000000e+01 2.210000000000000000e+02
9.700000000000000000e+01 2.210000000000000000e+02
9.700000000000000000e+01 2.210000000000000000e+02
9.700000000000000000e+01 2.220000000000000000e+02
9.800000000000000000e+01 2.210000000000000000e+02
9.700000000000000000e+01 2.220000000000000000e+02
9.700000000000000000e+01 2.200000000000000000e+02
9.800000000000000000e+01 2.200000000000000000e+02
9.800000000000000000e+01 2.200000000000000000e+02
9.700000000000000000e+01 2.200000000000000000e+02
9.700000000000000000e+01 2.200000000000000000e+02
9.800000000000000000e+01 2.210000000000000000e+02
9.800000000000000000e+01 2.200000000000000000e+02
9.800000000000000000e+01 2.200000000000000000e+02
9.700000000000000000e+01 2.200000000000000000e+02
9.700000000000000000e+01 2.210000000000000000e+02
9.800000000000000000e+01 2.200000000000000000e+02
9.700000000000000000e+01 2.190000000000000000e+02
9.800000000000000000e+01 2.190000000000000000e+02
9.700000000000000000e+01 2.210000000000000000e+02
9.600000000000000000e+01 2.210000000000000000e+02
9.600000000000000000e+01 2.210000000000000000e+02
9.700000000000000000e+01 2.210000000000000000e+02
9.600000000000000000e+01 2.210000000000000000e+02
9.800000000000000000e+01 2.200000000000000000e+02
9.700000000000000000e+01 2.210000000000000000e+02
9.700000000000000000e+01 2.210000000000000000e+02
9.800000000000000000e+01 2.210000000000000000e+02
9.800000000000000000e+01 2.200000000000000000e+02
9.800000000000000000e+01 2.210000000000000000e+02
9.800000000000000000e+01 2.210000000000000000e+02
9.900000000000000000e+01 2.210000000000000000e+02
1.000000000000000000e+02 2.240000000000000000e+02
1.010000000000000000e+02 2.240000000000000000e+02
1.010000000000000000e+02 2.240000000000000000e+02
1.020000000000000000e+02 2.240000000000000000e+02
1.030000000000000000e+02 2.240000000000000000e+02
1.030000000000000000e+02 2.240000000000000000e+02
1.020000000000000000e+02 2.250000000000000000e+02
1.040000000000000000e+02 2.230000000000000000e+02
1.060000000000000000e+02 2.210000000000000000e+02
1.070000000000000000e+02 2.200000000000000000e+02
1.090000000000000000e+02 2.200000000000000000e+02
1.090000000000000000e+02 2.200000000000000000e+02
1.100000000000000000e+02 2.190000000000000000e+02
1.100000000000000000e+02 2.190000000000000000e+02
1.100000000000000000e+02 2.200000000000000000e+02
1.090000000000000000e+02 2.200000000000000000e+02
1.080000000000000000e+02 2.190000000000000000e+02
1.090000000000000000e+02 2.190000000000000000e+02
1.090000000000000000e+02 2.180000000000000000e+02
1.080000000000000000e+02 2.180000000000000000e+02
1.080000000000000000e+02 2.180000000000000000e+02
1.080000000000000000e+02 2.180000000000000000e+02
1.090000000000000000e+02 2.180000000000000000e+02
1.080000000000000000e+02 2.190000000000000000e+02
1.080000000000000000e+02 2.180000000000000000e+02
1.090000000000000000e+02 2.180000000000000000e+02
1.090000000000000000e+02 2.190000000000000000e+02
1.080000000000000000e+02 2.190000000000000000e+02
1.080000000000000000e+02 2.210000000000000000e+02
1.080000000000000000e+02 2.210000000000000000e+02
1.080000000000000000e+02 2.220000000000000000e+02
1.080000000000000000e+02 2.230000000000000000e+02
1.080000000000000000e+02 2.220000000000000000e+02
1.100000000000000000e+02 2.210000000000000000e+02
1.110000000000000000e+02 2.210000000000000000e+02
1.100000000000000000e+02 2.200000000000000000e+02
1.100000000000000000e+02 2.210000000000000000e+02
1.090000000000000000e+02 2.210000000000000000e+02
1.080000000000000000e+02 2.200000000000000000e+02
1.070000000000000000e+02 2.210000000000000000e+02
1.080000000000000000e+02 2.220000000000000000e+02
1.060000000000000000e+02 2.230000000000000000e+02
1.070000000000000000e+02 2.230000000000000000e+02
1.070000000000000000e+02 2.210000000000000000e+02
1.070000000000000000e+02 2.220000000000000000e+02
1.070000000000000000e+02 2.220000000000000000e+02
1.070000000000000000e+02 2.210000000000000000e+02
1.060000000000000000e+02 2.220000000000000000e+02
1.070000000000000000e+02 2.230000000000000000e+02
1.060000000000000000e+02 2.220000000000000000e+02
1.060000000000000000e+02 2.230000000000000000e+02
1.070000000000000000e+02 2.220000000000000000e+02
1.070000000000000000e+02 2.220000000000000000e+02
1.060000000000000000e+02 2.210000000000000000e+02
1.060000000000000000e+02 2.210000000000000000e+02
1.070000000000000000e+02 2.210000000000000000e+02
1.090000000000000000e+02 2.200000000000000000e+02
1.090000000000000000e+02 2.200000000000000000e+02
1.090000000000000000e+02 2.210000000000000000e+02
1.100000000000000000e+02 2.210000000000000000e+02
1.100000000000000000e+02 2.220000000000000000e+02
1.110000000000000000e+02 2.210000000000000000e+02
1.110000000000000000e+02 2.210000000000000000e+02
1.110000000000000000e+02 2.210000000000000000e+02
1.110000000000000000e+02 2.210000000000000000e+02
1.110000000000000000e+02 2.190000000000000000e+02
1.110000000000000000e+02 2.180000000000000000e+02
1.120000000000000000e+02 2.180000000000000000e+02
1.130000000000000000e+02 2.170000000000000000e+02
