# frames 101, center=[106, 246], duration=[700, 800], video=browniano sol 2_0
1.060000000000000000e+02 2.460000000000000000e+02
1.060000000000000000e+02 2.460000000000000000e+02
1.060000000000000000e+02 2.460000000000000000e+02
1.060000000000000000e+02 2.460000000000000000e+02
1.070000000000000000e+02 2.460000000000000000e+02
1.080000000000000000e+02 2.470000000000000000e+02
1.080000000000000000e+02 2.460000000000000000e+02
1.070000000000000000e+02 2.470000000000000000e+02
1.080000000000000000e+02 2.470000000000000000e+02
1.090000000000000000e+02 2.470000000000000000e+02
1.070000000000000000e+02 2.470000000000000000e+02
1.080000000000000000e+02 2.470000000000000000e+02
1.090000000000000000e+02 2.480000000000000000e+02
1.090000000000000000e+02 2.470000000000000000e+02
1.090000000000000000e+02 2.470000000000000000e+02
1.080000000000000000e+02 2.470000000000000000e+02
1.080000000000000000e+02 2.470000000000000000e+02
1.080000000000000000e+02 2.480000000000000000e+02
1.070000000000000000e+02 2.480000000000000000e+02
1.080000000000000000e+02 2.460000000000000000e+02
1.090000000000000000e+02 2.470000000000000000e+02
1.090000000000000000e+02 2.470000000000000000e+02
1.090000000000000000e+02 2.460000000000000000e+02
1.100000000000000000e+02 2.450000000000000000e+02
1.100000000000000000e+02 2.450000000000000000e+02
1.080000000000000000e+02 2.450000000000000000e+02
1.110000000000000000e+02 2.450000000000000000e+02
1.110000000000000000e+02 2.450000000000000000e+02
1.110000000000000000e+02 2.450000000000000000e+02
1.110000000000000000e+02 2.460000000000000000e+02
1.120000000000000000e+02 2.460000000000000000e+02
1.110000000000000000e+02 2.440000000000000000e+02
1.120000000000000000e+02 2.450000000000000000e+02
1.110000000000000000e+02 2.450000000000000000e+02
1.110000000000000000e+02 2.450000000000000000e+02
1.100000000000000000e+02 2.450000000000000000e+02
1.110000000000000000e+02 2.450000000000000000e+02
1.110000000000000000e+02 2.430000000000000000e+02
1.110000000000000000e+02 2.430000000000000000e+02
1.110000000000000000e+02 2.430000000000000000e+02
1.110000000000000000e+02 2.430000000000000000e+02
1.110000000000000000e+02 2.420000000000000000e+02
1.120000000000000000e+02 2.410000000000000000e+02
1.110000000000000000e+02 2.410000000000000000e+02
1.120000000000000000e+02 2.400000000000000000e+02
1.130000000000000000e+02 2.410000000000000000e+02
1.130000000000000000e+02 2.420000000000000000e+02
1.140000000000000000e+02 2.410000000000000000e+02
1.130000000000000000e+02 2.410000000000000000e+02
1.140000000000000000e+02 2.410000000000000000e+02
1.150000000000000000e+02 2.410000000000000000e+02
1.140000000000000000e+02 2.420000000000000000e+02
1.140000000000000000e+02 2.410000000000000000e+02
1.140000000000000000e+02 2.420000000000000000e+02
1.140000000000000000e+02 2.420000000000000000e+02
1.150000000000000000e+02 2.410000000000000000e+02
1.150000000000000000e+02 2.430000000000000000e+02
1.140000000000000000e+02 2.420000000000000000e+02
1.140000000000000000e+02 2.410000000000000000e+02
1.140000000000000000e+02 2.400000000000000000e+02
1.130000000000000000e+02 2.410000000000000000e+02
1.110000000000000000e+02 2.410000000000000000e+02
1.120000000000000000e+02 2.410000000000000000e+02
1.130000000000000000e+02 2.410000000000000000e+02
1.130000000000000000e+02 2.420000000000000000e+02
1.120000000000000000e+02 2.410000000000000000e+02
1.120000000000000000e+02 2.410000000000000000e+02
1.130000000000000000e+02 2.410000000000000000e+02
1.140000000000000000e+02 2.400000000000000000e+02
1.140000000000000000e+02 2.410000000000000000e+02
1.130000000000000000e+02 2.400000000000000000e+02
1.130000000000000000e+02 2.390000000000000000e+02
1.120000000000000000e+02 2.380000000000000000e+02
1.130000000000000000e+02 2.380000000000000000e+02
1.130000000000000000e+02 2.380000000000000000e+02
1.130000000000000000e+02 2.370000000000000000e+02
1.120000000000000000e+02 2.380000000000000000e+02
1.130000000000000000e+02 2.370000000000000000e+02
1.140000000000000000e+02 2.370000000000000000e+02
1.130000000000000000e+02 2.390000000000000000e+02
1.140000000000000000e+02 2.390000000000000000e+02
1.140000000000000000e+02 2.390000000000000000e+02
1.140000000000000000e+02 2.380000000000000000e+02
1.140000000000000000e+02 2.390000000000000000e+02
1.130000000000000000e+02 2.390000000000000000e+02
1.120000000000000000e+02 2.380000000000000000e+02
1.120000000000000000e+02 2.370000000000000000e+02
1.130000000000000000e+02 2.360000000000000000e+02
1.120000000000000000e+02 2.360000000000000000e+02
1.120000000000000000e+02 2.370000000000000000e+02
1.140000000000000000e+02 2.360000000000000000e+02
1.140000000000000000e+02 2.360000000000000000e+02
1.150000000000000000e+02 2.360000000000000000e+02
1.140000000000000000e+02 2.360000000000000000e+02
1.130000000000000000e+02 2.360000000000000000e+02
1.130000000000000000e+02 2.350000000000000000e+02
1.140000000000000000e+02 2.340000000000000000e+02
1.140000000000000000e+02 2.340000000000000000e+02
1.140000000000000000e+02 2.340000000000000000e+02
1.140000000000000000e+02 2.340000000000000000e+02
1.130000000000000000e+02 2.330000000000000000e+02
