# frames 101, center=[113, 215], duration=[1100, 1200], video=browniano sol 2_0
1.130000000000000000e+02 2.150000000000000000e+02
1.130000000000000000e+02 2.150000000000000000e+02
1.130000000000000000e+02 2.150000000000000000e+02
1.130000000000000000e+02 2.150000000000000000e+02
1.130000000000000000e+02 2.160000000000000000e+02
1.140000000000000000e+02 2.150000000000000000e+02
1.150000000000000000e+02 2.150000000000000000e+02
1.150000000000000000e+02 2.150000000000000000e+02
1.160000000000000000e+02 2.160000000000000000e+02
1.150000000000000000e+02 2.170000000000000000e+02
1.150000000000000000e+02 2.160000000000000000e+02
1.140000000000000000e+02 2.160000000000000000e+02
1.140000000000000000e+02 2.160000000000000000e+02
1.130000000000000000e+02 2.170000000000000000e+02
1.130000000000000000e+02 2.170000000000000000e+02
1.130000000000000000e+02 2.160000000000000000e+02
1.130000000000000000e+02 2.170000000000000000e+02
1.130000000000000000e+02 2.170000000000000000e+02
1.130000000000000000e+02 2.160000000000000000e+02
1.120000000000000000e+02 2.150000000000000000e+02
1.120000000000000000e+02 2.160000000000000000e+02
1.110000000000000000e+02 2.170000000000000000e+02
1.100000000000000000e+02 2.160000000000000000e+02
1.110000000000000000e+02 2.150000000000000000e+02
1.110000000000000000e+02 2.150000000000000000e+02
1.130000000000000000e+02 2.150000000000000000e+02
1.130000000000000000e+02 2.150000000000000000e+02
1.120000000000000000e+02 2.140000000000000000e+02
1.120000000000000000e+02 2.150000000000000000e+02
1.130000000000000000e+02 2.140000000000000000e+02
1.130000000000000000e+02 2.130000000000000000e+02
1.130000000000000000e+02 2.130000000000000000e+02
1.130000000000000000e+02 2.120000000000000000e+02
1.130000000000000000e+02 2.130000000000000000e+02
1.120000000000000000e+02 2.120000000000000000e+02
1.130000000000000000e+02 2.100000000000000000e+02
1.130000000000000000e+02 2.110000000000000000e+02
1.140000000000000000e+02 2.110000000000000000e+02
1.150000000000000000e+02 2.110000000000000000e+02
1.150000000000000000e+02 2.110000000000000000e+02
1.140000000000000000e+02 2.130000000000000000e+02
1.140000000000000000e+02 2.140000000000000000e+02
1.130000000000000000e+02 2.130000000000000000e+02
1.140000000000000000e+02 2.130000000000000000e+02
1.140000000000000000e+02 2.120000000000000000e+02
1.130000000000000000e+02 2.110000000000000000e+02
1.120000000000000000e+02 2.110000000000000000e+02
1.120000000000000000e+02 2.110000000000000000e+02
1.120000000000000000e+02 2.110000000000000000e+02
1.110000000000000000e+02 2.090000000000000000e+02
1.120000000000000000e+02 2.100000000000000000e+02
1.130000000000000000e+02 2.090000000000000000e+02
1.120000000000000000e+02 2.110000000000000000e+02
1.120000000000000000e+02 2.120000000000000000e+02
1.120000000000000000e+02 2.130000000000000000e+02
1.110000000000000000e+02 2.130000000000000000e+02
1.120000000000000000e+02 2.130000000000000000e+02
1.110000000000000000e+02 2.130000000000000000e+02
1.120000000000000000e+02 2.120000000000000000e+02
1.120000000000000000e+02 2.120000000000000000e+02
1.130000000000000000e+02 2.130000000000000000e+02
1.130000000000000000e+02 2.130000000000000000e+02
1.150000000000000000e+02 2.130000000000000000e+02
1.150000000000000000e+02 2.110000000000000000e+02
1.140000000000000000e+02 2.120000000000000000e+02
1.140000000000000000e+02 2.120000000000000000e+02
1.140000000000000000e+02 2.100000000000000000e+02
1.140000000000000000e+02 2.100000000000000000e+02
1.130000000000000000e+02 2.090000000000000000e+02
1.140000000000000000e+02 2.090000000000000000e+02
1.150000000000000000e+02 2.090000000000000000e+02
1.150000000000000000e+02 2.100000000000000000e+02
1.140000000000000000e+02 2.100000000000000000e+02
1.150000000000000000e+02 2.100000000000000000e+02
1.160000000000000000e+02 2.110000000000000000e+02
1.160000000000000000e+02 2.110000000000000000e+02
1.160000000000000000e+02 2.100000000000000000e+02
1.150000000000000000e+02 2.110000000000000000e+02
1.160000000000000000e+02 2.110000000000000000e+02
1.150000000000000000e+02 2.120000000000000000e+02
1.170000000000000000e+02 2.100000000000000000e+02
1.170000000000000000e+02 2.100000000000000000e+02
1.180000000000000000e+02 2.100000000000000000e+02
1.170000000000000000e+02 2.100000000000000000e+02
1.170000000000000000e+02 2.110000000000000000e+02
1.160000000000000000e+02 2.120000000000000000e+02
1.160000000000000000e+02 2.110000000000000000e+02
1.170000000000000000e+02 2.110000000000000000e+02
1.170000000000000000e+02 2.130000000000000000e+02
1.160000000000000000e+02 2.130000000000000000e+02
1.170000000000000000e+02 2.130000000000000000e+02
1.160000000000000000e+02 2.130000000000000000e+02
1.170000000000000000e+02 2.130000000000000000e+02
1.170000000000000000e+02 2.130000000000000000e+02
1.170000000000000000e+02 2.130000000000000000e+02
1.160000000000000000e+02 2.140000000000000000e+02
1.170000000000000000e+02 2.140000000000000000e+02
1.160000000000000000e+02 2.140000000000000000e+02
1.160000000000000000e+02 2.140000000000000000e+02
1.160000000000000000e+02 2.150000000000000000e+02
1.150000000000000000e+02 2.140000000000000000e+02
