# frames 101, center=[90, 247], duration=[400, 500], video=browniano sol 2_0
9.000000000000000000e+01 2.470000000000000000e+02
9.000000000000000000e+01 2.470000000000000000e+02
9.000000000000000000e+01 2.470000000000000000e+02
9.000000000000000000e+01 2.470000000000000000e+02
9.000000000000000000e+01 2.470000000000000000e+02
9.000000000000000000e+01 2.480000000000000000e+02
9.100000000000000000e+01 2.490000000000000000e+02
9.000000000000000000e+01 2.480000000000000000e+02
8.800000000000000000e+01 2.480000000000000000e+02
8.800000000000000000e+01 2.480000000000000000e+02
8.800000000000000000e+01 2.470000000000000000e+02
8.800000000000000000e+01 2.470000000000000000e+02
8.700000000000000000e+01 2.480000000000000000e+02
8.700000000000000000e+01 2.470000000000000000e+02
8.900000000000000000e+01 2.470000000000000000e+02
8.900000000000000000e+01 2.460000000000000000e+02
8.900000000000000000e+01 2.450000000000000000e+02
8.900000000000000000e+01 2.460000000000000000e+02
8.900000000000000000e+01 2.460000000000000000e+02
8.900000000000000000e+01 2.460000000000000000e+02
8.900000000000000000e+01 2.470000000000000000e+02
8.900000000000000000e+01 2.460000000000000000e+02
8.900000000000000000e+01 2.450000000000000000e+02
9.000000000000000000e+01 2.460000000000000000e+02
9.200000000000000000e+01 2.460000000000000000e+02
9.100000000000000000e+01 2.470000000000000000e+02
9.200000000000000000e+01 2.470000000000000000e+02
9.200000000000000000e+01 2.470000000000000000e+02
9.200000000000000000e+01 2.470000000000000000e+02
9.200000000000000000e+01 2.490000000000000000e+02
9.200000000000000000e+01 2.480000000000000000e+02
9.100000000000000000e+01 2.470000000000000000e+02
9.100000000000000000e+01 2.480000000000000000e+02
9.200000000000000000e+01 2.480000000000000000e+02
9.200000000000000000e+01 2.470000000000000000e+02
9.200000000000000000e+01 2.470000000000000000e+02
9.100000000000000000e+01 2.470000000000000000e+02
9.200000000000000000e+01 2.460000000000000000e+02
9.200000000000000000e+01 2.460000000000000000e+02
9.100000000000000000e+01 2.470000000000000000e+02
9.100000000000000000e+01 2.480000000000000000e+02
9.100000000000000000e+01 2.480000000000000000e+02
9.100000000000000000e+01 2.480000000000000000e+02
9.100000000000000000e+01 2.480000000000000000e+02
9.200000000000000000e+01 2.470000000000000000e+02
9.100000000000000000e+01 2.480000000000000000e+02
9.200000000000000000e+01 2.470000000000000000e+02
9.100000000000000000e+01 2.470000000000000000e+02
9.100000000000000000e+01 2.470000000000000000e+02
9.100000000000000000e+01 2.460000000000000000e+02
9.200000000000000000e+01 2.470000000000000000e+02
9.100000000000000000e+01 2.460000000000000000e+02
9.300000000000000000e+01 2.480000000000000000e+02
9.100000000000000000e+01 2.480000000000000000e+02
9.100000000000000000e+01 2.480000000000000000e+02
9.100000000000000000e+01 2.480000000000000000e+02
9.100000000000000000e+01 2.480000000000000000e+02
9.000000000000000000e+01 2.490000000000000000e+02
9.000000000000000000e+01 2.490000000000000000e+02
9.000000000000000000e+01 2.500000000000000000e+02
9.000000000000000000e+01 2.500000000000000000e+02
9.100000000000000000e+01 2.500000000000000000e+02
9.200000000000000000e+01 2.500000000000000000e+02
9.200000000000000000e+01 2.510000000000000000e+02
9.200000000000000000e+01 2.510000000000000000e+02
9.200000000000000000e+01 2.500000000000000000e+02
9.100000000000000000e+01 2.500000000000000000e+02
9.200000000000000000e+01 2.490000000000000000e+02
9.200000000000000000e+01 2.490000000000000000e+02
9.100000000000000000e+01 2.500000000000000000e+02
9.200000000000000000e+01 2.510000000000000000e+02
9.200000000000000000e+01 2.510000000000000000e+02
9.200000000000000000e+01 2.510000000000000000e+02
9.400000000000000000e+01 2.510000000000000000e+02
9.300000000000000000e+01 2.510000000000000000e+02
9.300000000000000000e+01 2.520000000000000000e+02
9.200000000000000000e+01 2.520000000000000000e+02
9.200000000000000000e+01 2.510000000000000000e+02
9.200000000000000000e+01 2.510000000000000000e+02
9.200000000000000000e+01 2.510000000000000000e+02
9.100000000000000000e+01 2.510000000000000000e+02
9.100000000000000000e+01 2.510000000000000000e+02
9.200000000000000000e+01 2.510000000000000000e+02
9.200000000000000000e+01 2.500000000000000000e+02
9.300000000000000000e+01 2.520000000000000000e+02
9.200000000000000000e+01 2.520000000000000000e+02
9.200000000000000000e+01 2.520000000000000000e+02
9.200000000000000000e+01 2.520000000000000000e+02
9.300000000000000000e+01 2.530000000000000000e+02
9.200000000000000000e+01 2.540000000000000000e+02
9.200000000000000000e+01 2.550000000000000000e+02
9.200000000000000000e+01 2.540000000000000000e+02
9.200000000000000000e+01 2.540000000000000000e+02
9.200000000000000000e+01 2.530000000000000000e+02
9.100000000000000000e+01 2.530000000000000000e+02
9.100000000000000000e+01 2.520000000000000000e+02
9.100000000000000000e+01 2.520000000000000000e+02
9.100000000000000000e+01 2.530000000000000000e+02
9.100000000000000000e+01 2.540000000000000000e+02
9.200000000000000000e+01 2.530000000000000000e+02
9.200000000000000000e+01 2.530000000000000000e+02
