# frames 101, center=[115, 234], duration=[800, 900], video=browniano sol 2_0
1.150000000000000000e+02 2.340000000000000000e+02
1.150000000000000000e+02 2.340000000000000000e+02
1.150000000000000000e+02 2.340000000000000000e+02
1.150000000000000000e+02 2.340000000000000000e+02
1.140000000000000000e+02 2.340000000000000000e+02
1.140000000000000000e+02 2.350000000000000000e+02
1.140000000000000000e+02 2.350000000000000000e+02
1.140000000000000000e+02 2.360000000000000000e+02
1.140000000000000000e+02 2.370000000000000000e+02
1.150000000000000000e+02 2.370000000000000000e+02
1.140000000000000000e+02 2.370000000000000000e+02
1.140000000000000000e+02 2.370000000000000000e+02
1.140000000000000000e+02 2.360000000000000000e+02
1.150000000000000000e+02 2.360000000000000000e+02
1.150000000000000000e+02 2.350000000000000000e+02
1.130000000000000000e+02 2.350000000000000000e+02
1.130000000000000000e+02 2.360000000000000000e+02
1.120000000000000000e+02 2.360000000000000000e+02
1.130000000000000000e+02 2.360000000000000000e+02
1.130000000000000000e+02 2.350000000000000000e+02
1.140000000000000000e+02 2.360000000000000000e+02
1.130000000000000000e+02 2.360000000000000000e+02
1.120000000000000000e+02 2.350000000000000000e+02
1.120000000000000000e+02 2.350000000000000000e+02
1.130000000000000000e+02 2.340000000000000000e+02
1.130000000000000000e+02 2.340000000000000000e+02
1.130000000000000000e+02 2.350000000000000000e+02
1.120000000000000000e+02 2.350000000000000000e+02
1.120000000000000000e+02 2.340000000000000000e+02
1.120000000000000000e+02 2.350000000000000000e+02
1.130000000000000000e+02 2.360000000000000000e+02
1.130000000000000000e+02 2.370000000000000000e+02
1.120000000000000000e+02 2.370000000000000000e+02
1.120000000000000000e+02 2.370000000000000000e+02
1.100000000000000000e+02 2.370000000000000000e+02
1.100000000000000000e+02 2.370000000000000000e+02
1.110000000000000000e+02 2.370000000000000000e+02
1.110000000000000000e+02 2.380000000000000000e+02
1.120000000000000000e+02 2.380000000000000000e+02
1.130000000000000000e+02 2.380000000000000000e+02
1.130000000000000000e+02 2.380000000000000000e+02
1.120000000000000000e+02 2.380000000000000000e+02
1.130000000000000000e+02 2.380000000000000000e+02
1.120000000000000000e+02 2.370000000000000000e+02
1.100000000000000000e+02 2.370000000000000000e+02
1.100000000000000000e+02 2.370000000000000000e+02
1.090000000000000000e+02 2.370000000000000000e+02
1.090000000000000000e+02 2.370000000000000000e+02
1.100000000000000000e+02 2.360000000000000000e+02
1.110000000000000000e+02 2.370000000000000000e+02
1.100000000000000000e+02 2.360000000000000000e+02
1.110000000000000000e+02 2.360000000000000000e+02
1.110000000000000000e+02 2.360000000000000000e+02
1.110000000000000000e+02 2.360000000000000000e+02
1.100000000000000000e+02 2.350000000000000000e+02
1.090000000000000000e+02 2.370000000000000000e+02
1.090000000000000000e+02 2.380000000000000000e+02
1.100000000000000000e+02 2.380000000000000000e+02
1.110000000000000000e+02 2.370000000000000000e+02
1.100000000000000000e+02 2.370000000000000000e+02
1.110000000000000000e+02 2.360000000000000000e+02
1.110000000000000000e+02 2.370000000000000000e+02
1.110000000000000000e+02 2.370000000000000000e+02
1.110000000000000000e+02 2.360000000000000000e+02
1.110000000000000000e+02 2.370000000000000000e+02
1.120000000000000000e+02 2.380000000000000000e+02
1.110000000000000000e+02 2.380000000000000000e+02
1.120000000000000000e+02 2.380000000000000000e+02
1.120000000000000000e+02 2.380000000000000000e+02
1.120000000000000000e+02 2.370000000000000000e+02
1.110000000000000000e+02 2.370000000000000000e+02
1.120000000000000000e+02 2.370000000000000000e+02
1.110000000000000000e+02 2.360000000000000000e+02
1.110000000000000000e+02 2.350000000000000000e+02
1.110000000000000000e+02 2.350000000000000000e+02
1.110000000000000000e+02 2.350000000000000000e+02
1.100000000000000000e+02 2.340000000000000000e+02
1.100000000000000000e+02 2.340000000000000000e+02
1.100000000000000000e+02 2.340000000000000000e+02
1.090000000000000000e+02 2.340000000000000000e+02
1.100000000000000000e+02 2.340000000000000000e+02
1.100000000000000000e+02 2.330000000000000000e+02
1.100000000000000000e+02 2.330000000000000000e+02
1.100000000000000000e+02 2.330000000000000000e+02
1.090000000000000000e+02 2.340000000000000000e+02
1.090000000000000000e+02 2.330000000000000000e+02
1.090000000000000000e+02 2.330000000000000000e+02
1.090000000000000000e+02 2.330000000000000000e+02
1.070000000000000000e+02 2.330000000000000000e+02
1.080000000000000000e+02 2.330000000000000000e+02
1.080000000000000000e+02 2.320000000000000000e+02
1.090000000000000000e+02 2.320000000000000000e+02
1.080000000000000000e+02 2.320000000000000000e+02
1.080000000000000000e+02 2.310000000000000000e+02
1.070000000000000000e+02 2.330000000000000000e+02
1.070000000000000000e+02 2.320000000000000000e+02
1.060000000000000000e+02 2.320000000000000000e+02
1.070000000000000000e+02 2.320000000000000000e+02
1.060000000000000000e+02 2.330000000000000000e+02
1.050000000000000000e+02 2.320000000000000000e+02
1.040000000000000000e+02 2.300000000000000000e+02
