# frames 101, center=[92, 261], duration=[200, 300], video=browniano sol 2_0
9.200000000000000000e+01 2.610000000000000000e+02
9.200000000000000000e+01 2.610000000000000000e+02
9.200000000000000000e+01 2.610000000000000000e+02
9.300000000000000000e+01 2.590000000000000000e+02
9.400000000000000000e+01 2.590000000000000000e+02
9.400000000000000000e+01 2.600000000000000000e+02
9.400000000000000000e+01 2.590000000000000000e+02
9.400000000000000000e+01 2.600000000000000000e+02
9.500000000000000000e+01 2.590000000000000000e+02
9.400000000000000000e+01 2.590000000000000000e+02
9.500000000000000000e+01 2.580000000000000000e+02
9.500000000000000000e+01 2.580000000000000000e+02
9.700000000000000000e+01 2.580000000000000000e+02
9.600000000000000000e+01 2.560000000000000000e+02
9.800000000000000000e+01 2.560000000000000000e+02
9.800000000000000000e+01 2.550000000000000000e+02
9.800000000000000000e+01 2.550000000000000000e+02
9.800000000000000000e+01 2.550000000000000000e+02
9.900000000000000000e+01 2.550000000000000000e+02
1.000000000000000000e+02 2.550000000000000000e+02
1.010000000000000000e+02 2.560000000000000000e+02
1.020000000000000000e+02 2.560000000000000000e+02
1.010000000000000000e+02 2.560000000000000000e+02
1.020000000000000000e+02 2.550000000000000000e+02
1.020000000000000000e+02 2.550000000000000000e+02
1.010000000000000000e+02 2.560000000000000000e+02
1.010000000000000000e+02 2.560000000000000000e+02
1.020000000000000000e+02 2.560000000000000000e+02
1.010000000000000000e+02 2.560000000000000000e+02
1.010000000000000000e+02 2.560000000000000000e+02
1.010000000000000000e+02 2.560000000000000000e+02
1.020000000000000000e+02 2.570000000000000000e+02
1.010000000000000000e+02 2.580000000000000000e+02
1.020000000000000000e+02 2.570000000000000000e+02
1.020000000000000000e+02 2.570000000000000000e+02
1.030000000000000000e+02 2.570000000000000000e+02
1.030000000000000000e+02 2.570000000000000000e+02
1.030000000000000000e+02 2.570000000000000000e+02
1.020000000000000000e+02 2.580000000000000000e+02
1.020000000000000000e+02 2.570000000000000000e+02
1.020000000000000000e+02 2.580000000000000000e+02
1.030000000000000000e+02 2.590000000000000000e+02
1.040000000000000000e+02 2.590000000000000000e+02
1.040000000000000000e+02 2.590000000000000000e+02
1.020000000000000000e+02 2.590000000000000000e+02
1.030000000000000000e+02 2.590000000000000000e+02
1.020000000000000000e+02 2.600000000000000000e+02
1.000000000000000000e+02 2.590000000000000000e+02
1.000000000000000000e+02 2.600000000000000000e+02
1.000000000000000000e+02 2.600000000000000000e+02
9.900000000000000000e+01 2.590000000000000000e+02
9.900000000000000000e+01 2.600000000000000000e+02
9.800000000000000000e+01 2.590000000000000000e+02
9.700000000000000000e+01 2.600000000000000000e+02
9.800000000000000000e+01 2.610000000000000000e+02
9.900000000000000000e+01 2.600000000000000000e+02
1.000000000000000000e+02 2.590000000000000000e+02
9.900000000000000000e+01 2.590000000000000000e+02
1.000000000000000000e+02 2.590000000000000000e+02
9.800000000000000000e+01 2.590000000000000000e+02
9.900000000000000000e+01 2.590000000000000000e+02
9.900000000000000000e+01 2.580000000000000000e+02
9.900000000000000000e+01 2.580000000000000000e+02
1.000000000000000000e+02 2.590000000000000000e+02
1.010000000000000000e+02 2.590000000000000000e+02
1.010000000000000000e+02 2.580000000000000000e+02
1.010000000000000000e+02 2.590000000000000000e+02
1.000000000000000000e+02 2.590000000000000000e+02
1.000000000000000000e+02 2.590000000000000000e+02
1.000000000000000000e+02 2.590000000000000000e+02
1.000000000000000000e+02 2.590000000000000000e+02
1.000000000000000000e+02 2.590000000000000000e+02
9.900000000000000000e+01 2.610000000000000000e+02
9.900000000000000000e+01 2.610000000000000000e+02
9.700000000000000000e+01 2.600000000000000000e+02
9.700000000000000000e+01 2.600000000000000000e+02
9.700000000000000000e+01 2.590000000000000000e+02
9.700000000000000000e+01 2.600000000000000000e+02
9.700000000000000000e+01 2.600000000000000000e+02
9.600000000000000000e+01 2.590000000000000000e+02
9.600000000000000000e+01 2.580000000000000000e+02
9.600000000000000000e+01 2.570000000000000000e+02
9.700000000000000000e+01 2.560000000000000000e+02
9.700000000000000000e+01 2.550000000000000000e+02
9.800000000000000000e+01 2.550000000000000000e+02
9.800000000000000000e+01 2.550000000000000000e+02
9.800000000000000000e+01 2.540000000000000000e+02
9.800000000000000000e+01 2.540000000000000000e+02
9.800000000000000000e+01 2.540000000000000000e+02
9.600000000000000000e+01 2.550000000000000000e+02
9.600000000000000000e+01 2.540000000000000000e+02
9.600000000000000000e+01 2.540000000000000000e+02
9.600000000000000000e+01 2.540000000000000000e+02
9.600000000000000000e+01 2.530000000000000000e+02
9.600000000000000000e+01 2.550000000000000000e+02
9.700000000000000000e+01 2.540000000000000000e+02
9.500000000000000000e+01 2.540000000000000000e+02
9.400000000000000000e+01 2.530000000000000000e+02
9.500000000000000000e+01 2.530000000000000000e+02
9.600000000000000000e+01 2.540000000000000000e+02
9.500000000000000000e+01 2.540000000000000000e+02
