# frames 101, center=[1203, 830], duration=[1100, 1200], video=browniano sol 2_0
1.203000000000000000e+03 8.300000000000000000e+02
1.203000000000000000e+03 8.300000000000000000e+02
1.203000000000000000e+03 8.300000000000000000e+02
1.203000000000000000e+03 8.300000000000000000e+02
1.204000000000000000e+03 8.300000000000000000e+02
1.203000000000000000e+03 8.300000000000000000e+02
1.202000000000000000e+03 8.300000000000000000e+02
1.202000000000000000e+03 8.300000000000000000e+02
1.201000000000000000e+03 8.290000000000000000e+02
1.201000000000000000e+03 8.300000000000000000e+02
1.202000000000000000e+03 8.300000000000000000e+02
1.201000000000000000e+03 8.310000000000000000e+02
1.202000000000000000e+03 8.320000000000000000e+02
1.201000000000000000e+03 8.320000000000000000e+02
1.201000000000000000e+03 8.310000000000000000e+02
1.201000000000000000e+03 8.310000000000000000e+02
1.201000000000000000e+03 8.300000000000000000e+02
1.201000000000000000e+03 8.290000000000000000e+02
1.201000000000000000e+03 8.290000000000000000e+02
1.200000000000000000e+03 8.290000000000000000e+02
1.201000000000000000e+03 8.290000000000000000e+02
1.200000000000000000e+03 8.290000000000000000e+02
1.200000000000000000e+03 8.290000000000000000e+02
1.200000000000000000e+03 8.300000000000000000e+02
1.199000000000000000e+03 8.310000000000000000e+02
1.200000000000000000e+03 8.310000000000000000e+02
1.199000000000000000e+03 8.320000000000000000e+02
1.198000000000000000e+03 8.320000000000000000e+02
1.198000000000000000e+03 8.310000000000000000e+02
1.197000000000000000e+03 8.300000000000000000e+02
1.198000000000000000e+03 8.300000000000000000e+02
1.198000000000000000e+03 8.300000000000000000e+02
1.198000000000000000e+03 8.290000000000000000e+02
1.198000000000000000e+03 8.300000000000000000e+02
1.199000000000000000e+03 8.300000000000000000e+02
1.197000000000000000e+03 8.300000000000000000e+02
1.198000000000000000e+03 8.300000000000000000e+02
1.199000000000000000e+03 8.300000000000000000e+02
1.199000000000000000e+03 8.300000000000000000e+02
1.199000000000000000e+03 8.300000000000000000e+02
1.199000000000000000e+03 8.300000000000000000e+02
1.199000000000000000e+03 8.300000000000000000e+02
1.200000000000000000e+03 8.300000000000000000e+02
1.200000000000000000e+03 8.300000000000000000e+02
1.200000000000000000e+03 8.310000000000000000e+02
1.200000000000000000e+03 8.310000000000000000e+02
1.199000000000000000e+03 8.310000000000000000e+02
1.199000000000000000e+03 8.320000000000000000e+02
1.199000000000000000e+03 8.320000000000000000e+02
1.198000000000000000e+03 8.320000000000000000e+02
1.198000000000000000e+03 8.310000000000000000e+02
1.196000000000000000e+03 8.310000000000000000e+02
1.197000000000000000e+03 8.310000000000000000e+02
1.196000000000000000e+03 8.310000000000000000e+02
1.195000000000000000e+03 8.300000000000000000e+02
1.195000000000000000e+03 8.300000000000000000e+02
1.195000000000000000e+03 8.300000000000000000e+02
1.194000000000000000e+03 8.300000000000000000e+02
1.193000000000000000e+03 8.300000000000000000e+02
1.193000000000000000e+03 8.290000000000000000e+02
1.194000000000000000e+03 8.290000000000000000e+02
1.195000000000000000e+03 8.290000000000000000e+02
1.195000000000000000e+03 8.290000000000000000e+02
1.195000000000000000e+03 8.280000000000000000e+02
1.195000000000000000e+03 8.280000000000000000e+02
1.196000000000000000e+03 8.280000000000000000e+02
1.197000000000000000e+03 8.280000000000000000e+02
1.197000000000000000e+03 8.280000000000000000e+02
1.197000000000000000e+03 8.280000000000000000e+02
1.196000000000000000e+03 8.280000000000000000e+02
1.196000000000000000e+03 8.280000000000000000e+02
1.195000000000000000e+03 8.280000000000000000e+02
1.194000000000000000e+03 8.280000000000000000e+02
1.195000000000000000e+03 8.280000000000000000e+02
1.195000000000000000e+03 8.280000000000000000e+02
1.195000000000000000e+03 8.290000000000000000e+02
1.194000000000000000e+03 8.280000000000000000e+02
1.194000000000000000e+03 8.280000000000000000e+02
1.194000000000000000e+03 8.280000000000000000e+02
1.193000000000000000e+03 8.280000000000000000e+02
1.194000000000000000e+03 8.270000000000000000e+02
1.193000000000000000e+03 8.280000000000000000e+02
1.194000000000000000e+03 8.280000000000000000e+02
1.195000000000000000e+03 8.280000000000000000e+02
1.194000000000000000e+03 8.280000000000000000e+02
1.194000000000000000e+03 8.270000000000000000e+02
1.194000000000000000e+03 8.270000000000000000e+02
1.195000000000000000e+03 8.280000000000000000e+02
1.194000000000000000e+03 8.270000000000000000e+02
1.193000000000000000e+03 8.250000000000000000e+02
1.194000000000000000e+03 8.250000000000000000e+02
1.193000000000000000e+03 8.250000000000000000e+02
1.193000000000000000e+03 8.250000000000000000e+02
1.194000000000000000e+03 8.260000000000000000e+02
1.193000000000000000e+03 8.260000000000000000e+02
1.194000000000000000e+03 8.270000000000000000e+02
1.194000000000000000e+03 8.270000000000000000e+02
1.193000000000000000e+03 8.280000000000000000e+02
1.194000000000000000e+03 8.280000000000000000e+02
1.195000000000000000e+03 8.280000000000000000e+02
1.195000000000000000e+03 8.280000000000000000e+02
