# frames 101, center=[1199, 838], duration=[1000, 1100], video=browniano sol 2_0
1.199000000000000000e+03 8.380000000000000000e+02
1.199000000000000000e+03 8.380000000000000000e+02
1.199000000000000000e+03 8.380000000000000000e+02
1.199000000000000000e+03 8.380000000000000000e+02
1.198000000000000000e+03 8.370000000000000000e+02
1.199000000000000000e+03 8.370000000000000000e+02
1.198000000000000000e+03 8.380000000000000000e+02
1.198000000000000000e+03 8.390000000000000000e+02
1.199000000000000000e+03 8.380000000000000000e+02
1.199000000000000000e+03 8.380000000000000000e+02
1.199000000000000000e+03 8.400000000000000000e+02
1.198000000000000000e+03 8.390000000000000000e+02
1.199000000000000000e+03 8.380000000000000000e+02
1.200000000000000000e+03 8.380000000000000000e+02
1.199000000000000000e+03 8.380000000000000000e+02
1.200000000000000000e+03 8.390000000000000000e+02
1.201000000000000000e+03 8.380000000000000000e+02
1.202000000000000000e+03 8.390000000000000000e+02
1.201000000000000000e+03 8.380000000000000000e+02
1.202000000000000000e+03 8.380000000000000000e+02
1.202000000000000000e+03 8.370000000000000000e+02
1.203000000000000000e+03 8.360000000000000000e+02
1.203000000000000000e+03 8.360000000000000000e+02
1.202000000000000000e+03 8.360000000000000000e+02
1.201000000000000000e+03 8.360000000000000000e+02
1.201000000000000000e+03 8.360000000000000000e+02
1.201000000000000000e+03 8.360000000000000000e+02
1.202000000000000000e+03 8.360000000000000000e+02
1.202000000000000000e+03 8.350000000000000000e+02
1.203000000000000000e+03 8.340000000000000000e+02
1.202000000000000000e+03 8.350000000000000000e+02
1.203000000000000000e+03 8.340000000000000000e+02
1.202000000000000000e+03 8.330000000000000000e+02
1.202000000000000000e+03 8.340000000000000000e+02
1.201000000000000000e+03 8.330000000000000000e+02
1.201000000000000000e+03 8.320000000000000000e+02
1.202000000000000000e+03 8.320000000000000000e+02
1.202000000000000000e+03 8.330000000000000000e+02
1.202000000000000000e+03 8.320000000000000000e+02
1.202000000000000000e+03 8.320000000000000000e+02
1.203000000000000000e+03 8.320000000000000000e+02
1.203000000000000000e+03 8.310000000000000000e+02
1.203000000000000000e+03 8.310000000000000000e+02
1.203000000000000000e+03 8.310000000000000000e+02
1.203000000000000000e+03 8.300000000000000000e+02
1.203000000000000000e+03 8.300000000000000000e+02
1.203000000000000000e+03 8.300000000000000000e+02
1.202000000000000000e+03 8.310000000000000000e+02
1.201000000000000000e+03 8.310000000000000000e+02
1.202000000000000000e+03 8.310000000000000000e+02
1.201000000000000000e+03 8.310000000000000000e+02
1.201000000000000000e+03 8.310000000000000000e+02
1.201000000000000000e+03 8.320000000000000000e+02
1.202000000000000000e+03 8.310000000000000000e+02
1.203000000000000000e+03 8.310000000000000000e+02
1.203000000000000000e+03 8.310000000000000000e+02
1.203000000000000000e+03 8.310000000000000000e+02
1.204000000000000000e+03 8.300000000000000000e+02
1.203000000000000000e+03 8.310000000000000000e+02
1.203000000000000000e+03 8.320000000000000000e+02
1.203000000000000000e+03 8.320000000000000000e+02
1.203000000000000000e+03 8.330000000000000000e+02
1.202000000000000000e+03 8.310000000000000000e+02
1.202000000000000000e+03 8.310000000000000000e+02
1.201000000000000000e+03 8.320000000000000000e+02
1.201000000000000000e+03 8.320000000000000000e+02
1.201000000000000000e+03 8.310000000000000000e+02
1.202000000000000000e+03 8.310000000000000000e+02
1.201000000000000000e+03 8.310000000000000000e+02
1.201000000000000000e+03 8.310000000000000000e+02
1.201000000000000000e+03 8.320000000000000000e+02
1.200000000000000000e+03 8.320000000000000000e+02
1.201000000000000000e+03 8.320000000000000000e+02
1.200000000000000000e+03 8.320000000000000000e+02
1.200000000000000000e+03 8.320000000000000000e+02
1.201000000000000000e+03 8.330000000000000000e+02
1.202000000000000000e+03 8.330000000000000000e+02
1.201000000000000000e+03 8.320000000000000000e+02
1.203000000000000000e+03 8.320000000000000000e+02
1.202000000000000000e+03 8.310000000000000000e+02
1.202000000000000000e+03 8.310000000000000000e+02
1.203000000000000000e+03 8.310000000000000000e+02
1.203000000000000000e+03 8.320000000000000000e+02
1.203000000000000000e+03 8.310000000000000000e+02
1.203000000000000000e+03 8.320000000000000000e+02
1.202000000000000000e+03 8.310000000000000000e+02
1.203000000000000000e+03 8.320000000000000000e+02
1.203000000000000000e+03 8.310000000000000000e+02
1.203000000000000000e+03 8.310000000000000000e+02
1.203000000000000000e+03 8.300000000000000000e+02
1.204000000000000000e+03 8.300000000000000000e+02
1.204000000000000000e+03 8.300000000000000000e+02
1.204000000000000000e+03 8.300000000000000000e+02
1.204000000000000000e+03 8.300000000000000000e+02
1.204000000000000000e+03 8.300000000000000000e+02
1.205000000000000000e+03 8.300000000000000000e+02
1.204000000000000000e+03 8.300000000000000000e+02
1.204000000000000000e+03 8.300000000000000000e+02
1.203000000000000000e+03 8.300000000000000000e+02
1.203000000000000000e+03 8.300000000000000000e+02
1.203000000000000000e+03 8.300000000000000000e+02
