# frames 101, center=[1183, 856], duration=[400, 500], video=browniano sol 2_0
1.183000000000000000e+03 8.560000000000000000e+02
1.183000000000000000e+03 8.560000000000000000e+02
1.183000000000000000e+03 8.560000000000000000e+02
1.182000000000000000e+03 8.550000000000000000e+02
1.183000000000000000e+03 8.560000000000000000e+02
1.182000000000000000e+03 8.570000000000000000e+02
1.183000000000000000e+03 8.570000000000000000e+02
1.184000000000000000e+03 8.560000000000000000e+02
1.184000000000000000e+03 8.550000000000000000e+02
1.184000000000000000e+03 8.550000000000000000e+02
1.183000000000000000e+03 8.540000000000000000e+02
1.183000000000000000e+03 8.550000000000000000e+02
1.183000000000000000e+03 8.560000000000000000e+02
1.182000000000000000e+03 8.550000000000000000e+02
1.182000000000000000e+03 8.550000000000000000e+02
1.181000000000000000e+03 8.550000000000000000e+02
1.181000000000000000e+03 8.550000000000000000e+02
1.181000000000000000e+03 8.540000000000000000e+02
1.181000000000000000e+03 8.530000000000000000e+02
1.181000000000000000e+03 8.520000000000000000e+02
1.180000000000000000e+03 8.530000000000000000e+02
1.180000000000000000e+03 8.530000000000000000e+02
1.179000000000000000e+03 8.530000000000000000e+02
1.179000000000000000e+03 8.520000000000000000e+02
1.180000000000000000e+03 8.510000000000000000e+02
1.180000000000000000e+03 8.530000000000000000e+02
1.179000000000000000e+03 8.520000000000000000e+02
1.180000000000000000e+03 8.530000000000000000e+02
1.180000000000000000e+03 8.530000000000000000e+02
1.180000000000000000e+03 8.530000000000000000e+02
1.180000000000000000e+03 8.530000000000000000e+02
1.180000000000000000e+03 8.530000000000000000e+02
1.180000000000000000e+03 8.530000000000000000e+02
1.179000000000000000e+03 8.520000000000000000e+02
1.179000000000000000e+03 8.520000000000000000e+02
1.180000000000000000e+03 8.520000000000000000e+02
1.179000000000000000e+03 8.510000000000000000e+02
1.180000000000000000e+03 8.510000000000000000e+02
1.180000000000000000e+03 8.510000000000000000e+02
1.180000000000000000e+03 8.500000000000000000e+02
1.180000000000000000e+03 8.510000000000000000e+02
1.180000000000000000e+03 8.510000000000000000e+02
1.179000000000000000e+03 8.500000000000000000e+02
1.179000000000000000e+03 8.500000000000000000e+02
1.179000000000000000e+03 8.500000000000000000e+02
1.180000000000000000e+03 8.500000000000000000e+02
1.180000000000000000e+03 8.500000000000000000e+02
1.180000000000000000e+03 8.510000000000000000e+02
1.179000000000000000e+03 8.510000000000000000e+02
1.180000000000000000e+03 8.510000000000000000e+02
1.181000000000000000e+03 8.520000000000000000e+02
1.181000000000000000e+03 8.520000000000000000e+02
1.181000000000000000e+03 8.520000000000000000e+02
1.180000000000000000e+03 8.520000000000000000e+02
1.181000000000000000e+03 8.510000000000000000e+02
1.182000000000000000e+03 8.520000000000000000e+02
1.183000000000000000e+03 8.520000000000000000e+02
1.182000000000000000e+03 8.520000000000000000e+02
1.182000000000000000e+03 8.530000000000000000e+02
1.182000000000000000e+03 8.510000000000000000e+02
1.183000000000000000e+03 8.520000000000000000e+02
1.183000000000000000e+03 8.520000000000000000e+02
1.183000000000000000e+03 8.520000000000000000e+02
1.183000000000000000e+03 8.520000000000000000e+02
1.182000000000000000e+03 8.530000000000000000e+02
1.182000000000000000e+03 8.520000000000000000e+02
1.182000000000000000e+03 8.520000000000000000e+02
1.183000000000000000e+03 8.520000000000000000e+02
1.184000000000000000e+03 8.510000000000000000e+02
1.183000000000000000e+03 8.520000000000000000e+02
1.183000000000000000e+03 8.520000000000000000e+02
1.182000000000000000e+03 8.530000000000000000e+02
1.182000000000000000e+03 8.530000000000000000e+02
1.182000000000000000e+03 8.530000000000000000e+02
1.183000000000000000e+03 8.530000000000000000e+02
1.183000000000000000e+03 8.520000000000000000e+02
1.183000000000000000e+03 8.520000000000000000e+02
1.184000000000000000e+03 8.520000000000000000e+02
1.185000000000000000e+03 8.520000000000000000e+02
1.184000000000000000e+03 8.510000000000000000e+02
1.185000000000000000e+03 8.500000000000000000e+02
1.183000000000000000e+03 8.500000000000000000e+02
1.183000000000000000e+03 8.500000000000000000e+02
1.183000000000000000e+03 8.500000000000000000e+02
1.183000000000000000e+03 8.500000000000000000e+02
1.183000000000000000e+03 8.490000000000000000e+02
1.183000000000000000e+03 8.490000000000000000e+02
1.182000000000000000e+03 8.480000000000000000e+02
1.182000000000000000e+03 8.480000000000000000e+02
1.181000000000000000e+03 8.490000000000000000e+02
1.182000000000000000e+03 8.500000000000000000e+02
1.181000000000000000e+03 8.500000000000000000e+02
1.181000000000000000e+03 8.500000000000000000e+02
1.180000000000000000e+03 8.510000000000000000e+02
1.179000000000000000e+03 8.510000000000000000e+02
1.180000000000000000e+03 8.500000000000000000e+02
1.180000000000000000e+03 8.500000000000000000e+02
1.181000000000000000e+03 8.500000000000000000e+02
1.181000000000000000e+03 8.510000000000000000e+02
1.182000000000000000e+03 8.510000000000000000e+02
1.183000000000000000e+03 8.510000000000000000e+02
