# frames 101, center=[1159, 863], duration=[0, 100], video=browniano sol 2_0
1.159000000000000000e+03 8.630000000000000000e+02
1.159000000000000000e+03 8.630000000000000000e+02
1.159000000000000000e+03 8.630000000000000000e+02
1.159000000000000000e+03 8.630000000000000000e+02
1.159000000000000000e+03 8.630000000000000000e+02
1.159000000000000000e+03 8.640000000000000000e+02
1.159000000000000000e+03 8.640000000000000000e+02
1.159000000000000000e+03 8.640000000000000000e+02
1.160000000000000000e+03 8.650000000000000000e+02
1.161000000000000000e+03 8.650000000000000000e+02
1.162000000000000000e+03 8.660000000000000000e+02
1.162000000000000000e+03 8.660000000000000000e+02
1.162000000000000000e+03 8.680000000000000000e+02
1.162000000000000000e+03 8.680000000000000000e+02
1.161000000000000000e+03 8.670000000000000000e+02
1.161000000000000000e+03 8.670000000000000000e+02
1.161000000000000000e+03 8.660000000000000000e+02
1.162000000000000000e+03 8.660000000000000000e+02
1.162000000000000000e+03 8.670000000000000000e+02
1.160000000000000000e+03 8.660000000000000000e+02
1.161000000000000000e+03 8.650000000000000000e+02
1.162000000000000000e+03 8.660000000000000000e+02
1.162000000000000000e+03 8.650000000000000000e+02
1.161000000000000000e+03 8.650000000000000000e+02
1.161000000000000000e+03 8.650000000000000000e+02
1.162000000000000000e+03 8.650000000000000000e+02
1.162000000000000000e+03 8.660000000000000000e+02
1.162000000000000000e+03 8.650000000000000000e+02
1.162000000000000000e+03 8.660000000000000000e+02
1.163000000000000000e+03 8.650000000000000000e+02
1.164000000000000000e+03 8.650000000000000000e+02
1.165000000000000000e+03 8.650000000000000000e+02
1.164000000000000000e+03 8.650000000000000000e+02
1.164000000000000000e+03 8.650000000000000000e+02
1.165000000000000000e+03 8.650000000000000000e+02
1.164000000000000000e+03 8.640000000000000000e+02
1.164000000000000000e+03 8.620000000000000000e+02
1.164000000000000000e+03 8.620000000000000000e+02
1.164000000000000000e+03 8.630000000000000000e+02
1.165000000000000000e+03 8.640000000000000000e+02
1.164000000000000000e+03 8.640000000000000000e+02
1.164000000000000000e+03 8.640000000000000000e+02
1.164000000000000000e+03 8.630000000000000000e+02
1.165000000000000000e+03 8.630000000000000000e+02
1.165000000000000000e+03 8.640000000000000000e+02
1.166000000000000000e+03 8.630000000000000000e+02
1.167000000000000000e+03 8.630000000000000000e+02
1.167000000000000000e+03 8.620000000000000000e+02
1.166000000000000000e+03 8.610000000000000000e+02
1.167000000000000000e+03 8.600000000000000000e+02
1.166000000000000000e+03 8.610000000000000000e+02
1.166000000000000000e+03 8.610000000000000000e+02
1.165000000000000000e+03 8.610000000000000000e+02
1.166000000000000000e+03 8.600000000000000000e+02
1.166000000000000000e+03 8.600000000000000000e+02
1.166000000000000000e+03 8.600000000000000000e+02
1.165000000000000000e+03 8.600000000000000000e+02
1.165000000000000000e+03 8.610000000000000000e+02
1.166000000000000000e+03 8.620000000000000000e+02
1.165000000000000000e+03 8.620000000000000000e+02
1.166000000000000000e+03 8.630000000000000000e+02
1.165000000000000000e+03 8.630000000000000000e+02
1.165000000000000000e+03 8.630000000000000000e+02
1.165000000000000000e+03 8.640000000000000000e+02
1.165000000000000000e+03 8.640000000000000000e+02
1.164000000000000000e+03 8.650000000000000000e+02
1.164000000000000000e+03 8.640000000000000000e+02
1.163000000000000000e+03 8.640000000000000000e+02
1.162000000000000000e+03 8.640000000000000000e+02
1.163000000000000000e+03 8.640000000000000000e+02
1.163000000000000000e+03 8.650000000000000000e+02
1.164000000000000000e+03 8.650000000000000000e+02
1.165000000000000000e+03 8.660000000000000000e+02
1.164000000000000000e+03 8.660000000000000000e+02
1.164000000000000000e+03 8.660000000000000000e+02
1.165000000000000000e+03 8.660000000000000000e+02
1.165000000000000000e+03 8.650000000000000000e+02
1.166000000000000000e+03 8.650000000000000000e+02
1.167000000000000000e+03 8.650000000000000000e+02
1.167000000000000000e+03 8.650000000000000000e+02
1.168000000000000000e+03 8.650000000000000000e+02
1.168000000000000000e+03 8.660000000000000000e+02
1.167000000000000000e+03 8.650000000000000000e+02
1.166000000000000000e+03 8.670000000000000000e+02
1.166000000000000000e+03 8.670000000000000000e+02
1.165000000000000000e+03 8.660000000000000000e+02
1.165000000000000000e+03 8.650000000000000000e+02
1.164000000000000000e+03 8.650000000000000000e+02
1.164000000000000000e+03 8.650000000000000000e+02
1.164000000000000000e+03 8.660000000000000000e+02
1.164000000000000000e+03 8.660000000000000000e+02
1.163000000000000000e+03 8.650000000000000000e+02
1.162000000000000000e+03 8.650000000000000000e+02
1.162000000000000000e+03 8.650000000000000000e+02
1.161000000000000000e+03 8.630000000000000000e+02
1.161000000000000000e+03 8.640000000000000000e+02
1.160000000000000000e+03 8.630000000000000000e+02
1.160000000000000000e+03 8.620000000000000000e+02
1.161000000000000000e+03 8.620000000000000000e+02
1.160000000000000000e+03 8.610000000000000000e+02
1.161000000000000000e+03 8.610000000000000000e+02
