# frames 101, center=[1199, 837], duration=[900, 1000], video=browniano sol 2_0
1.199000000000000000e+03 8.370000000000000000e+02
1.199000000000000000e+03 8.370000000000000000e+02
1.199000000000000000e+03 8.370000000000000000e+02
1.199000000000000000e+03 8.370000000000000000e+02
1.199000000000000000e+03 8.370000000000000000e+02
1.199000000000000000e+03 8.370000000000000000e+02
1.199000000000000000e+03 8.370000000000000000e+02
1.197000000000000000e+03 8.370000000000000000e+02
1.196000000000000000e+03 8.360000000000000000e+02
1.197000000000000000e+03 8.360000000000000000e+02
1.196000000000000000e+03 8.360000000000000000e+02
1.197000000000000000e+03 8.360000000000000000e+02
1.197000000000000000e+03 8.350000000000000000e+02
1.197000000000000000e+03 8.360000000000000000e+02
1.197000000000000000e+03 8.360000000000000000e+02
1.198000000000000000e+03 8.360000000000000000e+02
1.198000000000000000e+03 8.360000000000000000e+02
1.198000000000000000e+03 8.360000000000000000e+02
1.197000000000000000e+03 8.360000000000000000e+02
1.197000000000000000e+03 8.360000000000000000e+02
1.195000000000000000e+03 8.360000000000000000e+02
1.194000000000000000e+03 8.350000000000000000e+02
1.194000000000000000e+03 8.360000000000000000e+02
1.195000000000000000e+03 8.360000000000000000e+02
1.194000000000000000e+03 8.360000000000000000e+02
1.194000000000000000e+03 8.360000000000000000e+02
1.195000000000000000e+03 8.370000000000000000e+02
1.196000000000000000e+03 8.360000000000000000e+02
1.195000000000000000e+03 8.360000000000000000e+02
1.196000000000000000e+03 8.360000000000000000e+02
1.196000000000000000e+03 8.360000000000000000e+02
1.196000000000000000e+03 8.360000000000000000e+02
1.197000000000000000e+03 8.370000000000000000e+02
1.197000000000000000e+03 8.380000000000000000e+02
1.198000000000000000e+03 8.380000000000000000e+02
1.198000000000000000e+03 8.380000000000000000e+02
1.199000000000000000e+03 8.390000000000000000e+02
1.199000000000000000e+03 8.390000000000000000e+02
1.198000000000000000e+03 8.380000000000000000e+02
1.199000000000000000e+03 8.390000000000000000e+02
1.199000000000000000e+03 8.390000000000000000e+02
1.199000000000000000e+03 8.390000000000000000e+02
1.201000000000000000e+03 8.380000000000000000e+02
1.201000000000000000e+03 8.380000000000000000e+02
1.200000000000000000e+03 8.380000000000000000e+02
1.200000000000000000e+03 8.390000000000000000e+02
1.200000000000000000e+03 8.390000000000000000e+02
1.201000000000000000e+03 8.380000000000000000e+02
1.201000000000000000e+03 8.380000000000000000e+02
1.201000000000000000e+03 8.380000000000000000e+02
1.201000000000000000e+03 8.370000000000000000e+02
1.201000000000000000e+03 8.390000000000000000e+02
1.201000000000000000e+03 8.370000000000000000e+02
1.201000000000000000e+03 8.370000000000000000e+02
1.201000000000000000e+03 8.380000000000000000e+02
1.201000000000000000e+03 8.360000000000000000e+02
1.201000000000000000e+03 8.360000000000000000e+02
1.201000000000000000e+03 8.350000000000000000e+02
1.201000000000000000e+03 8.350000000000000000e+02
1.201000000000000000e+03 8.350000000000000000e+02
1.200000000000000000e+03 8.340000000000000000e+02
1.200000000000000000e+03 8.350000000000000000e+02
1.201000000000000000e+03 8.350000000000000000e+02
1.200000000000000000e+03 8.350000000000000000e+02
1.200000000000000000e+03 8.360000000000000000e+02
1.200000000000000000e+03 8.360000000000000000e+02
1.200000000000000000e+03 8.360000000000000000e+02
1.200000000000000000e+03 8.360000000000000000e+02
1.202000000000000000e+03 8.350000000000000000e+02
1.201000000000000000e+03 8.360000000000000000e+02
1.201000000000000000e+03 8.340000000000000000e+02
1.201000000000000000e+03 8.350000000000000000e+02
1.200000000000000000e+03 8.350000000000000000e+02
1.201000000000000000e+03 8.350000000000000000e+02
1.201000000000000000e+03 8.350000000000000000e+02
1.201000000000000000e+03 8.350000000000000000e+02
1.201000000000000000e+03 8.340000000000000000e+02
1.201000000000000000e+03 8.350000000000000000e+02
1.201000000000000000e+03 8.350000000000000000e+02
1.201000000000000000e+03 8.360000000000000000e+02
1.201000000000000000e+03 8.360000000000000000e+02
1.200000000000000000e+03 8.360000000000000000e+02
1.200000000000000000e+03 8.360000000000000000e+02
1.201000000000000000e+03 8.360000000000000000e+02
1.200000000000000000e+03 8.360000000000000000e+02
1.201000000000000000e+03 8.370000000000000000e+02
1.200000000000000000e+03 8.370000000000000000e+02
1.201000000000000000e+03 8.370000000000000000e+02
1.201000000000000000e+03 8.370000000000000000e+02
1.200000000000000000e+03 8.370000000000000000e+02
1.200000000000000000e+03 8.370000000000000000e+02
1.199000000000000000e+03 8.370000000000000000e+02
1.198000000000000000e+03 8.370000000000000000e+02
1.199000000000000000e+03 8.380000000000000000e+02
1.199000000000000000e+03 8.380000000000000000e+02
1.199000000000000000e+03 8.380000000000000000e+02
1.199000000000000000e+03 8.370000000000000000e+02
1.199000000000000000e+03 8.370000000000000000e+02
1.199000000000000000e+03 8.370000000000000000e+02
1.199000000000000000e+03 8.380000000000000000e+02
1.199000000000000000e+03 8.390000000000000000e+02
