# frames 101, center=[1167, 861], duration=[300, 400], video=browniano sol 2_0
1.167000000000000000e+03 8.610000000000000000e+02
1.167000000000000000e+03 8.610000000000000000e+02
1.167000000000000000e+03 8.610000000000000000e+02
1.167000000000000000e+03 8.620000000000000000e+02
1.167000000000000000e+03 8.610000000000000000e+02
1.168000000000000000e+03 8.600000000000000000e+02
1.169000000000000000e+03 8.600000000000000000e+02
1.169000000000000000e+03 8.600000000000000000e+02
1.171000000000000000e+03 8.600000000000000000e+02
1.171000000000000000e+03 8.600000000000000000e+02
1.171000000000000000e+03 8.600000000000000000e+02
1.172000000000000000e+03 8.600000000000000000e+02
1.171000000000000000e+03 8.600000000000000000e+02
1.170000000000000000e+03 8.590000000000000000e+02
1.170000000000000000e+03 8.600000000000000000e+02
1.171000000000000000e+03 8.600000000000000000e+02
1.170000000000000000e+03 8.600000000000000000e+02
1.171000000000000000e+03 8.590000000000000000e+02
1.172000000000000000e+03 8.600000000000000000e+02
1.173000000000000000e+03 8.590000000000000000e+02
1.173000000000000000e+03 8.590000000000000000e+02
1.172000000000000000e+03 8.590000000000000000e+02
1.173000000000000000e+03 8.590000000000000000e+02
1.172000000000000000e+03 8.580000000000000000e+02
1.172000000000000000e+03 8.580000000000000000e+02
1.171000000000000000e+03 8.590000000000000000e+02
1.172000000000000000e+03 8.580000000000000000e+02
1.172000000000000000e+03 8.580000000000000000e+02
1.172000000000000000e+03 8.590000000000000000e+02
1.172000000000000000e+03 8.590000000000000000e+02
1.173000000000000000e+03 8.580000000000000000e+02
1.173000000000000000e+03 8.570000000000000000e+02
1.173000000000000000e+03 8.590000000000000000e+02
1.174000000000000000e+03 8.590000000000000000e+02
1.173000000000000000e+03 8.590000000000000000e+02
1.174000000000000000e+03 8.590000000000000000e+02
1.174000000000000000e+03 8.590000000000000000e+02
1.174000000000000000e+03 8.590000000000000000e+02
1.174000000000000000e+03 8.580000000000000000e+02
1.175000000000000000e+03 8.590000000000000000e+02
1.175000000000000000e+03 8.590000000000000000e+02
1.175000000000000000e+03 8.590000000000000000e+02
1.176000000000000000e+03 8.600000000000000000e+02
1.177000000000000000e+03 8.590000000000000000e+02
1.177000000000000000e+03 8.590000000000000000e+02
1.177000000000000000e+03 8.600000000000000000e+02
1.176000000000000000e+03 8.600000000000000000e+02
1.177000000000000000e+03 8.610000000000000000e+02
1.177000000000000000e+03 8.610000000000000000e+02
1.176000000000000000e+03 8.600000000000000000e+02
1.177000000000000000e+03 8.610000000000000000e+02
1.177000000000000000e+03 8.610000000000000000e+02
1.178000000000000000e+03 8.610000000000000000e+02
1.178000000000000000e+03 8.620000000000000000e+02
1.179000000000000000e+03 8.620000000000000000e+02
1.180000000000000000e+03 8.620000000000000000e+02
1.181000000000000000e+03 8.610000000000000000e+02
1.181000000000000000e+03 8.610000000000000000e+02
1.183000000000000000e+03 8.600000000000000000e+02
1.183000000000000000e+03 8.610000000000000000e+02
1.182000000000000000e+03 8.610000000000000000e+02
1.182000000000000000e+03 8.610000000000000000e+02
1.181000000000000000e+03 8.600000000000000000e+02
1.180000000000000000e+03 8.590000000000000000e+02
1.179000000000000000e+03 8.590000000000000000e+02
1.179000000000000000e+03 8.590000000000000000e+02
1.178000000000000000e+03 8.590000000000000000e+02
1.178000000000000000e+03 8.570000000000000000e+02
1.177000000000000000e+03 8.570000000000000000e+02
1.177000000000000000e+03 8.570000000000000000e+02
1.177000000000000000e+03 8.570000000000000000e+02
1.177000000000000000e+03 8.550000000000000000e+02
1.177000000000000000e+03 8.550000000000000000e+02
1.177000000000000000e+03 8.540000000000000000e+02
1.177000000000000000e+03 8.550000000000000000e+02
1.178000000000000000e+03 8.540000000000000000e+02
1.176000000000000000e+03 8.540000000000000000e+02
1.177000000000000000e+03 8.540000000000000000e+02
1.176000000000000000e+03 8.530000000000000000e+02
1.176000000000000000e+03 8.530000000000000000e+02
1.176000000000000000e+03 8.540000000000000000e+02
1.175000000000000000e+03 8.530000000000000000e+02
1.175000000000000000e+03 8.530000000000000000e+02
1.175000000000000000e+03 8.530000000000000000e+02
1.177000000000000000e+03 8.530000000000000000e+02
1.177000000000000000e+03 8.530000000000000000e+02
1.177000000000000000e+03 8.540000000000000000e+02
1.177000000000000000e+03 8.530000000000000000e+02
1.178000000000000000e+03 8.520000000000000000e+02
1.177000000000000000e+03 8.530000000000000000e+02
1.178000000000000000e+03 8.530000000000000000e+02
1.177000000000000000e+03 8.520000000000000000e+02
1.178000000000000000e+03 8.530000000000000000e+02
1.178000000000000000e+03 8.530000000000000000e+02
1.179000000000000000e+03 8.540000000000000000e+02
1.180000000000000000e+03 8.550000000000000000e+02
1.181000000000000000e+03 8.550000000000000000e+02
1.182000000000000000e+03 8.550000000000000000e+02
1.182000000000000000e+03 8.540000000000000000e+02
1.183000000000000000e+03 8.540000000000000000e+02
1.183000000000000000e+03 8.540000000000000000e+02
