# frames 101, center=[1184, 851], duration=[500, 600], video=browniano sol 2_0
1.184000000000000000e+03 8.510000000000000000e+02
1.184000000000000000e+03 8.510000000000000000e+02
1.184000000000000000e+03 8.510000000000000000e+02
1.184000000000000000e+03 8.500000000000000000e+02
1.184000000000000000e+03 8.510000000000000000e+02
1.183000000000000000e+03 8.520000000000000000e+02
1.183000000000000000e+03 8.500000000000000000e+02
1.183000000000000000e+03 8.490000000000000000e+02
1.184000000000000000e+03 8.500000000000000000e+02
1.184000000000000000e+03 8.510000000000000000e+02
1.185000000000000000e+03 8.510000000000000000e+02
1.185000000000000000e+03 8.500000000000000000e+02
1.186000000000000000e+03 8.510000000000000000e+02
1.185000000000000000e+03 8.500000000000000000e+02
1.185000000000000000e+03 8.500000000000000000e+02
1.184000000000000000e+03 8.500000000000000000e+02
1.185000000000000000e+03 8.490000000000000000e+02
1.185000000000000000e+03 8.490000000000000000e+02
1.186000000000000000e+03 8.490000000000000000e+02
1.187000000000000000e+03 8.490000000000000000e+02
1.187000000000000000e+03 8.500000000000000000e+02
1.186000000000000000e+03 8.500000000000000000e+02
1.187000000000000000e+03 8.500000000000000000e+02
1.186000000000000000e+03 8.490000000000000000e+02
1.189000000000000000e+03 8.480000000000000000e+02
1.189000000000000000e+03 8.480000000000000000e+02
1.188000000000000000e+03 8.490000000000000000e+02
1.188000000000000000e+03 8.490000000000000000e+02
1.189000000000000000e+03 8.480000000000000000e+02
1.189000000000000000e+03 8.490000000000000000e+02
1.188000000000000000e+03 8.490000000000000000e+02
1.189000000000000000e+03 8.500000000000000000e+02
1.189000000000000000e+03 8.500000000000000000e+02
1.188000000000000000e+03 8.500000000000000000e+02
1.190000000000000000e+03 8.490000000000000000e+02
1.189000000000000000e+03 8.500000000000000000e+02
1.189000000000000000e+03 8.500000000000000000e+02
1.189000000000000000e+03 8.490000000000000000e+02
1.189000000000000000e+03 8.500000000000000000e+02
1.189000000000000000e+03 8.500000000000000000e+02
1.189000000000000000e+03 8.500000000000000000e+02
1.189000000000000000e+03 8.490000000000000000e+02
1.188000000000000000e+03 8.500000000000000000e+02
1.188000000000000000e+03 8.490000000000000000e+02
1.187000000000000000e+03 8.500000000000000000e+02
1.188000000000000000e+03 8.500000000000000000e+02
1.188000000000000000e+03 8.490000000000000000e+02
1.189000000000000000e+03 8.490000000000000000e+02
1.190000000000000000e+03 8.490000000000000000e+02
1.190000000000000000e+03 8.480000000000000000e+02
1.190000000000000000e+03 8.490000000000000000e+02
1.189000000000000000e+03 8.480000000000000000e+02
1.191000000000000000e+03 8.470000000000000000e+02
1.191000000000000000e+03 8.470000000000000000e+02
1.191000000000000000e+03 8.460000000000000000e+02
1.191000000000000000e+03 8.440000000000000000e+02
1.192000000000000000e+03 8.440000000000000000e+02
1.193000000000000000e+03 8.430000000000000000e+02
1.193000000000000000e+03 8.420000000000000000e+02
1.194000000000000000e+03 8.430000000000000000e+02
1.194000000000000000e+03 8.420000000000000000e+02
1.194000000000000000e+03 8.410000000000000000e+02
1.195000000000000000e+03 8.400000000000000000e+02
1.195000000000000000e+03 8.400000000000000000e+02
1.195000000000000000e+03 8.400000000000000000e+02
1.196000000000000000e+03 8.390000000000000000e+02
1.194000000000000000e+03 8.400000000000000000e+02
1.195000000000000000e+03 8.400000000000000000e+02
1.194000000000000000e+03 8.410000000000000000e+02
1.193000000000000000e+03 8.410000000000000000e+02
1.193000000000000000e+03 8.410000000000000000e+02
1.193000000000000000e+03 8.400000000000000000e+02
1.193000000000000000e+03 8.390000000000000000e+02
1.192000000000000000e+03 8.390000000000000000e+02
1.193000000000000000e+03 8.390000000000000000e+02
1.193000000000000000e+03 8.400000000000000000e+02
1.192000000000000000e+03 8.400000000000000000e+02
1.192000000000000000e+03 8.410000000000000000e+02
1.191000000000000000e+03 8.400000000000000000e+02
1.192000000000000000e+03 8.390000000000000000e+02
1.192000000000000000e+03 8.390000000000000000e+02
1.192000000000000000e+03 8.390000000000000000e+02
1.193000000000000000e+03 8.390000000000000000e+02
1.192000000000000000e+03 8.390000000000000000e+02
1.193000000000000000e+03 8.400000000000000000e+02
1.194000000000000000e+03 8.400000000000000000e+02
1.193000000000000000e+03 8.400000000000000000e+02
1.194000000000000000e+03 8.400000000000000000e+02
1.194000000000000000e+03 8.410000000000000000e+02
1.194000000000000000e+03 8.410000000000000000e+02
1.194000000000000000e+03 8.410000000000000000e+02
1.193000000000000000e+03 8.410000000000000000e+02
1.194000000000000000e+03 8.410000000000000000e+02
1.193000000000000000e+03 8.410000000000000000e+02
1.193000000000000000e+03 8.410000000000000000e+02
1.193000000000000000e+03 8.390000000000000000e+02
1.193000000000000000e+03 8.390000000000000000e+02
1.193000000000000000e+03 8.400000000000000000e+02
1.192000000000000000e+03 8.390000000000000000e+02
1.193000000000000000e+03 8.400000000000000000e+02
1.193000000000000000e+03 8.400000000000000000e+02
