# frames 101, center=[1195, 844], duration=[600, 700], video=browniano sol 2_0
1.195000000000000000e+03 8.440000000000000000e+02
1.195000000000000000e+03 8.440000000000000000e+02
1.195000000000000000e+03 8.440000000000000000e+02
1.194000000000000000e+03 8.440000000000000000e+02
1.194000000000000000e+03 8.430000000000000000e+02
1.195000000000000000e+03 8.430000000000000000e+02
1.196000000000000000e+03 8.430000000000000000e+02
1.196000000000000000e+03 8.420000000000000000e+02
1.195000000000000000e+03 8.420000000000000000e+02
1.196000000000000000e+03 8.420000000000000000e+02
1.196000000000000000e+03 8.420000000000000000e+02
1.195000000000000000e+03 8.420000000000000000e+02
1.196000000000000000e+03 8.420000000000000000e+02
1.196000000000000000e+03 8.420000000000000000e+02
1.196000000000000000e+03 8.420000000000000000e+02
1.195000000000000000e+03 8.420000000000000000e+02
1.195000000000000000e+03 8.410000000000000000e+02
1.194000000000000000e+03 8.400000000000000000e+02
1.194000000000000000e+03 8.400000000000000000e+02
1.194000000000000000e+03 8.400000000000000000e+02
1.193000000000000000e+03 8.400000000000000000e+02
1.194000000000000000e+03 8.390000000000000000e+02
1.194000000000000000e+03 8.400000000000000000e+02
1.194000000000000000e+03 8.390000000000000000e+02
1.194000000000000000e+03 8.390000000000000000e+02
1.193000000000000000e+03 8.400000000000000000e+02
1.194000000000000000e+03 8.390000000000000000e+02
1.194000000000000000e+03 8.390000000000000000e+02
1.194000000000000000e+03 8.390000000000000000e+02
1.194000000000000000e+03 8.390000000000000000e+02
1.194000000000000000e+03 8.390000000000000000e+02
1.194000000000000000e+03 8.390000000000000000e+02
1.195000000000000000e+03 8.390000000000000000e+02
1.195000000000000000e+03 8.380000000000000000e+02
1.195000000000000000e+03 8.390000000000000000e+02
1.194000000000000000e+03 8.390000000000000000e+02
1.193000000000000000e+03 8.380000000000000000e+02
1.193000000000000000e+03 8.400000000000000000e+02
1.194000000000000000e+03 8.400000000000000000e+02
1.194000000000000000e+03 8.400000000000000000e+02
1.194000000000000000e+03 8.400000000000000000e+02
1.194000000000000000e+03 8.390000000000000000e+02
1.193000000000000000e+03 8.400000000000000000e+02
1.193000000000000000e+03 8.400000000000000000e+02
1.193000000000000000e+03 8.400000000000000000e+02
1.193000000000000000e+03 8.390000000000000000e+02
1.194000000000000000e+03 8.390000000000000000e+02
1.193000000000000000e+03 8.390000000000000000e+02
1.193000000000000000e+03 8.380000000000000000e+02
1.192000000000000000e+03 8.390000000000000000e+02
1.193000000000000000e+03 8.380000000000000000e+02
1.191000000000000000e+03 8.370000000000000000e+02
1.191000000000000000e+03 8.370000000000000000e+02
1.191000000000000000e+03 8.370000000000000000e+02
1.190000000000000000e+03 8.370000000000000000e+02
1.190000000000000000e+03 8.370000000000000000e+02
1.190000000000000000e+03 8.360000000000000000e+02
1.190000000000000000e+03 8.360000000000000000e+02
1.189000000000000000e+03 8.360000000000000000e+02
1.190000000000000000e+03 8.360000000000000000e+02
1.190000000000000000e+03 8.370000000000000000e+02
1.189000000000000000e+03 8.370000000000000000e+02
1.190000000000000000e+03 8.370000000000000000e+02
1.191000000000000000e+03 8.380000000000000000e+02
1.191000000000000000e+03 8.390000000000000000e+02
1.191000000000000000e+03 8.390000000000000000e+02
1.191000000000000000e+03 8.380000000000000000e+02
1.192000000000000000e+03 8.380000000000000000e+02
1.192000000000000000e+03 8.370000000000000000e+02
1.192000000000000000e+03 8.370000000000000000e+02
1.193000000000000000e+03 8.380000000000000000e+02
1.193000000000000000e+03 8.380000000000000000e+02
1.194000000000000000e+03 8.380000000000000000e+02
1.194000000000000000e+03 8.380000000000000000e+02
1.194000000000000000e+03 8.370000000000000000e+02
1.194000000000000000e+03 8.370000000000000000e+02
1.195000000000000000e+03 8.380000000000000000e+02
1.195000000000000000e+03 8.370000000000000000e+02
1.196000000000000000e+03 8.370000000000000000e+02
1.196000000000000000e+03 8.370000000000000000e+02
1.197000000000000000e+03 8.360000000000000000e+02
1.198000000000000000e+03 8.360000000000000000e+02
1.197000000000000000e+03 8.370000000000000000e+02
1.197000000000000000e+03 8.360000000000000000e+02
1.198000000000000000e+03 8.360000000000000000e+02
1.199000000000000000e+03 8.360000000000000000e+02
1.199000000000000000e+03 8.360000000000000000e+02
1.200000000000000000e+03 8.360000000000000000e+02
1.200000000000000000e+03 8.360000000000000000e+02
1.201000000000000000e+03 8.360000000000000000e+02
1.201000000000000000e+03 8.360000000000000000e+02
1.202000000000000000e+03 8.370000000000000000e+02
1.202000000000000000e+03 8.370000000000000000e+02
1.202000000000000000e+03 8.370000000000000000e+02
1.203000000000000000e+03 8.370000000000000000e+02
1.203000000000000000e+03 8.370000000000000000e+02
1.204000000000000000e+03 8.360000000000000000e+02
1.203000000000000000e+03 8.360000000000000000e+02
1.203000000000000000e+03 8.360000000000000000e+02
1.202000000000000000e+03 8.360000000000000000e+02
1.201000000000000000e+03 8.350000000000000000e+02
