# frames 101, center=[821, 895], duration=[200, 300], video=browniano sol 2_0
8.210000000000000000e+02 8.950000000000000000e+02
8.210000000000000000e+02 8.950000000000000000e+02
8.210000000000000000e+02 8.950000000000000000e+02
8.200000000000000000e+02 8.950000000000000000e+02
8.200000000000000000e+02 8.950000000000000000e+02
8.200000000000000000e+02 8.940000000000000000e+02
8.200000000000000000e+02 8.940000000000000000e+02
8.190000000000000000e+02 8.940000000000000000e+02
8.200000000000000000e+02 8.950000000000000000e+02
8.200000000000000000e+02 8.950000000000000000e+02
8.200000000000000000e+02 8.950000000000000000e+02
8.200000000000000000e+02 8.950000000000000000e+02
8.200000000000000000e+02 8.940000000000000000e+02
8.190000000000000000e+02 8.950000000000000000e+02
8.190000000000000000e+02 8.950000000000000000e+02
8.190000000000000000e+02 8.950000000000000000e+02
8.180000000000000000e+02 8.950000000000000000e+02
8.190000000000000000e+02 8.950000000000000000e+02
8.190000000000000000e+02 8.950000000000000000e+02
8.190000000000000000e+02 8.950000000000000000e+02
8.180000000000000000e+02 8.960000000000000000e+02
8.180000000000000000e+02 8.950000000000000000e+02
8.180000000000000000e+02 8.960000000000000000e+02
8.190000000000000000e+02 8.960000000000000000e+02
8.190000000000000000e+02 8.950000000000000000e+02
8.180000000000000000e+02 8.960000000000000000e+02
8.180000000000000000e+02 8.960000000000000000e+02
8.180000000000000000e+02 8.970000000000000000e+02
8.180000000000000000e+02 8.960000000000000000e+02
8.190000000000000000e+02 8.960000000000000000e+02
8.180000000000000000e+02 8.960000000000000000e+02
8.190000000000000000e+02 8.950000000000000000e+02
8.190000000000000000e+02 8.960000000000000000e+02
8.190000000000000000e+02 8.960000000000000000e+02
8.190000000000000000e+02 8.960000000000000000e+02
8.190000000000000000e+02 8.950000000000000000e+02
8.200000000000000000e+02 8.940000000000000000e+02
8.200000000000000000e+02 8.940000000000000000e+02
8.210000000000000000e+02 8.940000000000000000e+02
8.200000000000000000e+02 8.940000000000000000e+02
8.210000000000000000e+02 8.950000000000000000e+02
8.180000000000000000e+02 8.940000000000000000e+02
8.170000000000000000e+02 8.940000000000000000e+02
8.180000000000000000e+02 8.950000000000000000e+02
8.180000000000000000e+02 8.950000000000000000e+02
8.180000000000000000e+02 8.960000000000000000e+02
8.180000000000000000e+02 8.960000000000000000e+02
8.180000000000000000e+02 8.960000000000000000e+02
8.180000000000000000e+02 8.970000000000000000e+02
8.180000000000000000e+02 8.960000000000000000e+02
8.200000000000000000e+02 8.970000000000000000e+02
8.190000000000000000e+02 8.970000000000000000e+02
8.200000000000000000e+02 8.970000000000000000e+02
8.210000000000000000e+02 8.970000000000000000e+02
8.190000000000000000e+02 8.960000000000000000e+02
8.190000000000000000e+02 8.950000000000000000e+02
8.190000000000000000e+02 8.960000000000000000e+02
8.200000000000000000e+02 8.960000000000000000e+02
8.210000000000000000e+02 8.970000000000000000e+02
8.210000000000000000e+02 8.970000000000000000e+02
8.210000000000000000e+02 8.970000000000000000e+02
8.220000000000000000e+02 8.970000000000000000e+02
8.220000000000000000e+02 8.960000000000000000e+02
8.220000000000000000e+02 8.960000000000000000e+02
8.220000000000000000e+02 8.960000000000000000e+02
8.220000000000000000e+02 8.950000000000000000e+02
8.220000000000000000e+02 8.950000000000000000e+02
8.210000000000000000e+02 8.950000000000000000e+02
8.230000000000000000e+02 8.930000000000000000e+02
8.220000000000000000e+02 8.940000000000000000e+02
8.220000000000000000e+02 8.940000000000000000e+02
8.220000000000000000e+02 8.950000000000000000e+02
8.220000000000000000e+02 8.940000000000000000e+02
8.230000000000000000e+02 8.940000000000000000e+02
8.230000000000000000e+02 8.940000000000000000e+02
8.230000000000000000e+02 8.940000000000000000e+02
8.230000000000000000e+02 8.930000000000000000e+02
8.240000000000000000e+02 8.940000000000000000e+02
8.240000000000000000e+02 8.940000000000000000e+02
8.240000000000000000e+02 8.930000000000000000e+02
8.240000000000000000e+02 8.940000000000000000e+02
8.240000000000000000e+02 8.950000000000000000e+02
8.240000000000000000e+02 8.950000000000000000e+02
8.240000000000000000e+02 8.950000000000000000e+02
8.240000000000000000e+02 8.950000000000000000e+02
8.240000000000000000e+02 8.950000000000000000e+02
8.240000000000000000e+02 8.950000000000000000e+02
8.240000000000000000e+02 8.930000000000000000e+02
8.230000000000000000e+02 8.930000000000000000e+02
8.220000000000000000e+02 8.930000000000000000e+02
8.220000000000000000e+02 8.940000000000000000e+02
8.210000000000000000e+02 8.930000000000000000e+02
8.210000000000000000e+02 8.930000000000000000e+02
8.200000000000000000e+02 8.940000000000000000e+02
8.200000000000000000e+02 8.930000000000000000e+02
8.190000000000000000e+02 8.920000000000000000e+02
8.190000000000000000e+02 8.910000000000000000e+02
8.180000000000000000e+02 8.900000000000000000e+02
8.180000000000000000e+02 8.900000000000000000e+02
8.180000000000000000e+02 8.900000000000000000e+02
8.170000000000000000e+02 8.910000000000000000e+02
