# frames 101, center=[814, 907], duration=[0, 100], video=browniano sol 2_0
8.140000000000000000e+02 9.070000000000000000e+02
8.140000000000000000e+02 9.070000000000000000e+02
8.140000000000000000e+02 9.070000000000000000e+02
8.140000000000000000e+02 9.070000000000000000e+02
8.140000000000000000e+02 9.070000000000000000e+02
8.130000000000000000e+02 9.080000000000000000e+02
8.130000000000000000e+02 9.090000000000000000e+02
8.130000000000000000e+02 9.090000000000000000e+02
8.130000000000000000e+02 9.080000000000000000e+02
8.130000000000000000e+02 9.080000000000000000e+02
8.140000000000000000e+02 9.080000000000000000e+02
8.140000000000000000e+02 9.070000000000000000e+02
8.140000000000000000e+02 9.070000000000000000e+02
8.140000000000000000e+02 9.080000000000000000e+02
8.140000000000000000e+02 9.080000000000000000e+02
8.140000000000000000e+02 9.080000000000000000e+02
8.140000000000000000e+02 9.070000000000000000e+02
8.140000000000000000e+02 9.070000000000000000e+02
8.140000000000000000e+02 9.070000000000000000e+02
8.140000000000000000e+02 9.070000000000000000e+02
8.130000000000000000e+02 9.060000000000000000e+02
8.130000000000000000e+02 9.060000000000000000e+02
8.140000000000000000e+02 9.070000000000000000e+02
8.130000000000000000e+02 9.060000000000000000e+02
8.130000000000000000e+02 9.070000000000000000e+02
8.140000000000000000e+02 9.070000000000000000e+02
8.130000000000000000e+02 9.070000000000000000e+02
8.140000000000000000e+02 9.070000000000000000e+02
8.140000000000000000e+02 9.070000000000000000e+02
8.140000000000000000e+02 9.060000000000000000e+02
8.140000000000000000e+02 9.060000000000000000e+02
8.130000000000000000e+02 9.060000000000000000e+02
8.150000000000000000e+02 9.060000000000000000e+02
8.140000000000000000e+02 9.070000000000000000e+02
8.140000000000000000e+02 9.070000000000000000e+02
8.140000000000000000e+02 9.070000000000000000e+02
8.130000000000000000e+02 9.080000000000000000e+02
8.130000000000000000e+02 9.080000000000000000e+02
8.130000000000000000e+02 9.070000000000000000e+02
8.140000000000000000e+02 9.070000000000000000e+02
8.140000000000000000e+02 9.070000000000000000e+02
8.140000000000000000e+02 9.070000000000000000e+02
8.130000000000000000e+02 9.080000000000000000e+02
8.140000000000000000e+02 9.070000000000000000e+02
8.140000000000000000e+02 9.070000000000000000e+02
8.130000000000000000e+02 9.060000000000000000e+02
8.120000000000000000e+02 9.060000000000000000e+02
8.120000000000000000e+02 9.050000000000000000e+02
8.130000000000000000e+02 9.050000000000000000e+02
8.140000000000000000e+02 9.050000000000000000e+02
8.140000000000000000e+02 9.050000000000000000e+02
8.140000000000000000e+02 9.050000000000000000e+02
8.140000000000000000e+02 9.050000000000000000e+02
8.140000000000000000e+02 9.040000000000000000e+02
8.140000000000000000e+02 9.040000000000000000e+02
8.150000000000000000e+02 9.050000000000000000e+02
8.150000000000000000e+02 9.060000000000000000e+02
8.150000000000000000e+02 9.060000000000000000e+02
8.150000000000000000e+02 9.060000000000000000e+02
8.150000000000000000e+02 9.050000000000000000e+02
8.140000000000000000e+02 9.050000000000000000e+02
8.150000000000000000e+02 9.060000000000000000e+02
8.150000000000000000e+02 9.060000000000000000e+02
8.150000000000000000e+02 9.050000000000000000e+02
8.160000000000000000e+02 9.050000000000000000e+02
8.160000000000000000e+02 9.050000000000000000e+02
8.150000000000000000e+02 9.050000000000000000e+02
8.160000000000000000e+02 9.050000000000000000e+02
8.160000000000000000e+02 9.060000000000000000e+02
8.160000000000000000e+02 9.050000000000000000e+02
8.160000000000000000e+02 9.040000000000000000e+02
8.160000000000000000e+02 9.040000000000000000e+02
8.140000000000000000e+02 9.030000000000000000e+02
8.140000000000000000e+02 9.030000000000000000e+02
8.150000000000000000e+02 9.010000000000000000e+02
8.150000000000000000e+02 9.020000000000000000e+02
8.150000000000000000e+02 9.020000000000000000e+02
8.160000000000000000e+02 9.020000000000000000e+02
8.160000000000000000e+02 9.020000000000000000e+02
8.150000000000000000e+02 9.020000000000000000e+02
8.160000000000000000e+02 9.030000000000000000e+02
8.160000000000000000e+02 9.030000000000000000e+02
8.160000000000000000e+02 9.020000000000000000e+02
8.170000000000000000e+02 9.040000000000000000e+02
8.180000000000000000e+02 9.040000000000000000e+02
8.190000000000000000e+02 9.030000000000000000e+02
8.190000000000000000e+02 9.030000000000000000e+02
8.190000000000000000e+02 9.030000000000000000e+02
8.190000000000000000e+02 9.030000000000000000e+02
8.200000000000000000e+02 9.020000000000000000e+02
8.200000000000000000e+02 9.030000000000000000e+02
8.200000000000000000e+02 9.020000000000000000e+02
8.200000000000000000e+02 9.010000000000000000e+02
8.200000000000000000e+02 9.010000000000000000e+02
8.200000000000000000e+02 9.000000000000000000e+02
8.200000000000000000e+02 9.000000000000000000e+02
8.190000000000000000e+02 9.000000000000000000e+02
8.190000000000000000e+02 8.990000000000000000e+02
8.200000000000000000e+02 9.000000000000000000e+02
8.200000000000000000e+02 8.990000000000000000e+02
8.210000000000000000e+02 9.000000000000000000e+02
