# frames 101, center=[852, 860], duration=[900, 1000], video=browniano sol 2_0
8.520000000000000000e+02 8.600000000000000000e+02
8.520000000000000000e+02 8.600000000000000000e+02
8.520000000000000000e+02 8.600000000000000000e+02
8.520000000000000000e+02 8.600000000000000000e+02
8.520000000000000000e+02 8.610000000000000000e+02
8.520000000000000000e+02 8.600000000000000000e+02
8.520000000000000000e+02 8.610000000000000000e+02
8.530000000000000000e+02 8.610000000000000000e+02
8.520000000000000000e+02 8.610000000000000000e+02
8.520000000000000000e+02 8.620000000000000000e+02
8.530000000000000000e+02 8.630000000000000000e+02
8.530000000000000000e+02 8.630000000000000000e+02
8.530000000000000000e+02 8.650000000000000000e+02
8.520000000000000000e+02 8.640000000000000000e+02
8.520000000000000000e+02 8.640000000000000000e+02
8.510000000000000000e+02 8.630000000000000000e+02
8.500000000000000000e+02 8.640000000000000000e+02
8.510000000000000000e+02 8.640000000000000000e+02
8.500000000000000000e+02 8.630000000000000000e+02
8.500000000000000000e+02 8.630000000000000000e+02
8.500000000000000000e+02 8.620000000000000000e+02
8.510000000000000000e+02 8.610000000000000000e+02
8.510000000000000000e+02 8.600000000000000000e+02
8.510000000000000000e+02 8.600000000000000000e+02
8.510000000000000000e+02 8.610000000000000000e+02
8.510000000000000000e+02 8.610000000000000000e+02
8.520000000000000000e+02 8.610000000000000000e+02
8.520000000000000000e+02 8.610000000000000000e+02
8.520000000000000000e+02 8.600000000000000000e+02
8.510000000000000000e+02 8.610000000000000000e+02
8.510000000000000000e+02 8.620000000000000000e+02
8.520000000000000000e+02 8.620000000000000000e+02
8.520000000000000000e+02 8.630000000000000000e+02
8.520000000000000000e+02 8.620000000000000000e+02
8.520000000000000000e+02 8.620000000000000000e+02
8.530000000000000000e+02 8.630000000000000000e+02
8.530000000000000000e+02 8.630000000000000000e+02
8.540000000000000000e+02 8.630000000000000000e+02
8.520000000000000000e+02 8.630000000000000000e+02
8.520000000000000000e+02 8.630000000000000000e+02
8.520000000000000000e+02 8.620000000000000000e+02
8.520000000000000000e+02 8.620000000000000000e+02
8.510000000000000000e+02 8.630000000000000000e+02
8.520000000000000000e+02 8.620000000000000000e+02
8.520000000000000000e+02 8.630000000000000000e+02
8.520000000000000000e+02 8.630000000000000000e+02
8.510000000000000000e+02 8.650000000000000000e+02
8.520000000000000000e+02 8.640000000000000000e+02
8.520000000000000000e+02 8.650000000000000000e+02
8.510000000000000000e+02 8.640000000000000000e+02
8.510000000000000000e+02 8.650000000000000000e+02
8.510000000000000000e+02 8.640000000000000000e+02
8.510000000000000000e+02 8.640000000000000000e+02
8.500000000000000000e+02 8.640000000000000000e+02
8.500000000000000000e+02 8.640000000000000000e+02
8.510000000000000000e+02 8.650000000000000000e+02
8.520000000000000000e+02 8.660000000000000000e+02
8.520000000000000000e+02 8.660000000000000000e+02
8.520000000000000000e+02 8.660000000000000000e+02
8.520000000000000000e+02 8.660000000000000000e+02
8.520000000000000000e+02 8.650000000000000000e+02
8.520000000000000000e+02 8.660000000000000000e+02
8.510000000000000000e+02 8.670000000000000000e+02
8.520000000000000000e+02 8.660000000000000000e+02
8.520000000000000000e+02 8.660000000000000000e+02
8.520000000000000000e+02 8.650000000000000000e+02
8.520000000000000000e+02 8.640000000000000000e+02
8.510000000000000000e+02 8.650000000000000000e+02
8.520000000000000000e+02 8.640000000000000000e+02
8.510000000000000000e+02 8.640000000000000000e+02
8.520000000000000000e+02 8.640000000000000000e+02
8.510000000000000000e+02 8.640000000000000000e+02
8.520000000000000000e+02 8.640000000000000000e+02
8.520000000000000000e+02 8.640000000000000000e+02
8.520000000000000000e+02 8.650000000000000000e+02
8.520000000000000000e+02 8.650000000000000000e+02
8.530000000000000000e+02 8.650000000000000000e+02
8.530000000000000000e+02 8.660000000000000000e+02
8.540000000000000000e+02 8.660000000000000000e+02
8.540000000000000000e+02 8.660000000000000000e+02
8.540000000000000000e+02 8.660000000000000000e+02
8.530000000000000000e+02 8.660000000000000000e+02
8.530000000000000000e+02 8.650000000000000000e+02
8.530000000000000000e+02 8.650000000000000000e+02
8.530000000000000000e+02 8.660000000000000000e+02
8.530000000000000000e+02 8.660000000000000000e+02
8.530000000000000000e+02 8.670000000000000000e+02
8.520000000000000000e+02 8.670000000000000000e+02
8.520000000000000000e+02 8.680000000000000000e+02
8.530000000000000000e+02 8.690000000000000000e+02
8.530000000000000000e+02 8.690000000000000000e+02
8.540000000000000000e+02 8.690000000000000000e+02
8.540000000000000000e+02 8.690000000000000000e+02
8.540000000000000000e+02 8.690000000000000000e+02
8.550000000000000000e+02 8.690000000000000000e+02
8.540000000000000000e+02 8.700000000000000000e+02
8.550000000000000000e+02 8.690000000000000000e+02
8.560000000000000000e+02 8.700000000000000000e+02
8.550000000000000000e+02 8.690000000000000000e+02
8.550000000000000000e+02 8.680000000000000000e+02
8.550000000000000000e+02 8.670000000000000000e+02
