# frames 101, center=[843, 871], duration=[600, 700], video=browniano sol 2_0
8.430000000000000000e+02 8.710000000000000000e+02
8.430000000000000000e+02 8.710000000000000000e+02
8.430000000000000000e+02 8.710000000000000000e+02
8.420000000000000000e+02 8.720000000000000000e+02
8.430000000000000000e+02 8.700000000000000000e+02
8.410000000000000000e+02 8.700000000000000000e+02
8.400000000000000000e+02 8.700000000000000000e+02
8.400000000000000000e+02 8.690000000000000000e+02
8.400000000000000000e+02 8.700000000000000000e+02
8.400000000000000000e+02 8.700000000000000000e+02
8.410000000000000000e+02 8.710000000000000000e+02
8.420000000000000000e+02 8.700000000000000000e+02
8.430000000000000000e+02 8.690000000000000000e+02
8.420000000000000000e+02 8.690000000000000000e+02
8.410000000000000000e+02 8.700000000000000000e+02
8.430000000000000000e+02 8.690000000000000000e+02
8.440000000000000000e+02 8.700000000000000000e+02
8.430000000000000000e+02 8.700000000000000000e+02
8.440000000000000000e+02 8.700000000000000000e+02
8.450000000000000000e+02 8.690000000000000000e+02
8.450000000000000000e+02 8.690000000000000000e+02
8.460000000000000000e+02 8.690000000000000000e+02
8.460000000000000000e+02 8.690000000000000000e+02
8.470000000000000000e+02 8.690000000000000000e+02
8.450000000000000000e+02 8.680000000000000000e+02
8.450000000000000000e+02 8.680000000000000000e+02
8.450000000000000000e+02 8.680000000000000000e+02
8.440000000000000000e+02 8.670000000000000000e+02
8.450000000000000000e+02 8.680000000000000000e+02
8.450000000000000000e+02 8.680000000000000000e+02
8.450000000000000000e+02 8.670000000000000000e+02
8.430000000000000000e+02 8.680000000000000000e+02
8.430000000000000000e+02 8.680000000000000000e+02
8.430000000000000000e+02 8.680000000000000000e+02
8.440000000000000000e+02 8.670000000000000000e+02
8.450000000000000000e+02 8.680000000000000000e+02
8.450000000000000000e+02 8.690000000000000000e+02
8.450000000000000000e+02 8.670000000000000000e+02
8.450000000000000000e+02 8.670000000000000000e+02
8.450000000000000000e+02 8.650000000000000000e+02
8.450000000000000000e+02 8.650000000000000000e+02
8.430000000000000000e+02 8.650000000000000000e+02
8.430000000000000000e+02 8.650000000000000000e+02
8.440000000000000000e+02 8.640000000000000000e+02
8.450000000000000000e+02 8.640000000000000000e+02
8.450000000000000000e+02 8.630000000000000000e+02
8.450000000000000000e+02 8.620000000000000000e+02
8.450000000000000000e+02 8.620000000000000000e+02
8.450000000000000000e+02 8.610000000000000000e+02
8.460000000000000000e+02 8.610000000000000000e+02
8.460000000000000000e+02 8.610000000000000000e+02
8.460000000000000000e+02 8.610000000000000000e+02
8.450000000000000000e+02 8.610000000000000000e+02
8.460000000000000000e+02 8.600000000000000000e+02
8.470000000000000000e+02 8.600000000000000000e+02
8.490000000000000000e+02 8.600000000000000000e+02
8.510000000000000000e+02 8.600000000000000000e+02
8.510000000000000000e+02 8.600000000000000000e+02
8.510000000000000000e+02 8.590000000000000000e+02
8.510000000000000000e+02 8.590000000000000000e+02
8.500000000000000000e+02 8.590000000000000000e+02
8.510000000000000000e+02 8.600000000000000000e+02
8.510000000000000000e+02 8.590000000000000000e+02
8.520000000000000000e+02 8.590000000000000000e+02
8.510000000000000000e+02 8.580000000000000000e+02
8.510000000000000000e+02 8.580000000000000000e+02
8.510000000000000000e+02 8.590000000000000000e+02
8.500000000000000000e+02 8.580000000000000000e+02
8.500000000000000000e+02 8.580000000000000000e+02
8.520000000000000000e+02 8.590000000000000000e+02
8.520000000000000000e+02 8.590000000000000000e+02
8.530000000000000000e+02 8.590000000000000000e+02
8.530000000000000000e+02 8.570000000000000000e+02
8.540000000000000000e+02 8.570000000000000000e+02
8.540000000000000000e+02 8.570000000000000000e+02
8.530000000000000000e+02 8.560000000000000000e+02
8.540000000000000000e+02 8.560000000000000000e+02
8.540000000000000000e+02 8.560000000000000000e+02
8.530000000000000000e+02 8.560000000000000000e+02
8.530000000000000000e+02 8.570000000000000000e+02
8.520000000000000000e+02 8.570000000000000000e+02
8.530000000000000000e+02 8.560000000000000000e+02
8.520000000000000000e+02 8.560000000000000000e+02
8.520000000000000000e+02 8.560000000000000000e+02
8.520000000000000000e+02 8.560000000000000000e+02
8.510000000000000000e+02 8.570000000000000000e+02
8.520000000000000000e+02 8.560000000000000000e+02
8.520000000000000000e+02 8.570000000000000000e+02
8.520000000000000000e+02 8.580000000000000000e+02
8.510000000000000000e+02 8.580000000000000000e+02
8.510000000000000000e+02 8.580000000000000000e+02
8.510000000000000000e+02 8.590000000000000000e+02
8.500000000000000000e+02 8.600000000000000000e+02
8.500000000000000000e+02 8.600000000000000000e+02
8.510000000000000000e+02 8.600000000000000000e+02
8.500000000000000000e+02 8.610000000000000000e+02
8.520000000000000000e+02 8.610000000000000000e+02
8.520000000000000000e+02 8.620000000000000000e+02
8.530000000000000000e+02 8.630000000000000000e+02
8.540000000000000000e+02 8.620000000000000000e+02
8.550000000000000000e+02 8.620000000000000000e+02
