# frames 101, center=[825, 894], duration=[400, 500], video=browniano sol 2_0
8.250000000000000000e+02 8.940000000000000000e+02
8.250000000000000000e+02 8.940000000000000000e+02
8.250000000000000000e+02 8.940000000000000000e+02
8.260000000000000000e+02 8.930000000000000000e+02
8.260000000000000000e+02 8.940000000000000000e+02
8.270000000000000000e+02 8.950000000000000000e+02
8.260000000000000000e+02 8.950000000000000000e+02
8.250000000000000000e+02 8.940000000000000000e+02
8.260000000000000000e+02 8.940000000000000000e+02
8.250000000000000000e+02 8.930000000000000000e+02
8.240000000000000000e+02 8.920000000000000000e+02
8.250000000000000000e+02 8.930000000000000000e+02
8.260000000000000000e+02 8.930000000000000000e+02
8.250000000000000000e+02 8.920000000000000000e+02
8.250000000000000000e+02 8.920000000000000000e+02
8.240000000000000000e+02 8.910000000000000000e+02
8.240000000000000000e+02 8.910000000000000000e+02
8.250000000000000000e+02 8.920000000000000000e+02
8.240000000000000000e+02 8.910000000000000000e+02
8.240000000000000000e+02 8.900000000000000000e+02
8.240000000000000000e+02 8.890000000000000000e+02
8.250000000000000000e+02 8.890000000000000000e+02
8.260000000000000000e+02 8.890000000000000000e+02
8.250000000000000000e+02 8.880000000000000000e+02
8.250000000000000000e+02 8.880000000000000000e+02
8.240000000000000000e+02 8.880000000000000000e+02
8.250000000000000000e+02 8.880000000000000000e+02
8.250000000000000000e+02 8.890000000000000000e+02
8.240000000000000000e+02 8.890000000000000000e+02
8.240000000000000000e+02 8.880000000000000000e+02
8.240000000000000000e+02 8.870000000000000000e+02
8.240000000000000000e+02 8.870000000000000000e+02
8.250000000000000000e+02 8.870000000000000000e+02
8.250000000000000000e+02 8.870000000000000000e+02
8.260000000000000000e+02 8.870000000000000000e+02
8.260000000000000000e+02 8.880000000000000000e+02
8.250000000000000000e+02 8.880000000000000000e+02
8.260000000000000000e+02 8.880000000000000000e+02
8.250000000000000000e+02 8.880000000000000000e+02
8.250000000000000000e+02 8.880000000000000000e+02
8.250000000000000000e+02 8.880000000000000000e+02
8.250000000000000000e+02 8.880000000000000000e+02
8.240000000000000000e+02 8.880000000000000000e+02
8.240000000000000000e+02 8.880000000000000000e+02
8.240000000000000000e+02 8.880000000000000000e+02
8.240000000000000000e+02 8.890000000000000000e+02
8.230000000000000000e+02 8.890000000000000000e+02
8.230000000000000000e+02 8.900000000000000000e+02
8.240000000000000000e+02 8.900000000000000000e+02
8.240000000000000000e+02 8.910000000000000000e+02
8.240000000000000000e+02 8.890000000000000000e+02
8.240000000000000000e+02 8.880000000000000000e+02
8.230000000000000000e+02 8.870000000000000000e+02
8.230000000000000000e+02 8.870000000000000000e+02
8.240000000000000000e+02 8.870000000000000000e+02
8.250000000000000000e+02 8.870000000000000000e+02
8.250000000000000000e+02 8.880000000000000000e+02
8.250000000000000000e+02 8.890000000000000000e+02
8.260000000000000000e+02 8.890000000000000000e+02
8.270000000000000000e+02 8.880000000000000000e+02
8.280000000000000000e+02 8.880000000000000000e+02
8.290000000000000000e+02 8.890000000000000000e+02
8.280000000000000000e+02 8.870000000000000000e+02
8.290000000000000000e+02 8.870000000000000000e+02
8.290000000000000000e+02 8.880000000000000000e+02
8.290000000000000000e+02 8.880000000000000000e+02
8.290000000000000000e+02 8.880000000000000000e+02
8.290000000000000000e+02 8.890000000000000000e+02
8.280000000000000000e+02 8.900000000000000000e+02
8.280000000000000000e+02 8.890000000000000000e+02
8.300000000000000000e+02 8.900000000000000000e+02
8.310000000000000000e+02 8.890000000000000000e+02
8.310000000000000000e+02 8.880000000000000000e+02
8.320000000000000000e+02 8.870000000000000000e+02
8.320000000000000000e+02 8.870000000000000000e+02
8.310000000000000000e+02 8.870000000000000000e+02
8.310000000000000000e+02 8.860000000000000000e+02
8.320000000000000000e+02 8.860000000000000000e+02
8.320000000000000000e+02 8.860000000000000000e+02
8.320000000000000000e+02 8.850000000000000000e+02
8.340000000000000000e+02 8.850000000000000000e+02
8.350000000000000000e+02 8.850000000000000000e+02
8.370000000000000000e+02 8.840000000000000000e+02
8.380000000000000000e+02 8.830000000000000000e+02
8.370000000000000000e+02 8.810000000000000000e+02
8.380000000000000000e+02 8.810000000000000000e+02
8.390000000000000000e+02 8.810000000000000000e+02
8.390000000000000000e+02 8.810000000000000000e+02
8.390000000000000000e+02 8.800000000000000000e+02
8.400000000000000000e+02 8.810000000000000000e+02
8.400000000000000000e+02 8.810000000000000000e+02
8.410000000000000000e+02 8.820000000000000000e+02
8.400000000000000000e+02 8.810000000000000000e+02
8.400000000000000000e+02 8.820000000000000000e+02
8.380000000000000000e+02 8.820000000000000000e+02
8.370000000000000000e+02 8.820000000000000000e+02
8.370000000000000000e+02 8.810000000000000000e+02
8.380000000000000000e+02 8.800000000000000000e+02
8.370000000000000000e+02 8.810000000000000000e+02
8.370000000000000000e+02 8.810000000000000000e+02
8.380000000000000000e+02 8.800000000000000000e+02
