# frames 101, center=[817, 889], duration=[300, 400], video=browniano sol 2_0
8.170000000000000000e+02 8.890000000000000000e+02
8.170000000000000000e+02 8.890000000000000000e+02
8.170000000000000000e+02 8.890000000000000000e+02
8.170000000000000000e+02 8.890000000000000000e+02
8.170000000000000000e+02 8.900000000000000000e+02
8.160000000000000000e+02 8.890000000000000000e+02
8.170000000000000000e+02 8.890000000000000000e+02
8.150000000000000000e+02 8.890000000000000000e+02
8.150000000000000000e+02 8.900000000000000000e+02
8.150000000000000000e+02 8.900000000000000000e+02
8.160000000000000000e+02 8.890000000000000000e+02
8.170000000000000000e+02 8.890000000000000000e+02
8.170000000000000000e+02 8.890000000000000000e+02
8.170000000000000000e+02 8.870000000000000000e+02
8.170000000000000000e+02 8.860000000000000000e+02
8.170000000000000000e+02 8.850000000000000000e+02
8.170000000000000000e+02 8.850000000000000000e+02
8.170000000000000000e+02 8.850000000000000000e+02
8.170000000000000000e+02 8.850000000000000000e+02
8.170000000000000000e+02 8.850000000000000000e+02
8.160000000000000000e+02 8.840000000000000000e+02
8.170000000000000000e+02 8.850000000000000000e+02
8.160000000000000000e+02 8.850000000000000000e+02
8.170000000000000000e+02 8.840000000000000000e+02
8.170000000000000000e+02 8.840000000000000000e+02
8.170000000000000000e+02 8.840000000000000000e+02
8.170000000000000000e+02 8.850000000000000000e+02
8.190000000000000000e+02 8.850000000000000000e+02
8.180000000000000000e+02 8.840000000000000000e+02
8.180000000000000000e+02 8.840000000000000000e+02
8.190000000000000000e+02 8.840000000000000000e+02
8.200000000000000000e+02 8.840000000000000000e+02
8.200000000000000000e+02 8.850000000000000000e+02
8.210000000000000000e+02 8.850000000000000000e+02
8.210000000000000000e+02 8.850000000000000000e+02
8.220000000000000000e+02 8.850000000000000000e+02
8.220000000000000000e+02 8.860000000000000000e+02
8.230000000000000000e+02 8.850000000000000000e+02
8.230000000000000000e+02 8.850000000000000000e+02
8.230000000000000000e+02 8.850000000000000000e+02
8.230000000000000000e+02 8.850000000000000000e+02
8.220000000000000000e+02 8.850000000000000000e+02
8.230000000000000000e+02 8.850000000000000000e+02
8.240000000000000000e+02 8.840000000000000000e+02
8.240000000000000000e+02 8.840000000000000000e+02
8.230000000000000000e+02 8.840000000000000000e+02
8.230000000000000000e+02 8.850000000000000000e+02
8.230000000000000000e+02 8.840000000000000000e+02
8.230000000000000000e+02 8.830000000000000000e+02
8.240000000000000000e+02 8.840000000000000000e+02
8.230000000000000000e+02 8.830000000000000000e+02
8.250000000000000000e+02 8.830000000000000000e+02
8.260000000000000000e+02 8.830000000000000000e+02
8.260000000000000000e+02 8.830000000000000000e+02
8.260000000000000000e+02 8.830000000000000000e+02
8.270000000000000000e+02 8.830000000000000000e+02
8.280000000000000000e+02 8.840000000000000000e+02
8.280000000000000000e+02 8.830000000000000000e+02
8.270000000000000000e+02 8.830000000000000000e+02
8.270000000000000000e+02 8.830000000000000000e+02
8.270000000000000000e+02 8.830000000000000000e+02
8.270000000000000000e+02 8.830000000000000000e+02
8.260000000000000000e+02 8.830000000000000000e+02
8.250000000000000000e+02 8.840000000000000000e+02
8.250000000000000000e+02 8.850000000000000000e+02
8.260000000000000000e+02 8.860000000000000000e+02
8.250000000000000000e+02 8.870000000000000000e+02
8.240000000000000000e+02 8.880000000000000000e+02
8.250000000000000000e+02 8.890000000000000000e+02
8.240000000000000000e+02 8.900000000000000000e+02
8.240000000000000000e+02 8.900000000000000000e+02
8.250000000000000000e+02 8.890000000000000000e+02
8.250000000000000000e+02 8.890000000000000000e+02
8.250000000000000000e+02 8.890000000000000000e+02
8.250000000000000000e+02 8.900000000000000000e+02
8.250000000000000000e+02 8.910000000000000000e+02
8.250000000000000000e+02 8.920000000000000000e+02
8.240000000000000000e+02 8.900000000000000000e+02
8.250000000000000000e+02 8.900000000000000000e+02
8.260000000000000000e+02 8.900000000000000000e+02
8.270000000000000000e+02 8.910000000000000000e+02
8.260000000000000000e+02 8.920000000000000000e+02
8.270000000000000000e+02 8.920000000000000000e+02
8.270000000000000000e+02 8.920000000000000000e+02
8.270000000000000000e+02 8.920000000000000000e+02
8.270000000000000000e+02 8.930000000000000000e+02
8.270000000000000000e+02 8.910000000000000000e+02
8.260000000000000000e+02 8.920000000000000000e+02
8.270000000000000000e+02 8.910000000000000000e+02
8.260000000000000000e+02 8.900000000000000000e+02
8.260000000000000000e+02 8.910000000000000000e+02
8.270000000000000000e+02 8.910000000000000000e+02
8.260000000000000000e+02 8.910000000000000000e+02
8.270000000000000000e+02 8.930000000000000000e+02
8.260000000000000000e+02 8.920000000000000000e+02
8.250000000000000000e+02 8.930000000000000000e+02
8.250000000000000000e+02 8.940000000000000000e+02
8.240000000000000000e+02 8.940000000000000000e+02
8.240000000000000000e+02 8.940000000000000000e+02
8.260000000000000000e+02 8.940000000000000000e+02
8.250000000000000000e+02 8.930000000000000000e+02
