# frames 101, center=[840, 880], duration=[500, 600], video=browniano sol 2_0
8.400000000000000000e+02 8.800000000000000000e+02
8.400000000000000000e+02 8.800000000000000000e+02
8.400000000000000000e+02 8.800000000000000000e+02
8.400000000000000000e+02 8.800000000000000000e+02
8.400000000000000000e+02 8.810000000000000000e+02
8.380000000000000000e+02 8.810000000000000000e+02
8.400000000000000000e+02 8.800000000000000000e+02
8.400000000000000000e+02 8.820000000000000000e+02
8.400000000000000000e+02 8.820000000000000000e+02
8.400000000000000000e+02 8.820000000000000000e+02
8.390000000000000000e+02 8.810000000000000000e+02
8.390000000000000000e+02 8.800000000000000000e+02
8.400000000000000000e+02 8.790000000000000000e+02
8.410000000000000000e+02 8.790000000000000000e+02
8.400000000000000000e+02 8.790000000000000000e+02
8.410000000000000000e+02 8.790000000000000000e+02
8.420000000000000000e+02 8.790000000000000000e+02
8.410000000000000000e+02 8.800000000000000000e+02
8.420000000000000000e+02 8.800000000000000000e+02
8.420000000000000000e+02 8.790000000000000000e+02
8.420000000000000000e+02 8.790000000000000000e+02
8.420000000000000000e+02 8.780000000000000000e+02
8.410000000000000000e+02 8.790000000000000000e+02
8.410000000000000000e+02 8.810000000000000000e+02
8.410000000000000000e+02 8.800000000000000000e+02
8.400000000000000000e+02 8.810000000000000000e+02
8.400000000000000000e+02 8.810000000000000000e+02
8.400000000000000000e+02 8.800000000000000000e+02
8.400000000000000000e+02 8.800000000000000000e+02
8.410000000000000000e+02 8.800000000000000000e+02
8.400000000000000000e+02 8.800000000000000000e+02
8.400000000000000000e+02 8.800000000000000000e+02
8.390000000000000000e+02 8.800000000000000000e+02
8.390000000000000000e+02 8.790000000000000000e+02
8.400000000000000000e+02 8.790000000000000000e+02
8.390000000000000000e+02 8.780000000000000000e+02
8.400000000000000000e+02 8.770000000000000000e+02
8.410000000000000000e+02 8.770000000000000000e+02
8.400000000000000000e+02 8.770000000000000000e+02
8.400000000000000000e+02 8.770000000000000000e+02
8.400000000000000000e+02 8.780000000000000000e+02
8.410000000000000000e+02 8.790000000000000000e+02
8.410000000000000000e+02 8.790000000000000000e+02
8.410000000000000000e+02 8.790000000000000000e+02
8.410000000000000000e+02 8.790000000000000000e+02
8.400000000000000000e+02 8.800000000000000000e+02
8.400000000000000000e+02 8.810000000000000000e+02
8.400000000000000000e+02 8.810000000000000000e+02
8.400000000000000000e+02 8.800000000000000000e+02
8.400000000000000000e+02 8.790000000000000000e+02
8.410000000000000000e+02 8.790000000000000000e+02
8.410000000000000000e+02 8.780000000000000000e+02
8.430000000000000000e+02 8.780000000000000000e+02
8.430000000000000000e+02 8.780000000000000000e+02
8.430000000000000000e+02 8.790000000000000000e+02
8.430000000000000000e+02 8.790000000000000000e+02
8.410000000000000000e+02 8.790000000000000000e+02
8.400000000000000000e+02 8.780000000000000000e+02
8.390000000000000000e+02 8.790000000000000000e+02
8.380000000000000000e+02 8.790000000000000000e+02
8.380000000000000000e+02 8.790000000000000000e+02
8.380000000000000000e+02 8.790000000000000000e+02
8.390000000000000000e+02 8.790000000000000000e+02
8.390000000000000000e+02 8.790000000000000000e+02
8.400000000000000000e+02 8.790000000000000000e+02
8.400000000000000000e+02 8.790000000000000000e+02
8.390000000000000000e+02 8.790000000000000000e+02
8.390000000000000000e+02 8.790000000000000000e+02
8.390000000000000000e+02 8.780000000000000000e+02
8.390000000000000000e+02 8.770000000000000000e+02
8.380000000000000000e+02 8.780000000000000000e+02
8.370000000000000000e+02 8.780000000000000000e+02
8.390000000000000000e+02 8.790000000000000000e+02
8.390000000000000000e+02 8.800000000000000000e+02
8.390000000000000000e+02 8.800000000000000000e+02
8.400000000000000000e+02 8.800000000000000000e+02
8.400000000000000000e+02 8.790000000000000000e+02
8.400000000000000000e+02 8.800000000000000000e+02
8.400000000000000000e+02 8.790000000000000000e+02
8.410000000000000000e+02 8.780000000000000000e+02
8.410000000000000000e+02 8.780000000000000000e+02
8.410000000000000000e+02 8.780000000000000000e+02
8.420000000000000000e+02 8.790000000000000000e+02
8.410000000000000000e+02 8.780000000000000000e+02
8.410000000000000000e+02 8.780000000000000000e+02
8.410000000000000000e+02 8.780000000000000000e+02
8.400000000000000000e+02 8.790000000000000000e+02
8.410000000000000000e+02 8.790000000000000000e+02
8.400000000000000000e+02 8.790000000000000000e+02
8.410000000000000000e+02 8.780000000000000000e+02
8.400000000000000000e+02 8.760000000000000000e+02
8.410000000000000000e+02 8.760000000000000000e+02
8.410000000000000000e+02 8.750000000000000000e+02
8.420000000000000000e+02 8.740000000000000000e+02
8.420000000000000000e+02 8.740000000000000000e+02
8.420000000000000000e+02 8.720000000000000000e+02
8.420000000000000000e+02 8.730000000000000000e+02
8.420000000000000000e+02 8.720000000000000000e+02
8.420000000000000000e+02 8.720000000000000000e+02
8.440000000000000000e+02 8.720000000000000000e+02
8.430000000000000000e+02 8.730000000000000000e+02
