# frames 101, center=[862, 877], duration=[1100, 1200], video=browniano sol 2_0
8.620000000000000000e+02 8.770000000000000000e+02
8.620000000000000000e+02 8.770000000000000000e+02
8.620000000000000000e+02 8.770000000000000000e+02
8.620000000000000000e+02 8.770000000000000000e+02
8.630000000000000000e+02 8.770000000000000000e+02
8.620000000000000000e+02 8.770000000000000000e+02
8.620000000000000000e+02 8.780000000000000000e+02
8.620000000000000000e+02 8.780000000000000000e+02
8.620000000000000000e+02 8.790000000000000000e+02
8.620000000000000000e+02 8.790000000000000000e+02
8.630000000000000000e+02 8.790000000000000000e+02
8.640000000000000000e+02 8.800000000000000000e+02
8.620000000000000000e+02 8.790000000000000000e+02
8.630000000000000000e+02 8.790000000000000000e+02
8.630000000000000000e+02 8.790000000000000000e+02
8.630000000000000000e+02 8.790000000000000000e+02
8.650000000000000000e+02 8.790000000000000000e+02
8.650000000000000000e+02 8.780000000000000000e+02
8.660000000000000000e+02 8.770000000000000000e+02
8.640000000000000000e+02 8.770000000000000000e+02
8.640000000000000000e+02 8.770000000000000000e+02
8.660000000000000000e+02 8.770000000000000000e+02
8.660000000000000000e+02 8.760000000000000000e+02
8.670000000000000000e+02 8.760000000000000000e+02
8.660000000000000000e+02 8.770000000000000000e+02
8.680000000000000000e+02 8.770000000000000000e+02
8.670000000000000000e+02 8.780000000000000000e+02
8.680000000000000000e+02 8.780000000000000000e+02
8.670000000000000000e+02 8.780000000000000000e+02
8.670000000000000000e+02 8.790000000000000000e+02
8.670000000000000000e+02 8.790000000000000000e+02
8.680000000000000000e+02 8.780000000000000000e+02
8.680000000000000000e+02 8.780000000000000000e+02
8.670000000000000000e+02 8.780000000000000000e+02
8.660000000000000000e+02 8.770000000000000000e+02
8.650000000000000000e+02 8.770000000000000000e+02
8.660000000000000000e+02 8.770000000000000000e+02
8.660000000000000000e+02 8.770000000000000000e+02
8.660000000000000000e+02 8.760000000000000000e+02
8.650000000000000000e+02 8.770000000000000000e+02
8.640000000000000000e+02 8.770000000000000000e+02
8.640000000000000000e+02 8.770000000000000000e+02
8.640000000000000000e+02 8.770000000000000000e+02
8.630000000000000000e+02 8.770000000000000000e+02
8.620000000000000000e+02 8.790000000000000000e+02
8.620000000000000000e+02 8.790000000000000000e+02
8.630000000000000000e+02 8.780000000000000000e+02
8.630000000000000000e+02 8.780000000000000000e+02
8.630000000000000000e+02 8.780000000000000000e+02
8.640000000000000000e+02 8.780000000000000000e+02
8.640000000000000000e+02 8.780000000000000000e+02
8.630000000000000000e+02 8.780000000000000000e+02
8.620000000000000000e+02 8.790000000000000000e+02
8.620000000000000000e+02 8.790000000000000000e+02
8.620000000000000000e+02 8.790000000000000000e+02
8.620000000000000000e+02 8.800000000000000000e+02
8.620000000000000000e+02 8.810000000000000000e+02
8.620000000000000000e+02 8.800000000000000000e+02
8.620000000000000000e+02 8.800000000000000000e+02
8.620000000000000000e+02 8.790000000000000000e+02
8.620000000000000000e+02 8.800000000000000000e+02
8.630000000000000000e+02 8.800000000000000000e+02
8.640000000000000000e+02 8.800000000000000000e+02
8.650000000000000000e+02 8.800000000000000000e+02
8.640000000000000000e+02 8.790000000000000000e+02
8.640000000000000000e+02 8.790000000000000000e+02
8.660000000000000000e+02 8.790000000000000000e+02
8.650000000000000000e+02 8.790000000000000000e+02
8.650000000000000000e+02 8.780000000000000000e+02
8.640000000000000000e+02 8.790000000000000000e+02
8.640000000000000000e+02 8.790000000000000000e+02
8.640000000000000000e+02 8.790000000000000000e+02
8.620000000000000000e+02 8.790000000000000000e+02
8.620000000000000000e+02 8.800000000000000000e+02
8.630000000000000000e+02 8.800000000000000000e+02
8.630000000000000000e+02 8.780000000000000000e+02
8.630000000000000000e+02 8.780000000000000000e+02
8.620000000000000000e+02 8.780000000000000000e+02
8.630000000000000000e+02 8.780000000000000000e+02
8.620000000000000000e+02 8.790000000000000000e+02
8.630000000000000000e+02 8.800000000000000000e+02
8.620000000000000000e+02 8.810000000000000000e+02
8.620000000000000000e+02 8.810000000000000000e+02
8.630000000000000000e+02 8.810000000000000000e+02
8.640000000000000000e+02 8.810000000000000000e+02
8.650000000000000000e+02 8.800000000000000000e+02
8.650000000000000000e+02 8.800000000000000000e+02
8.640000000000000000e+02 8.790000000000000000e+02
8.640000000000000000e+02 8.790000000000000000e+02
8.640000000000000000e+02 8.790000000000000000e+02
8.640000000000000000e+02 8.770000000000000000e+02
8.650000000000000000e+02 8.770000000000000000e+02
8.640000000000000000e+02 8.760000000000000000e+02
8.640000000000000000e+02 8.760000000000000000e+02
8.640000000000000000e+02 8.750000000000000000e+02
8.630000000000000000e+02 8.750000000000000000e+02
8.640000000000000000e+02 8.750000000000000000e+02
8.650000000000000000e+02 8.760000000000000000e+02
8.650000000000000000e+02 8.760000000000000000e+02
8.640000000000000000e+02 8.760000000000000000e+02
8.650000000000000000e+02 8.760000000000000000e+02
