# frames 101, center=[822, 900], duration=[100, 200], video=browniano sol 2_0
8.220000000000000000e+02 9.000000000000000000e+02
8.220000000000000000e+02 9.000000000000000000e+02
8.220000000000000000e+02 9.000000000000000000e+02
8.230000000000000000e+02 9.010000000000000000e+02
8.230000000000000000e+02 9.010000000000000000e+02
8.230000000000000000e+02 9.010000000000000000e+02
8.240000000000000000e+02 9.010000000000000000e+02
8.240000000000000000e+02 9.010000000000000000e+02
8.240000000000000000e+02 9.000000000000000000e+02
8.240000000000000000e+02 9.000000000000000000e+02
8.240000000000000000e+02 9.010000000000000000e+02
8.240000000000000000e+02 9.000000000000000000e+02
8.240000000000000000e+02 9.000000000000000000e+02
8.250000000000000000e+02 8.990000000000000000e+02
8.250000000000000000e+02 8.980000000000000000e+02
8.240000000000000000e+02 8.980000000000000000e+02
8.250000000000000000e+02 8.980000000000000000e+02
8.250000000000000000e+02 8.970000000000000000e+02
8.260000000000000000e+02 8.980000000000000000e+02
8.250000000000000000e+02 8.970000000000000000e+02
8.250000000000000000e+02 8.970000000000000000e+02
8.250000000000000000e+02 8.970000000000000000e+02
8.230000000000000000e+02 8.970000000000000000e+02
8.240000000000000000e+02 8.960000000000000000e+02
8.240000000000000000e+02 8.970000000000000000e+02
8.240000000000000000e+02 8.960000000000000000e+02
8.250000000000000000e+02 8.970000000000000000e+02
8.240000000000000000e+02 8.960000000000000000e+02
8.240000000000000000e+02 8.960000000000000000e+02
8.230000000000000000e+02 8.960000000000000000e+02
8.230000000000000000e+02 8.950000000000000000e+02
8.220000000000000000e+02 8.950000000000000000e+02
8.220000000000000000e+02 8.950000000000000000e+02
8.220000000000000000e+02 8.950000000000000000e+02
8.210000000000000000e+02 8.940000000000000000e+02
8.210000000000000000e+02 8.950000000000000000e+02
8.210000000000000000e+02 8.950000000000000000e+02
8.210000000000000000e+02 8.950000000000000000e+02
8.220000000000000000e+02 8.960000000000000000e+02
8.210000000000000000e+02 8.970000000000000000e+02
8.200000000000000000e+02 8.970000000000000000e+02
8.200000000000000000e+02 8.980000000000000000e+02
8.200000000000000000e+02 8.980000000000000000e+02
8.200000000000000000e+02 8.980000000000000000e+02
8.200000000000000000e+02 8.970000000000000000e+02
8.190000000000000000e+02 8.970000000000000000e+02
8.200000000000000000e+02 8.980000000000000000e+02
8.190000000000000000e+02 8.980000000000000000e+02
8.190000000000000000e+02 8.970000000000000000e+02
8.180000000000000000e+02 8.960000000000000000e+02
8.190000000000000000e+02 8.970000000000000000e+02
8.190000000000000000e+02 8.980000000000000000e+02
8.190000000000000000e+02 8.980000000000000000e+02
8.180000000000000000e+02 8.980000000000000000e+02
8.180000000000000000e+02 8.960000000000000000e+02
8.180000000000000000e+02 8.950000000000000000e+02
8.190000000000000000e+02 8.950000000000000000e+02
8.200000000000000000e+02 8.960000000000000000e+02
8.200000000000000000e+02 8.950000000000000000e+02
8.200000000000000000e+02 8.950000000000000000e+02
8.200000000000000000e+02 8.960000000000000000e+02
8.200000000000000000e+02 8.950000000000000000e+02
8.200000000000000000e+02 8.960000000000000000e+02
8.200000000000000000e+02 8.960000000000000000e+02
8.200000000000000000e+02 8.970000000000000000e+02
8.200000000000000000e+02 8.970000000000000000e+02
8.210000000000000000e+02 8.960000000000000000e+02
8.200000000000000000e+02 8.960000000000000000e+02
8.200000000000000000e+02 8.960000000000000000e+02
8.220000000000000000e+02 8.960000000000000000e+02
8.220000000000000000e+02 8.970000000000000000e+02
8.240000000000000000e+02 8.970000000000000000e+02
8.240000000000000000e+02 8.970000000000000000e+02
8.240000000000000000e+02 8.960000000000000000e+02
8.240000000000000000e+02 8.960000000000000000e+02
8.240000000000000000e+02 8.960000000000000000e+02
8.240000000000000000e+02 8.960000000000000000e+02
8.240000000000000000e+02 8.950000000000000000e+02
8.250000000000000000e+02 8.950000000000000000e+02
8.240000000000000000e+02 8.950000000000000000e+02
8.240000000000000000e+02 8.950000000000000000e+02
8.230000000000000000e+02 8.960000000000000000e+02
8.240000000000000000e+02 8.950000000000000000e+02
8.240000000000000000e+02 8.960000000000000000e+02
8.240000000000000000e+02 8.950000000000000000e+02
8.240000000000000000e+02 8.950000000000000000e+02
8.240000000000000000e+02 8.950000000000000000e+02
8.230000000000000000e+02 8.950000000000000000e+02
8.220000000000000000e+02 8.940000000000000000e+02
8.220000000000000000e+02 8.940000000000000000e+02
8.210000000000000000e+02 8.930000000000000000e+02
8.190000000000000000e+02 8.920000000000000000e+02
8.200000000000000000e+02 8.920000000000000000e+02
8.200000000000000000e+02 8.910000000000000000e+02
8.200000000000000000e+02 8.910000000000000000e+02
8.200000000000000000e+02 8.920000000000000000e+02
8.210000000000000000e+02 8.930000000000000000e+02
8.210000000000000000e+02 8.930000000000000000e+02
8.220000000000000000e+02 8.940000000000000000e+02
8.220000000000000000e+02 8.940000000000000000e+02
8.230000000000000000e+02 8.930000000000000000e+02
