# frames 101, center=[858, 869], duration=[1000, 1100], video=browniano sol 2_0
8.580000000000000000e+02 8.690000000000000000e+02
8.580000000000000000e+02 8.690000000000000000e+02
8.580000000000000000e+02 8.690000000000000000e+02
8.590000000000000000e+02 8.690000000000000000e+02
8.590000000000000000e+02 8.700000000000000000e+02
8.580000000000000000e+02 8.690000000000000000e+02
8.580000000000000000e+02 8.710000000000000000e+02
8.580000000000000000e+02 8.710000000000000000e+02
8.590000000000000000e+02 8.710000000000000000e+02
8.590000000000000000e+02 8.710000000000000000e+02
8.580000000000000000e+02 8.710000000000000000e+02
8.580000000000000000e+02 8.710000000000000000e+02
8.580000000000000000e+02 8.710000000000000000e+02
8.580000000000000000e+02 8.720000000000000000e+02
8.590000000000000000e+02 8.720000000000000000e+02
8.580000000000000000e+02 8.720000000000000000e+02
8.580000000000000000e+02 8.720000000000000000e+02
8.590000000000000000e+02 8.730000000000000000e+02
8.580000000000000000e+02 8.720000000000000000e+02
8.590000000000000000e+02 8.710000000000000000e+02
8.590000000000000000e+02 8.720000000000000000e+02
8.590000000000000000e+02 8.710000000000000000e+02
8.590000000000000000e+02 8.710000000000000000e+02
8.580000000000000000e+02 8.720000000000000000e+02
8.580000000000000000e+02 8.720000000000000000e+02
8.580000000000000000e+02 8.730000000000000000e+02
8.590000000000000000e+02 8.720000000000000000e+02
8.590000000000000000e+02 8.730000000000000000e+02
8.590000000000000000e+02 8.730000000000000000e+02
8.600000000000000000e+02 8.730000000000000000e+02
8.590000000000000000e+02 8.740000000000000000e+02
8.600000000000000000e+02 8.730000000000000000e+02
8.600000000000000000e+02 8.740000000000000000e+02
8.600000000000000000e+02 8.740000000000000000e+02
8.610000000000000000e+02 8.740000000000000000e+02
8.610000000000000000e+02 8.740000000000000000e+02
8.620000000000000000e+02 8.740000000000000000e+02
8.620000000000000000e+02 8.750000000000000000e+02
8.630000000000000000e+02 8.750000000000000000e+02
8.620000000000000000e+02 8.740000000000000000e+02
8.630000000000000000e+02 8.750000000000000000e+02
8.640000000000000000e+02 8.750000000000000000e+02
8.640000000000000000e+02 8.750000000000000000e+02
8.650000000000000000e+02 8.760000000000000000e+02
8.640000000000000000e+02 8.750000000000000000e+02
8.640000000000000000e+02 8.760000000000000000e+02
8.640000000000000000e+02 8.760000000000000000e+02
8.640000000000000000e+02 8.760000000000000000e+02
8.640000000000000000e+02 8.760000000000000000e+02
8.650000000000000000e+02 8.760000000000000000e+02
8.640000000000000000e+02 8.760000000000000000e+02
8.640000000000000000e+02 8.760000000000000000e+02
8.650000000000000000e+02 8.770000000000000000e+02
8.650000000000000000e+02 8.770000000000000000e+02
8.660000000000000000e+02 8.770000000000000000e+02
8.660000000000000000e+02 8.770000000000000000e+02
8.650000000000000000e+02 8.780000000000000000e+02
8.660000000000000000e+02 8.770000000000000000e+02
8.650000000000000000e+02 8.780000000000000000e+02
8.660000000000000000e+02 8.780000000000000000e+02
8.660000000000000000e+02 8.770000000000000000e+02
8.670000000000000000e+02 8.770000000000000000e+02
8.670000000000000000e+02 8.770000000000000000e+02
8.670000000000000000e+02 8.780000000000000000e+02
8.670000000000000000e+02 8.770000000000000000e+02
8.670000000000000000e+02 8.770000000000000000e+02
8.670000000000000000e+02 8.780000000000000000e+02
8.670000000000000000e+02 8.780000000000000000e+02
8.670000000000000000e+02 8.780000000000000000e+02
8.680000000000000000e+02 8.780000000000000000e+02
8.690000000000000000e+02 8.780000000000000000e+02
8.680000000000000000e+02 8.780000000000000000e+02
8.690000000000000000e+02 8.790000000000000000e+02
8.680000000000000000e+02 8.790000000000000000e+02
8.680000000000000000e+02 8.790000000000000000e+02
8.680000000000000000e+02 8.780000000000000000e+02
8.680000000000000000e+02 8.780000000000000000e+02
8.680000000000000000e+02 8.780000000000000000e+02
8.680000000000000000e+02 8.790000000000000000e+02
8.680000000000000000e+02 8.790000000000000000e+02
8.680000000000000000e+02 8.800000000000000000e+02
8.670000000000000000e+02 8.800000000000000000e+02
8.680000000000000000e+02 8.790000000000000000e+02
8.680000000000000000e+02 8.800000000000000000e+02
8.670000000000000000e+02 8.800000000000000000e+02
8.670000000000000000e+02 8.790000000000000000e+02
8.660000000000000000e+02 8.790000000000000000e+02
8.660000000000000000e+02 8.790000000000000000e+02
8.660000000000000000e+02 8.790000000000000000e+02
8.650000000000000000e+02 8.790000000000000000e+02
8.660000000000000000e+02 8.790000000000000000e+02
8.660000000000000000e+02 8.780000000000000000e+02
8.650000000000000000e+02 8.780000000000000000e+02
8.650000000000000000e+02 8.770000000000000000e+02
8.640000000000000000e+02 8.780000000000000000e+02
8.640000000000000000e+02 8.770000000000000000e+02
8.640000000000000000e+02 8.770000000000000000e+02
8.650000000000000000e+02 8.770000000000000000e+02
8.650000000000000000e+02 8.770000000000000000e+02
8.650000000000000000e+02 8.760000000000000000e+02
8.650000000000000000e+02 8.770000000000000000e+02
