# frames 101, center=[958, 930], duration=[700, 800], video=browniano sol 2_0
9.580000000000000000e+02 9.300000000000000000e+02
9.580000000000000000e+02 9.300000000000000000e+02
9.580000000000000000e+02 9.300000000000000000e+02
9.580000000000000000e+02 9.300000000000000000e+02
9.570000000000000000e+02 9.290000000000000000e+02
9.560000000000000000e+02 9.290000000000000000e+02
9.560000000000000000e+02 9.290000000000000000e+02
9.560000000000000000e+02 9.280000000000000000e+02
9.540000000000000000e+02 9.290000000000000000e+02
9.550000000000000000e+02 9.290000000000000000e+02
9.540000000000000000e+02 9.300000000000000000e+02
9.540000000000000000e+02 9.300000000000000000e+02
9.540000000000000000e+02 9.300000000000000000e+02
9.540000000000000000e+02 9.310000000000000000e+02
9.530000000000000000e+02 9.300000000000000000e+02
9.530000000000000000e+02 9.300000000000000000e+02
9.520000000000000000e+02 9.300000000000000000e+02
9.520000000000000000e+02 9.310000000000000000e+02
9.520000000000000000e+02 9.310000000000000000e+02
9.520000000000000000e+02 9.310000000000000000e+02
9.520000000000000000e+02 9.320000000000000000e+02
9.510000000000000000e+02 9.310000000000000000e+02
9.510000000000000000e+02 9.310000000000000000e+02
9.520000000000000000e+02 9.310000000000000000e+02
9.520000000000000000e+02 9.300000000000000000e+02
9.520000000000000000e+02 9.320000000000000000e+02
9.520000000000000000e+02 9.310000000000000000e+02
9.520000000000000000e+02 9.310000000000000000e+02
9.520000000000000000e+02 9.320000000000000000e+02
9.520000000000000000e+02 9.310000000000000000e+02
9.520000000000000000e+02 9.320000000000000000e+02
9.530000000000000000e+02 9.320000000000000000e+02
9.540000000000000000e+02 9.320000000000000000e+02
9.540000000000000000e+02 9.320000000000000000e+02
9.540000000000000000e+02 9.320000000000000000e+02
9.550000000000000000e+02 9.320000000000000000e+02
9.550000000000000000e+02 9.330000000000000000e+02
9.550000000000000000e+02 9.330000000000000000e+02
9.560000000000000000e+02 9.340000000000000000e+02
9.560000000000000000e+02 9.350000000000000000e+02
9.560000000000000000e+02 9.350000000000000000e+02
9.550000000000000000e+02 9.350000000000000000e+02
9.550000000000000000e+02 9.350000000000000000e+02
9.540000000000000000e+02 9.360000000000000000e+02
9.540000000000000000e+02 9.360000000000000000e+02
9.540000000000000000e+02 9.350000000000000000e+02
9.540000000000000000e+02 9.350000000000000000e+02
9.550000000000000000e+02 9.350000000000000000e+02
9.550000000000000000e+02 9.350000000000000000e+02
9.550000000000000000e+02 9.340000000000000000e+02
9.550000000000000000e+02 9.340000000000000000e+02
9.540000000000000000e+02 9.340000000000000000e+02
9.540000000000000000e+02 9.340000000000000000e+02
9.540000000000000000e+02 9.340000000000000000e+02
9.540000000000000000e+02 9.340000000000000000e+02
9.540000000000000000e+02 9.340000000000000000e+02
9.540000000000000000e+02 9.350000000000000000e+02
9.540000000000000000e+02 9.360000000000000000e+02
9.530000000000000000e+02 9.370000000000000000e+02
9.530000000000000000e+02 9.370000000000000000e+02
9.540000000000000000e+02 9.360000000000000000e+02
9.530000000000000000e+02 9.350000000000000000e+02
9.530000000000000000e+02 9.350000000000000000e+02
9.530000000000000000e+02 9.350000000000000000e+02
9.540000000000000000e+02 9.360000000000000000e+02
9.540000000000000000e+02 9.370000000000000000e+02
9.540000000000000000e+02 9.370000000000000000e+02
9.540000000000000000e+02 9.370000000000000000e+02
9.550000000000000000e+02 9.370000000000000000e+02
9.550000000000000000e+02 9.370000000000000000e+02
9.550000000000000000e+02 9.370000000000000000e+02
9.560000000000000000e+02 9.380000000000000000e+02
9.550000000000000000e+02 9.390000000000000000e+02
9.560000000000000000e+02 9.400000000000000000e+02
9.550000000000000000e+02 9.400000000000000000e+02
9.540000000000000000e+02 9.400000000000000000e+02
9.550000000000000000e+02 9.400000000000000000e+02
9.550000000000000000e+02 9.410000000000000000e+02
9.550000000000000000e+02 9.420000000000000000e+02
9.540000000000000000e+02 9.420000000000000000e+02
9.550000000000000000e+02 9.420000000000000000e+02
9.550000000000000000e+02 9.430000000000000000e+02
9.550000000000000000e+02 9.430000000000000000e+02
9.550000000000000000e+02 9.430000000000000000e+02
9.540000000000000000e+02 9.450000000000000000e+02
9.560000000000000000e+02 9.450000000000000000e+02
9.560000000000000000e+02 9.460000000000000000e+02
9.560000000000000000e+02 9.470000000000000000e+02
9.560000000000000000e+02 9.480000000000000000e+02
9.560000000000000000e+02 9.470000000000000000e+02
9.560000000000000000e+02 9.470000000000000000e+02
9.550000000000000000e+02 9.470000000000000000e+02
9.540000000000000000e+02 9.460000000000000000e+02
9.550000000000000000e+02 9.470000000000000000e+02
9.560000000000000000e+02 9.460000000000000000e+02
9.560000000000000000e+02 9.460000000000000000e+02
9.560000000000000000e+02 9.460000000000000000e+02
9.560000000000000000e+02 9.450000000000000000e+02
9.560000000000000000e+02 9.440000000000000000e+02
9.560000000000000000e+02 9.430000000000000000e+02
9.560000000000000000e+02 9.440000000000000000e+02
