# frames 101, center=[954, 941], duration=[800, 900], video=browniano sol 2_0
9.540000000000000000e+02 9.410000000000000000e+02
9.540000000000000000e+02 9.410000000000000000e+02
9.540000000000000000e+02 9.410000000000000000e+02
9.540000000000000000e+02 9.410000000000000000e+02
9.540000000000000000e+02 9.420000000000000000e+02
9.540000000000000000e+02 9.410000000000000000e+02
9.550000000000000000e+02 9.410000000000000000e+02
9.540000000000000000e+02 9.400000000000000000e+02
9.540000000000000000e+02 9.410000000000000000e+02
9.540000000000000000e+02 9.410000000000000000e+02
9.540000000000000000e+02 9.410000000000000000e+02
9.530000000000000000e+02 9.420000000000000000e+02
9.530000000000000000e+02 9.420000000000000000e+02
9.540000000000000000e+02 9.410000000000000000e+02
9.550000000000000000e+02 9.410000000000000000e+02
9.550000000000000000e+02 9.410000000000000000e+02
9.560000000000000000e+02 9.410000000000000000e+02
9.560000000000000000e+02 9.400000000000000000e+02
9.560000000000000000e+02 9.400000000000000000e+02
9.560000000000000000e+02 9.410000000000000000e+02
9.560000000000000000e+02 9.410000000000000000e+02
9.570000000000000000e+02 9.420000000000000000e+02
9.560000000000000000e+02 9.420000000000000000e+02
9.570000000000000000e+02 9.420000000000000000e+02
9.570000000000000000e+02 9.410000000000000000e+02
9.580000000000000000e+02 9.410000000000000000e+02
9.570000000000000000e+02 9.400000000000000000e+02
9.580000000000000000e+02 9.400000000000000000e+02
9.570000000000000000e+02 9.390000000000000000e+02
9.570000000000000000e+02 9.390000000000000000e+02
9.570000000000000000e+02 9.400000000000000000e+02
9.580000000000000000e+02 9.390000000000000000e+02
9.580000000000000000e+02 9.400000000000000000e+02
9.560000000000000000e+02 9.390000000000000000e+02
9.560000000000000000e+02 9.390000000000000000e+02
9.560000000000000000e+02 9.390000000000000000e+02
9.560000000000000000e+02 9.390000000000000000e+02
9.560000000000000000e+02 9.390000000000000000e+02
9.560000000000000000e+02 9.400000000000000000e+02
9.570000000000000000e+02 9.400000000000000000e+02
9.580000000000000000e+02 9.410000000000000000e+02
9.580000000000000000e+02 9.410000000000000000e+02
9.590000000000000000e+02 9.400000000000000000e+02
9.590000000000000000e+02 9.400000000000000000e+02
9.590000000000000000e+02 9.380000000000000000e+02
9.600000000000000000e+02 9.390000000000000000e+02
9.600000000000000000e+02 9.380000000000000000e+02
9.610000000000000000e+02 9.380000000000000000e+02
9.600000000000000000e+02 9.380000000000000000e+02
9.610000000000000000e+02 9.370000000000000000e+02
9.610000000000000000e+02 9.370000000000000000e+02
9.610000000000000000e+02 9.380000000000000000e+02
9.600000000000000000e+02 9.380000000000000000e+02
9.600000000000000000e+02 9.370000000000000000e+02
9.600000000000000000e+02 9.380000000000000000e+02
9.600000000000000000e+02 9.390000000000000000e+02
9.600000000000000000e+02 9.390000000000000000e+02
9.620000000000000000e+02 9.390000000000000000e+02
9.620000000000000000e+02 9.380000000000000000e+02
9.620000000000000000e+02 9.380000000000000000e+02
9.620000000000000000e+02 9.380000000000000000e+02
9.630000000000000000e+02 9.380000000000000000e+02
9.630000000000000000e+02 9.380000000000000000e+02
9.630000000000000000e+02 9.380000000000000000e+02
9.620000000000000000e+02 9.390000000000000000e+02
9.610000000000000000e+02 9.380000000000000000e+02
9.610000000000000000e+02 9.380000000000000000e+02
9.600000000000000000e+02 9.390000000000000000e+02
9.610000000000000000e+02 9.390000000000000000e+02
9.610000000000000000e+02 9.390000000000000000e+02
9.600000000000000000e+02 9.390000000000000000e+02
9.610000000000000000e+02 9.380000000000000000e+02
9.610000000000000000e+02 9.380000000000000000e+02
9.610000000000000000e+02 9.380000000000000000e+02
9.610000000000000000e+02 9.370000000000000000e+02
9.620000000000000000e+02 9.370000000000000000e+02
9.620000000000000000e+02 9.370000000000000000e+02
9.620000000000000000e+02 9.380000000000000000e+02
9.610000000000000000e+02 9.380000000000000000e+02
9.610000000000000000e+02 9.390000000000000000e+02
9.610000000000000000e+02 9.400000000000000000e+02
9.600000000000000000e+02 9.400000000000000000e+02
9.590000000000000000e+02 9.400000000000000000e+02
9.590000000000000000e+02 9.400000000000000000e+02
9.590000000000000000e+02 9.400000000000000000e+02
9.590000000000000000e+02 9.400000000000000000e+02
9.590000000000000000e+02 9.400000000000000000e+02
9.590000000000000000e+02 9.400000000000000000e+02
9.580000000000000000e+02 9.400000000000000000e+02
9.590000000000000000e+02 9.400000000000000000e+02
9.590000000000000000e+02 9.400000000000000000e+02
9.590000000000000000e+02 9.400000000000000000e+02
9.600000000000000000e+02 9.400000000000000000e+02
9.600000000000000000e+02 9.400000000000000000e+02
9.610000000000000000e+02 9.410000000000000000e+02
9.610000000000000000e+02 9.420000000000000000e+02
9.600000000000000000e+02 9.420000000000000000e+02
9.600000000000000000e+02 9.420000000000000000e+02
9.600000000000000000e+02 9.410000000000000000e+02
9.610000000000000000e+02 9.400000000000000000e+02
9.600000000000000000e+02 9.400000000000000000e+02
