# frames 101, center=[957, 929], duration=[500, 600], video=browniano sol 2_0
9.570000000000000000e+02 9.290000000000000000e+02
9.570000000000000000e+02 9.290000000000000000e+02
9.570000000000000000e+02 9.290000000000000000e+02
9.570000000000000000e+02 9.280000000000000000e+02
9.570000000000000000e+02 9.280000000000000000e+02
9.580000000000000000e+02 9.290000000000000000e+02
9.570000000000000000e+02 9.290000000000000000e+02
9.570000000000000000e+02 9.310000000000000000e+02
9.570000000000000000e+02 9.310000000000000000e+02
9.580000000000000000e+02 9.320000000000000000e+02
9.570000000000000000e+02 9.340000000000000000e+02
9.580000000000000000e+02 9.320000000000000000e+02
9.570000000000000000e+02 9.320000000000000000e+02
9.560000000000000000e+02 9.320000000000000000e+02
9.570000000000000000e+02 9.310000000000000000e+02
9.550000000000000000e+02 9.310000000000000000e+02
9.570000000000000000e+02 9.320000000000000000e+02
9.570000000000000000e+02 9.320000000000000000e+02
9.580000000000000000e+02 9.330000000000000000e+02
9.580000000000000000e+02 9.330000000000000000e+02
9.580000000000000000e+02 9.340000000000000000e+02
9.600000000000000000e+02 9.340000000000000000e+02
9.600000000000000000e+02 9.340000000000000000e+02
9.600000000000000000e+02 9.340000000000000000e+02
9.600000000000000000e+02 9.330000000000000000e+02
9.600000000000000000e+02 9.330000000000000000e+02
9.590000000000000000e+02 9.330000000000000000e+02
9.590000000000000000e+02 9.330000000000000000e+02
9.590000000000000000e+02 9.330000000000000000e+02
9.580000000000000000e+02 9.330000000000000000e+02
9.590000000000000000e+02 9.330000000000000000e+02
9.580000000000000000e+02 9.330000000000000000e+02
9.590000000000000000e+02 9.330000000000000000e+02
9.590000000000000000e+02 9.340000000000000000e+02
9.590000000000000000e+02 9.340000000000000000e+02
9.590000000000000000e+02 9.330000000000000000e+02
9.590000000000000000e+02 9.330000000000000000e+02
9.600000000000000000e+02 9.330000000000000000e+02
9.600000000000000000e+02 9.340000000000000000e+02
9.620000000000000000e+02 9.340000000000000000e+02
9.620000000000000000e+02 9.330000000000000000e+02
9.620000000000000000e+02 9.320000000000000000e+02
9.630000000000000000e+02 9.320000000000000000e+02
9.610000000000000000e+02 9.330000000000000000e+02
9.610000000000000000e+02 9.330000000000000000e+02
9.610000000000000000e+02 9.330000000000000000e+02
9.600000000000000000e+02 9.340000000000000000e+02
9.610000000000000000e+02 9.330000000000000000e+02
9.610000000000000000e+02 9.340000000000000000e+02
9.610000000000000000e+02 9.330000000000000000e+02
9.610000000000000000e+02 9.340000000000000000e+02
9.610000000000000000e+02 9.330000000000000000e+02
9.610000000000000000e+02 9.330000000000000000e+02
9.620000000000000000e+02 9.320000000000000000e+02
9.620000000000000000e+02 9.320000000000000000e+02
9.640000000000000000e+02 9.320000000000000000e+02
9.640000000000000000e+02 9.320000000000000000e+02
9.640000000000000000e+02 9.330000000000000000e+02
9.650000000000000000e+02 9.330000000000000000e+02
9.640000000000000000e+02 9.340000000000000000e+02
9.640000000000000000e+02 9.350000000000000000e+02
9.640000000000000000e+02 9.360000000000000000e+02
9.640000000000000000e+02 9.350000000000000000e+02
9.640000000000000000e+02 9.350000000000000000e+02
9.630000000000000000e+02 9.350000000000000000e+02
9.630000000000000000e+02 9.350000000000000000e+02
9.630000000000000000e+02 9.350000000000000000e+02
9.640000000000000000e+02 9.340000000000000000e+02
9.640000000000000000e+02 9.340000000000000000e+02
9.660000000000000000e+02 9.340000000000000000e+02
9.650000000000000000e+02 9.340000000000000000e+02
9.650000000000000000e+02 9.350000000000000000e+02
9.640000000000000000e+02 9.350000000000000000e+02
9.640000000000000000e+02 9.340000000000000000e+02
9.640000000000000000e+02 9.340000000000000000e+02
9.640000000000000000e+02 9.340000000000000000e+02
9.630000000000000000e+02 9.340000000000000000e+02
9.630000000000000000e+02 9.350000000000000000e+02
9.610000000000000000e+02 9.350000000000000000e+02
9.620000000000000000e+02 9.360000000000000000e+02
9.620000000000000000e+02 9.350000000000000000e+02
9.630000000000000000e+02 9.350000000000000000e+02
9.630000000000000000e+02 9.360000000000000000e+02
9.630000000000000000e+02 9.370000000000000000e+02
9.630000000000000000e+02 9.370000000000000000e+02
9.640000000000000000e+02 9.360000000000000000e+02
9.650000000000000000e+02 9.370000000000000000e+02
9.640000000000000000e+02 9.380000000000000000e+02
9.630000000000000000e+02 9.370000000000000000e+02
9.630000000000000000e+02 9.370000000000000000e+02
9.630000000000000000e+02 9.370000000000000000e+02
9.620000000000000000e+02 9.370000000000000000e+02
9.610000000000000000e+02 9.370000000000000000e+02
9.600000000000000000e+02 9.370000000000000000e+02
9.590000000000000000e+02 9.370000000000000000e+02
9.600000000000000000e+02 9.370000000000000000e+02
9.590000000000000000e+02 9.380000000000000000e+02
9.600000000000000000e+02 9.380000000000000000e+02
9.610000000000000000e+02 9.370000000000000000e+02
9.610000000000000000e+02 9.370000000000000000e+02
9.610000000000000000e+02 9.350000000000000000e+02
