# frames 101, center=[957, 947], duration=[0, 100], video=browniano sol 2_0
9.570000000000000000e+02 9.470000000000000000e+02
9.570000000000000000e+02 9.470000000000000000e+02
9.570000000000000000e+02 9.470000000000000000e+02
9.570000000000000000e+02 9.470000000000000000e+02
9.560000000000000000e+02 9.470000000000000000e+02
9.570000000000000000e+02 9.480000000000000000e+02
9.570000000000000000e+02 9.480000000000000000e+02
9.560000000000000000e+02 9.480000000000000000e+02
9.560000000000000000e+02 9.470000000000000000e+02
9.560000000000000000e+02 9.470000000000000000e+02
9.570000000000000000e+02 9.470000000000000000e+02
9.570000000000000000e+02 9.450000000000000000e+02
9.570000000000000000e+02 9.450000000000000000e+02
9.560000000000000000e+02 9.450000000000000000e+02
9.560000000000000000e+02 9.460000000000000000e+02
9.550000000000000000e+02 9.450000000000000000e+02
9.550000000000000000e+02 9.450000000000000000e+02
9.540000000000000000e+02 9.450000000000000000e+02
9.550000000000000000e+02 9.450000000000000000e+02
9.540000000000000000e+02 9.440000000000000000e+02
9.540000000000000000e+02 9.440000000000000000e+02
9.540000000000000000e+02 9.440000000000000000e+02
9.540000000000000000e+02 9.440000000000000000e+02
9.530000000000000000e+02 9.440000000000000000e+02
9.530000000000000000e+02 9.440000000000000000e+02
9.530000000000000000e+02 9.430000000000000000e+02
9.540000000000000000e+02 9.430000000000000000e+02
9.540000000000000000e+02 9.430000000000000000e+02
9.540000000000000000e+02 9.420000000000000000e+02
9.550000000000000000e+02 9.430000000000000000e+02
9.550000000000000000e+02 9.430000000000000000e+02
9.550000000000000000e+02 9.430000000000000000e+02
9.550000000000000000e+02 9.430000000000000000e+02
9.550000000000000000e+02 9.440000000000000000e+02
9.550000000000000000e+02 9.450000000000000000e+02
9.560000000000000000e+02 9.450000000000000000e+02
9.560000000000000000e+02 9.450000000000000000e+02
9.560000000000000000e+02 9.450000000000000000e+02
9.560000000000000000e+02 9.450000000000000000e+02
9.570000000000000000e+02 9.450000000000000000e+02
9.570000000000000000e+02 9.460000000000000000e+02
9.570000000000000000e+02 9.460000000000000000e+02
9.570000000000000000e+02 9.450000000000000000e+02
9.570000000000000000e+02 9.470000000000000000e+02
9.570000000000000000e+02 9.460000000000000000e+02
9.570000000000000000e+02 9.470000000000000000e+02
9.560000000000000000e+02 9.460000000000000000e+02
9.550000000000000000e+02 9.460000000000000000e+02
9.550000000000000000e+02 9.450000000000000000e+02
9.550000000000000000e+02 9.450000000000000000e+02
9.540000000000000000e+02 9.440000000000000000e+02
9.550000000000000000e+02 9.450000000000000000e+02
9.550000000000000000e+02 9.440000000000000000e+02
9.550000000000000000e+02 9.430000000000000000e+02
9.550000000000000000e+02 9.430000000000000000e+02
9.530000000000000000e+02 9.430000000000000000e+02
9.530000000000000000e+02 9.430000000000000000e+02
9.550000000000000000e+02 9.440000000000000000e+02
9.550000000000000000e+02 9.450000000000000000e+02
9.540000000000000000e+02 9.450000000000000000e+02
9.540000000000000000e+02 9.450000000000000000e+02
9.540000000000000000e+02 9.450000000000000000e+02
9.540000000000000000e+02 9.450000000000000000e+02
9.530000000000000000e+02 9.450000000000000000e+02
9.540000000000000000e+02 9.450000000000000000e+02
9.530000000000000000e+02 9.450000000000000000e+02
9.520000000000000000e+02 9.460000000000000000e+02
9.530000000000000000e+02 9.470000000000000000e+02
9.520000000000000000e+02 9.480000000000000000e+02
9.530000000000000000e+02 9.480000000000000000e+02
9.530000000000000000e+02 9.480000000000000000e+02
9.540000000000000000e+02 9.480000000000000000e+02
9.530000000000000000e+02 9.490000000000000000e+02
9.540000000000000000e+02 9.480000000000000000e+02
9.530000000000000000e+02 9.480000000000000000e+02
9.530000000000000000e+02 9.480000000000000000e+02
9.520000000000000000e+02 9.500000000000000000e+02
9.530000000000000000e+02 9.490000000000000000e+02
9.530000000000000000e+02 9.490000000000000000e+02
9.520000000000000000e+02 9.480000000000000000e+02
9.530000000000000000e+02 9.490000000000000000e+02
9.530000000000000000e+02 9.490000000000000000e+02
9.530000000000000000e+02 9.480000000000000000e+02
9.540000000000000000e+02 9.470000000000000000e+02
9.540000000000000000e+02 9.470000000000000000e+02
9.540000000000000000e+02 9.480000000000000000e+02
9.550000000000000000e+02 9.480000000000000000e+02
9.550000000000000000e+02 9.470000000000000000e+02
9.550000000000000000e+02 9.470000000000000000e+02
9.560000000000000000e+02 9.480000000000000000e+02
9.570000000000000000e+02 9.470000000000000000e+02
9.570000000000000000e+02 9.470000000000000000e+02
9.570000000000000000e+02 9.480000000000000000e+02
9.570000000000000000e+02 9.480000000000000000e+02
9.570000000000000000e+02 9.490000000000000000e+02
9.560000000000000000e+02 9.480000000000000000e+02
9.560000000000000000e+02 9.480000000000000000e+02
9.570000000000000000e+02 9.490000000000000000e+02
9.570000000000000000e+02 9.490000000000000000e+02
9.580000000000000000e+02 9.510000000000000000e+02
9.590000000000000000e+02 9.510000000000000000e+02
