# frames 101, center=[963, 949], duration=[1100, 1200], video=browniano sol 2_0
9.630000000000000000e+02 9.490000000000000000e+02
9.630000000000000000e+02 9.490000000000000000e+02
9.630000000000000000e+02 9.490000000000000000e+02
9.630000000000000000e+02 9.490000000000000000e+02
9.630000000000000000e+02 9.490000000000000000e+02
9.630000000000000000e+02 9.490000000000000000e+02
9.620000000000000000e+02 9.500000000000000000e+02
9.620000000000000000e+02 9.500000000000000000e+02
9.620000000000000000e+02 9.500000000000000000e+02
9.610000000000000000e+02 9.500000000000000000e+02
9.610000000000000000e+02 9.500000000000000000e+02
9.610000000000000000e+02 9.510000000000000000e+02
9.610000000000000000e+02 9.530000000000000000e+02
9.600000000000000000e+02 9.520000000000000000e+02
9.600000000000000000e+02 9.520000000000000000e+02
9.610000000000000000e+02 9.530000000000000000e+02
9.610000000000000000e+02 9.520000000000000000e+02
9.610000000000000000e+02 9.520000000000000000e+02
9.610000000000000000e+02 9.520000000000000000e+02
9.590000000000000000e+02 9.530000000000000000e+02
9.590000000000000000e+02 9.530000000000000000e+02
9.600000000000000000e+02 9.530000000000000000e+02
9.600000000000000000e+02 9.520000000000000000e+02
9.610000000000000000e+02 9.510000000000000000e+02
9.620000000000000000e+02 9.510000000000000000e+02
9.610000000000000000e+02 9.500000000000000000e+02
9.610000000000000000e+02 9.500000000000000000e+02
9.620000000000000000e+02 9.500000000000000000e+02
9.630000000000000000e+02 9.500000000000000000e+02
9.630000000000000000e+02 9.500000000000000000e+02
9.620000000000000000e+02 9.500000000000000000e+02
9.630000000000000000e+02 9.510000000000000000e+02
9.630000000000000000e+02 9.500000000000000000e+02
9.640000000000000000e+02 9.500000000000000000e+02
9.620000000000000000e+02 9.510000000000000000e+02
9.620000000000000000e+02 9.520000000000000000e+02
9.620000000000000000e+02 9.520000000000000000e+02
9.620000000000000000e+02 9.520000000000000000e+02
9.610000000000000000e+02 9.530000000000000000e+02
9.600000000000000000e+02 9.520000000000000000e+02
9.620000000000000000e+02 9.520000000000000000e+02
9.620000000000000000e+02 9.520000000000000000e+02
9.630000000000000000e+02 9.520000000000000000e+02
9.630000000000000000e+02 9.520000000000000000e+02
9.620000000000000000e+02 9.520000000000000000e+02
9.620000000000000000e+02 9.510000000000000000e+02
9.620000000000000000e+02 9.510000000000000000e+02
9.610000000000000000e+02 9.520000000000000000e+02
9.600000000000000000e+02 9.520000000000000000e+02
9.600000000000000000e+02 9.520000000000000000e+02
9.600000000000000000e+02 9.520000000000000000e+02
9.590000000000000000e+02 9.520000000000000000e+02
9.600000000000000000e+02 9.530000000000000000e+02
9.590000000000000000e+02 9.530000000000000000e+02
9.600000000000000000e+02 9.530000000000000000e+02
9.600000000000000000e+02 9.530000000000000000e+02
9.600000000000000000e+02 9.530000000000000000e+02
9.600000000000000000e+02 9.520000000000000000e+02
9.590000000000000000e+02 9.530000000000000000e+02
9.590000000000000000e+02 9.540000000000000000e+02
9.580000000000000000e+02 9.530000000000000000e+02
9.590000000000000000e+02 9.530000000000000000e+02
9.570000000000000000e+02 9.540000000000000000e+02
9.570000000000000000e+02 9.530000000000000000e+02
9.570000000000000000e+02 9.530000000000000000e+02
9.580000000000000000e+02 9.530000000000000000e+02
9.580000000000000000e+02 9.530000000000000000e+02
9.580000000000000000e+02 9.520000000000000000e+02
9.570000000000000000e+02 9.530000000000000000e+02
9.580000000000000000e+02 9.530000000000000000e+02
9.570000000000000000e+02 9.530000000000000000e+02
9.570000000000000000e+02 9.540000000000000000e+02
9.570000000000000000e+02 9.530000000000000000e+02
9.570000000000000000e+02 9.530000000000000000e+02
9.560000000000000000e+02 9.540000000000000000e+02
9.550000000000000000e+02 9.540000000000000000e+02
9.560000000000000000e+02 9.530000000000000000e+02
9.550000000000000000e+02 9.520000000000000000e+02
9.550000000000000000e+02 9.520000000000000000e+02
9.540000000000000000e+02 9.520000000000000000e+02
9.550000000000000000e+02 9.520000000000000000e+02
9.530000000000000000e+02 9.520000000000000000e+02
9.540000000000000000e+02 9.520000000000000000e+02
9.540000000000000000e+02 9.500000000000000000e+02
9.540000000000000000e+02 9.500000000000000000e+02
9.550000000000000000e+02 9.490000000000000000e+02
9.540000000000000000e+02 9.490000000000000000e+02
9.550000000000000000e+02 9.500000000000000000e+02
9.550000000000000000e+02 9.500000000000000000e+02
9.550000000000000000e+02 9.500000000000000000e+02
9.550000000000000000e+02 9.510000000000000000e+02
9.540000000000000000e+02 9.510000000000000000e+02
9.540000000000000000e+02 9.520000000000000000e+02
9.530000000000000000e+02 9.510000000000000000e+02
9.540000000000000000e+02 9.520000000000000000e+02
9.540000000000000000e+02 9.520000000000000000e+02
9.540000000000000000e+02 9.520000000000000000e+02
9.540000000000000000e+02 9.520000000000000000e+02
9.530000000000000000e+02 9.520000000000000000e+02
9.540000000000000000e+02 9.520000000000000000e+02
9.530000000000000000e+02 9.530000000000000000e+02
