# frames 101, center=[962, 954], duration=[1000, 1100], video=browniano sol 2_0
9.620000000000000000e+02 9.540000000000000000e+02
9.620000000000000000e+02 9.540000000000000000e+02
9.620000000000000000e+02 9.540000000000000000e+02
9.620000000000000000e+02 9.530000000000000000e+02
9.630000000000000000e+02 9.530000000000000000e+02
9.630000000000000000e+02 9.520000000000000000e+02
9.640000000000000000e+02 9.510000000000000000e+02
9.640000000000000000e+02 9.520000000000000000e+02
9.640000000000000000e+02 9.520000000000000000e+02
9.640000000000000000e+02 9.510000000000000000e+02
9.630000000000000000e+02 9.520000000000000000e+02
9.630000000000000000e+02 9.510000000000000000e+02
9.610000000000000000e+02 9.500000000000000000e+02
9.610000000000000000e+02 9.520000000000000000e+02
9.620000000000000000e+02 9.520000000000000000e+02
9.630000000000000000e+02 9.530000000000000000e+02
9.630000000000000000e+02 9.530000000000000000e+02
9.640000000000000000e+02 9.530000000000000000e+02
9.640000000000000000e+02 9.510000000000000000e+02
9.650000000000000000e+02 9.500000000000000000e+02
9.660000000000000000e+02 9.500000000000000000e+02
9.650000000000000000e+02 9.490000000000000000e+02
9.650000000000000000e+02 9.500000000000000000e+02
9.640000000000000000e+02 9.500000000000000000e+02
9.640000000000000000e+02 9.500000000000000000e+02
9.640000000000000000e+02 9.500000000000000000e+02
9.640000000000000000e+02 9.490000000000000000e+02
9.630000000000000000e+02 9.490000000000000000e+02
9.620000000000000000e+02 9.500000000000000000e+02
9.630000000000000000e+02 9.490000000000000000e+02
9.630000000000000000e+02 9.490000000000000000e+02
9.620000000000000000e+02 9.480000000000000000e+02
9.620000000000000000e+02 9.470000000000000000e+02
9.620000000000000000e+02 9.470000000000000000e+02
9.610000000000000000e+02 9.470000000000000000e+02
9.620000000000000000e+02 9.470000000000000000e+02
9.630000000000000000e+02 9.470000000000000000e+02
9.630000000000000000e+02 9.470000000000000000e+02
9.640000000000000000e+02 9.470000000000000000e+02
9.660000000000000000e+02 9.470000000000000000e+02
9.650000000000000000e+02 9.480000000000000000e+02
9.640000000000000000e+02 9.490000000000000000e+02
9.650000000000000000e+02 9.490000000000000000e+02
9.630000000000000000e+02 9.480000000000000000e+02
9.610000000000000000e+02 9.470000000000000000e+02
9.620000000000000000e+02 9.480000000000000000e+02
9.620000000000000000e+02 9.480000000000000000e+02
9.620000000000000000e+02 9.490000000000000000e+02
9.620000000000000000e+02 9.490000000000000000e+02
9.630000000000000000e+02 9.490000000000000000e+02
9.640000000000000000e+02 9.480000000000000000e+02
9.640000000000000000e+02 9.480000000000000000e+02
9.640000000000000000e+02 9.470000000000000000e+02
9.640000000000000000e+02 9.470000000000000000e+02
9.640000000000000000e+02 9.460000000000000000e+02
9.640000000000000000e+02 9.470000000000000000e+02
9.620000000000000000e+02 9.460000000000000000e+02
9.630000000000000000e+02 9.450000000000000000e+02
9.630000000000000000e+02 9.460000000000000000e+02
9.630000000000000000e+02 9.450000000000000000e+02
9.640000000000000000e+02 9.450000000000000000e+02
9.640000000000000000e+02 9.460000000000000000e+02
9.650000000000000000e+02 9.450000000000000000e+02
9.650000000000000000e+02 9.460000000000000000e+02
9.650000000000000000e+02 9.460000000000000000e+02
9.640000000000000000e+02 9.450000000000000000e+02
9.650000000000000000e+02 9.450000000000000000e+02
9.660000000000000000e+02 9.460000000000000000e+02
9.660000000000000000e+02 9.460000000000000000e+02
9.650000000000000000e+02 9.460000000000000000e+02
9.650000000000000000e+02 9.470000000000000000e+02
9.650000000000000000e+02 9.470000000000000000e+02
9.640000000000000000e+02 9.480000000000000000e+02
9.630000000000000000e+02 9.480000000000000000e+02
9.640000000000000000e+02 9.480000000000000000e+02
9.620000000000000000e+02 9.470000000000000000e+02
9.630000000000000000e+02 9.480000000000000000e+02
9.640000000000000000e+02 9.500000000000000000e+02
9.640000000000000000e+02 9.500000000000000000e+02
9.640000000000000000e+02 9.510000000000000000e+02
9.640000000000000000e+02 9.500000000000000000e+02
9.640000000000000000e+02 9.500000000000000000e+02
9.640000000000000000e+02 9.500000000000000000e+02
9.670000000000000000e+02 9.500000000000000000e+02
9.670000000000000000e+02 9.500000000000000000e+02
9.670000000000000000e+02 9.490000000000000000e+02
9.660000000000000000e+02 9.500000000000000000e+02
9.650000000000000000e+02 9.510000000000000000e+02
9.650000000000000000e+02 9.520000000000000000e+02
9.640000000000000000e+02 9.510000000000000000e+02
9.630000000000000000e+02 9.510000000000000000e+02
9.630000000000000000e+02 9.510000000000000000e+02
9.640000000000000000e+02 9.510000000000000000e+02
9.640000000000000000e+02 9.500000000000000000e+02
9.630000000000000000e+02 9.510000000000000000e+02
9.640000000000000000e+02 9.510000000000000000e+02
9.640000000000000000e+02 9.510000000000000000e+02
9.640000000000000000e+02 9.510000000000000000e+02
9.640000000000000000e+02 9.510000000000000000e+02
9.640000000000000000e+02 9.500000000000000000e+02
9.640000000000000000e+02 9.490000000000000000e+02
