# frames 101, center=[954, 931], duration=[400, 500], video=browniano sol 2_0
9.540000000000000000e+02 9.310000000000000000e+02
9.540000000000000000e+02 9.310000000000000000e+02
9.540000000000000000e+02 9.310000000000000000e+02
9.550000000000000000e+02 9.310000000000000000e+02
9.540000000000000000e+02 9.310000000000000000e+02
9.540000000000000000e+02 9.300000000000000000e+02
9.540000000000000000e+02 9.300000000000000000e+02
9.550000000000000000e+02 9.300000000000000000e+02
9.540000000000000000e+02 9.300000000000000000e+02
9.540000000000000000e+02 9.310000000000000000e+02
9.520000000000000000e+02 9.320000000000000000e+02
9.520000000000000000e+02 9.310000000000000000e+02
9.520000000000000000e+02 9.310000000000000000e+02
9.520000000000000000e+02 9.310000000000000000e+02
9.530000000000000000e+02 9.320000000000000000e+02
9.540000000000000000e+02 9.330000000000000000e+02
9.550000000000000000e+02 9.330000000000000000e+02
9.550000000000000000e+02 9.330000000000000000e+02
9.540000000000000000e+02 9.330000000000000000e+02
9.550000000000000000e+02 9.340000000000000000e+02
9.560000000000000000e+02 9.330000000000000000e+02
9.560000000000000000e+02 9.330000000000000000e+02
9.560000000000000000e+02 9.330000000000000000e+02
9.560000000000000000e+02 9.330000000000000000e+02
9.550000000000000000e+02 9.340000000000000000e+02
9.560000000000000000e+02 9.330000000000000000e+02
9.550000000000000000e+02 9.330000000000000000e+02
9.550000000000000000e+02 9.330000000000000000e+02
9.540000000000000000e+02 9.330000000000000000e+02
9.530000000000000000e+02 9.330000000000000000e+02
9.520000000000000000e+02 9.330000000000000000e+02
9.520000000000000000e+02 9.330000000000000000e+02
9.530000000000000000e+02 9.340000000000000000e+02
9.530000000000000000e+02 9.340000000000000000e+02
9.530000000000000000e+02 9.340000000000000000e+02
9.540000000000000000e+02 9.350000000000000000e+02
9.530000000000000000e+02 9.350000000000000000e+02
9.550000000000000000e+02 9.350000000000000000e+02
9.550000000000000000e+02 9.350000000000000000e+02
9.540000000000000000e+02 9.350000000000000000e+02
9.540000000000000000e+02 9.350000000000000000e+02
9.540000000000000000e+02 9.350000000000000000e+02
9.540000000000000000e+02 9.350000000000000000e+02
9.540000000000000000e+02 9.360000000000000000e+02
9.530000000000000000e+02 9.360000000000000000e+02
9.540000000000000000e+02 9.350000000000000000e+02
9.530000000000000000e+02 9.350000000000000000e+02
9.540000000000000000e+02 9.340000000000000000e+02
9.530000000000000000e+02 9.340000000000000000e+02
9.540000000000000000e+02 9.330000000000000000e+02
9.540000000000000000e+02 9.330000000000000000e+02
9.540000000000000000e+02 9.330000000000000000e+02
9.550000000000000000e+02 9.330000000000000000e+02
9.540000000000000000e+02 9.330000000000000000e+02
9.520000000000000000e+02 9.320000000000000000e+02
9.520000000000000000e+02 9.320000000000000000e+02
9.530000000000000000e+02 9.320000000000000000e+02
9.530000000000000000e+02 9.320000000000000000e+02
9.530000000000000000e+02 9.320000000000000000e+02
9.530000000000000000e+02 9.320000000000000000e+02
9.530000000000000000e+02 9.320000000000000000e+02
9.530000000000000000e+02 9.320000000000000000e+02
9.540000000000000000e+02 9.320000000000000000e+02
9.540000000000000000e+02 9.320000000000000000e+02
9.530000000000000000e+02 9.310000000000000000e+02
9.540000000000000000e+02 9.310000000000000000e+02
9.520000000000000000e+02 9.310000000000000000e+02
9.530000000000000000e+02 9.300000000000000000e+02
9.530000000000000000e+02 9.300000000000000000e+02
9.530000000000000000e+02 9.300000000000000000e+02
9.540000000000000000e+02 9.310000000000000000e+02
9.530000000000000000e+02 9.300000000000000000e+02
9.540000000000000000e+02 9.310000000000000000e+02
9.540000000000000000e+02 9.310000000000000000e+02
9.550000000000000000e+02 9.320000000000000000e+02
9.550000000000000000e+02 9.310000000000000000e+02
9.540000000000000000e+02 9.290000000000000000e+02
9.530000000000000000e+02 9.290000000000000000e+02
9.540000000000000000e+02 9.290000000000000000e+02
9.540000000000000000e+02 9.290000000000000000e+02
9.540000000000000000e+02 9.270000000000000000e+02
9.540000000000000000e+02 9.270000000000000000e+02
9.560000000000000000e+02 9.270000000000000000e+02
9.560000000000000000e+02 9.280000000000000000e+02
9.560000000000000000e+02 9.280000000000000000e+02
9.570000000000000000e+02 9.280000000000000000e+02
9.580000000000000000e+02 9.280000000000000000e+02
9.580000000000000000e+02 9.280000000000000000e+02
9.580000000000000000e+02 9.290000000000000000e+02
9.570000000000000000e+02 9.300000000000000000e+02
9.570000000000000000e+02 9.290000000000000000e+02
9.580000000000000000e+02 9.290000000000000000e+02
9.570000000000000000e+02 9.290000000000000000e+02
9.580000000000000000e+02 9.290000000000000000e+02
9.570000000000000000e+02 9.300000000000000000e+02
9.570000000000000000e+02 9.300000000000000000e+02
9.570000000000000000e+02 9.290000000000000000e+02
9.570000000000000000e+02 9.290000000000000000e+02
9.570000000000000000e+02 9.290000000000000000e+02
9.570000000000000000e+02 9.280000000000000000e+02
9.580000000000000000e+02 9.270000000000000000e+02
