# frames 101, center=[948, 938], duration=[300, 400], video=browniano sol 2_0
9.480000000000000000e+02 9.380000000000000000e+02
9.480000000000000000e+02 9.380000000000000000e+02
9.480000000000000000e+02 9.380000000000000000e+02
9.490000000000000000e+02 9.390000000000000000e+02
9.490000000000000000e+02 9.380000000000000000e+02
9.480000000000000000e+02 9.370000000000000000e+02
9.480000000000000000e+02 9.380000000000000000e+02
9.480000000000000000e+02 9.360000000000000000e+02
9.480000000000000000e+02 9.360000000000000000e+02
9.480000000000000000e+02 9.350000000000000000e+02
9.490000000000000000e+02 9.350000000000000000e+02
9.480000000000000000e+02 9.360000000000000000e+02
9.500000000000000000e+02 9.370000000000000000e+02
9.500000000000000000e+02 9.370000000000000000e+02
9.500000000000000000e+02 9.380000000000000000e+02
9.500000000000000000e+02 9.360000000000000000e+02
9.500000000000000000e+02 9.340000000000000000e+02
9.480000000000000000e+02 9.340000000000000000e+02
9.490000000000000000e+02 9.330000000000000000e+02
9.480000000000000000e+02 9.340000000000000000e+02
9.490000000000000000e+02 9.350000000000000000e+02
9.500000000000000000e+02 9.340000000000000000e+02
9.500000000000000000e+02 9.330000000000000000e+02
9.500000000000000000e+02 9.320000000000000000e+02
9.500000000000000000e+02 9.320000000000000000e+02
9.500000000000000000e+02 9.320000000000000000e+02
9.500000000000000000e+02 9.320000000000000000e+02
9.500000000000000000e+02 9.330000000000000000e+02
9.500000000000000000e+02 9.320000000000000000e+02
9.500000000000000000e+02 9.310000000000000000e+02
9.500000000000000000e+02 9.300000000000000000e+02
9.520000000000000000e+02 9.310000000000000000e+02
9.520000000000000000e+02 9.310000000000000000e+02
9.530000000000000000e+02 9.310000000000000000e+02
9.540000000000000000e+02 9.310000000000000000e+02
9.540000000000000000e+02 9.300000000000000000e+02
9.540000000000000000e+02 9.300000000000000000e+02
9.530000000000000000e+02 9.310000000000000000e+02
9.540000000000000000e+02 9.320000000000000000e+02
9.540000000000000000e+02 9.310000000000000000e+02
9.530000000000000000e+02 9.310000000000000000e+02
9.530000000000000000e+02 9.320000000000000000e+02
9.540000000000000000e+02 9.320000000000000000e+02
9.540000000000000000e+02 9.320000000000000000e+02
9.530000000000000000e+02 9.320000000000000000e+02
9.530000000000000000e+02 9.310000000000000000e+02
9.530000000000000000e+02 9.310000000000000000e+02
9.520000000000000000e+02 9.320000000000000000e+02
9.520000000000000000e+02 9.310000000000000000e+02
9.520000000000000000e+02 9.320000000000000000e+02
9.510000000000000000e+02 9.330000000000000000e+02
9.520000000000000000e+02 9.340000000000000000e+02
9.540000000000000000e+02 9.340000000000000000e+02
9.540000000000000000e+02 9.340000000000000000e+02
9.540000000000000000e+02 9.320000000000000000e+02
9.530000000000000000e+02 9.320000000000000000e+02
9.530000000000000000e+02 9.300000000000000000e+02
9.530000000000000000e+02 9.300000000000000000e+02
9.530000000000000000e+02 9.290000000000000000e+02
9.530000000000000000e+02 9.290000000000000000e+02
9.540000000000000000e+02 9.290000000000000000e+02
9.530000000000000000e+02 9.290000000000000000e+02
9.530000000000000000e+02 9.290000000000000000e+02
9.540000000000000000e+02 9.270000000000000000e+02
9.540000000000000000e+02 9.270000000000000000e+02
9.540000000000000000e+02 9.270000000000000000e+02
9.540000000000000000e+02 9.270000000000000000e+02
9.540000000000000000e+02 9.270000000000000000e+02
9.540000000000000000e+02 9.260000000000000000e+02
9.530000000000000000e+02 9.260000000000000000e+02
9.540000000000000000e+02 9.260000000000000000e+02
9.540000000000000000e+02 9.270000000000000000e+02
9.540000000000000000e+02 9.270000000000000000e+02
9.530000000000000000e+02 9.270000000000000000e+02
9.530000000000000000e+02 9.270000000000000000e+02
9.530000000000000000e+02 9.280000000000000000e+02
9.540000000000000000e+02 9.280000000000000000e+02
9.540000000000000000e+02 9.280000000000000000e+02
9.540000000000000000e+02 9.280000000000000000e+02
9.550000000000000000e+02 9.290000000000000000e+02
9.540000000000000000e+02 9.280000000000000000e+02
9.540000000000000000e+02 9.290000000000000000e+02
9.530000000000000000e+02 9.290000000000000000e+02
9.520000000000000000e+02 9.300000000000000000e+02
9.520000000000000000e+02 9.310000000000000000e+02
9.520000000000000000e+02 9.310000000000000000e+02
9.520000000000000000e+02 9.310000000000000000e+02
9.520000000000000000e+02 9.320000000000000000e+02
9.540000000000000000e+02 9.320000000000000000e+02
9.540000000000000000e+02 9.320000000000000000e+02
9.540000000000000000e+02 9.320000000000000000e+02
9.540000000000000000e+02 9.320000000000000000e+02
9.540000000000000000e+02 9.310000000000000000e+02
9.540000000000000000e+02 9.310000000000000000e+02
9.540000000000000000e+02 9.300000000000000000e+02
9.540000000000000000e+02 9.300000000000000000e+02
9.540000000000000000e+02 9.310000000000000000e+02
9.530000000000000000e+02 9.310000000000000000e+02
9.530000000000000000e+02 9.330000000000000000e+02
9.530000000000000000e+02 9.320000000000000000e+02
9.530000000000000000e+02 9.310000000000000000e+02
