# frames 101, center=[157, 794], duration=[400, 500], video=browniano sol 2_0
1.570000000000000000e+02 7.940000000000000000e+02
1.570000000000000000e+02 7.940000000000000000e+02
1.570000000000000000e+02 7.940000000000000000e+02
1.570000000000000000e+02 7.940000000000000000e+02
1.580000000000000000e+02 7.950000000000000000e+02
1.580000000000000000e+02 7.950000000000000000e+02
1.580000000000000000e+02 7.950000000000000000e+02
1.580000000000000000e+02 7.950000000000000000e+02
1.580000000000000000e+02 7.940000000000000000e+02
1.590000000000000000e+02 7.950000000000000000e+02
1.580000000000000000e+02 7.950000000000000000e+02
1.580000000000000000e+02 7.960000000000000000e+02
1.580000000000000000e+02 7.960000000000000000e+02
1.580000000000000000e+02 7.960000000000000000e+02
1.580000000000000000e+02 7.960000000000000000e+02
1.580000000000000000e+02 7.960000000000000000e+02
1.590000000000000000e+02 7.960000000000000000e+02
1.580000000000000000e+02 7.950000000000000000e+02
1.590000000000000000e+02 7.960000000000000000e+02
1.590000000000000000e+02 7.960000000000000000e+02
1.580000000000000000e+02 7.960000000000000000e+02
1.590000000000000000e+02 7.960000000000000000e+02
1.590000000000000000e+02 7.970000000000000000e+02
1.580000000000000000e+02 7.970000000000000000e+02
1.570000000000000000e+02 7.970000000000000000e+02
1.560000000000000000e+02 7.970000000000000000e+02
1.570000000000000000e+02 7.980000000000000000e+02
1.570000000000000000e+02 7.980000000000000000e+02
1.570000000000000000e+02 7.980000000000000000e+02
1.580000000000000000e+02 7.980000000000000000e+02
1.580000000000000000e+02 7.980000000000000000e+02
1.580000000000000000e+02 7.990000000000000000e+02
1.580000000000000000e+02 7.990000000000000000e+02
1.570000000000000000e+02 7.980000000000000000e+02
1.570000000000000000e+02 7.970000000000000000e+02
1.560000000000000000e+02 7.970000000000000000e+02
1.570000000000000000e+02 7.980000000000000000e+02
1.560000000000000000e+02 7.990000000000000000e+02
1.560000000000000000e+02 7.990000000000000000e+02
1.570000000000000000e+02 7.990000000000000000e+02
1.570000000000000000e+02 7.980000000000000000e+02
1.560000000000000000e+02 7.980000000000000000e+02
1.550000000000000000e+02 7.970000000000000000e+02
1.550000000000000000e+02 7.990000000000000000e+02
1.550000000000000000e+02 8.000000000000000000e+02
1.550000000000000000e+02 8.000000000000000000e+02
1.540000000000000000e+02 7.990000000000000000e+02
1.540000000000000000e+02 7.990000000000000000e+02
1.540000000000000000e+02 7.990000000000000000e+02
1.550000000000000000e+02 8.000000000000000000e+02
1.560000000000000000e+02 7.990000000000000000e+02
1.550000000000000000e+02 7.990000000000000000e+02
1.560000000000000000e+02 8.000000000000000000e+02
1.560000000000000000e+02 8.000000000000000000e+02
1.560000000000000000e+02 7.990000000000000000e+02
1.560000000000000000e+02 7.980000000000000000e+02
1.570000000000000000e+02 7.980000000000000000e+02
1.570000000000000000e+02 7.980000000000000000e+02
1.560000000000000000e+02 7.980000000000000000e+02
1.560000000000000000e+02 7.970000000000000000e+02
1.570000000000000000e+02 7.970000000000000000e+02
1.580000000000000000e+02 7.970000000000000000e+02
1.580000000000000000e+02 7.970000000000000000e+02
1.580000000000000000e+02 7.970000000000000000e+02
1.580000000000000000e+02 7.970000000000000000e+02
1.590000000000000000e+02 7.960000000000000000e+02
1.590000000000000000e+02 7.960000000000000000e+02
1.590000000000000000e+02 7.950000000000000000e+02
1.580000000000000000e+02 7.950000000000000000e+02
1.580000000000000000e+02 7.940000000000000000e+02
1.590000000000000000e+02 7.950000000000000000e+02
1.590000000000000000e+02 7.950000000000000000e+02
1.600000000000000000e+02 7.950000000000000000e+02
1.590000000000000000e+02 7.960000000000000000e+02
1.590000000000000000e+02 7.960000000000000000e+02
1.590000000000000000e+02 7.960000000000000000e+02
1.580000000000000000e+02 7.960000000000000000e+02
1.580000000000000000e+02 7.970000000000000000e+02
1.570000000000000000e+02 7.960000000000000000e+02
1.570000000000000000e+02 7.960000000000000000e+02
1.570000000000000000e+02 7.950000000000000000e+02
1.580000000000000000e+02 7.950000000000000000e+02
1.580000000000000000e+02 7.950000000000000000e+02
1.580000000000000000e+02 7.960000000000000000e+02
1.580000000000000000e+02 7.960000000000000000e+02
1.580000000000000000e+02 7.950000000000000000e+02
1.570000000000000000e+02 7.960000000000000000e+02
1.570000000000000000e+02 7.960000000000000000e+02
1.570000000000000000e+02 7.960000000000000000e+02
1.570000000000000000e+02 7.970000000000000000e+02
1.560000000000000000e+02 7.970000000000000000e+02
1.570000000000000000e+02 7.980000000000000000e+02
1.580000000000000000e+02 7.990000000000000000e+02
1.570000000000000000e+02 7.980000000000000000e+02
1.570000000000000000e+02 7.980000000000000000e+02
1.570000000000000000e+02 7.970000000000000000e+02
1.570000000000000000e+02 7.960000000000000000e+02
1.570000000000000000e+02 7.960000000000000000e+02
1.570000000000000000e+02 7.960000000000000000e+02
1.570000000000000000e+02 7.950000000000000000e+02
1.570000000000000000e+02 7.950000000000000000e+02
