# frames 101, center=[156, 795], duration=[500, 600], video=browniano sol 2_0
1.560000000000000000e+02 7.950000000000000000e+02
1.560000000000000000e+02 7.950000000000000000e+02
1.560000000000000000e+02 7.950000000000000000e+02
1.550000000000000000e+02 7.940000000000000000e+02
1.540000000000000000e+02 7.940000000000000000e+02
1.530000000000000000e+02 7.940000000000000000e+02
1.530000000000000000e+02 7.950000000000000000e+02
1.520000000000000000e+02 7.970000000000000000e+02
1.530000000000000000e+02 7.980000000000000000e+02
1.520000000000000000e+02 7.980000000000000000e+02
1.530000000000000000e+02 7.980000000000000000e+02
1.520000000000000000e+02 7.980000000000000000e+02
1.530000000000000000e+02 7.980000000000000000e+02
1.520000000000000000e+02 7.980000000000000000e+02
1.520000000000000000e+02 7.980000000000000000e+02
1.530000000000000000e+02 7.980000000000000000e+02
1.530000000000000000e+02 7.980000000000000000e+02
1.530000000000000000e+02 7.980000000000000000e+02
1.530000000000000000e+02 7.980000000000000000e+02
1.530000000000000000e+02 7.990000000000000000e+02
1.530000000000000000e+02 7.990000000000000000e+02
1.530000000000000000e+02 7.990000000000000000e+02
1.530000000000000000e+02 7.980000000000000000e+02
1.530000000000000000e+02 7.990000000000000000e+02
1.520000000000000000e+02 7.990000000000000000e+02
1.520000000000000000e+02 7.980000000000000000e+02
1.520000000000000000e+02 7.970000000000000000e+02
1.510000000000000000e+02 7.970000000000000000e+02
1.510000000000000000e+02 7.970000000000000000e+02
1.520000000000000000e+02 7.970000000000000000e+02
1.500000000000000000e+02 7.970000000000000000e+02
1.510000000000000000e+02 7.970000000000000000e+02
1.510000000000000000e+02 7.960000000000000000e+02
1.520000000000000000e+02 7.970000000000000000e+02
1.520000000000000000e+02 7.960000000000000000e+02
1.520000000000000000e+02 7.960000000000000000e+02
1.530000000000000000e+02 7.960000000000000000e+02
1.530000000000000000e+02 7.970000000000000000e+02
1.510000000000000000e+02 7.980000000000000000e+02
1.520000000000000000e+02 7.970000000000000000e+02
1.520000000000000000e+02 7.970000000000000000e+02
1.520000000000000000e+02 7.970000000000000000e+02
1.500000000000000000e+02 7.950000000000000000e+02
1.500000000000000000e+02 7.950000000000000000e+02
1.500000000000000000e+02 7.950000000000000000e+02
1.510000000000000000e+02 7.950000000000000000e+02
1.520000000000000000e+02 7.950000000000000000e+02
1.500000000000000000e+02 7.950000000000000000e+02
1.500000000000000000e+02 7.950000000000000000e+02
1.490000000000000000e+02 7.960000000000000000e+02
1.480000000000000000e+02 7.970000000000000000e+02
1.490000000000000000e+02 7.970000000000000000e+02
1.500000000000000000e+02 7.970000000000000000e+02
1.490000000000000000e+02 7.970000000000000000e+02
1.490000000000000000e+02 7.960000000000000000e+02
1.490000000000000000e+02 7.960000000000000000e+02
1.500000000000000000e+02 7.950000000000000000e+02
1.510000000000000000e+02 7.950000000000000000e+02
1.510000000000000000e+02 7.960000000000000000e+02
1.510000000000000000e+02 7.970000000000000000e+02
1.510000000000000000e+02 7.960000000000000000e+02
1.500000000000000000e+02 7.950000000000000000e+02
1.500000000000000000e+02 7.950000000000000000e+02
1.490000000000000000e+02 7.950000000000000000e+02
1.500000000000000000e+02 7.950000000000000000e+02
1.500000000000000000e+02 7.950000000000000000e+02
1.490000000000000000e+02 7.940000000000000000e+02
1.480000000000000000e+02 7.940000000000000000e+02
1.490000000000000000e+02 7.950000000000000000e+02
1.500000000000000000e+02 7.950000000000000000e+02
1.490000000000000000e+02 7.950000000000000000e+02
1.490000000000000000e+02 7.950000000000000000e+02
1.480000000000000000e+02 7.950000000000000000e+02
1.480000000000000000e+02 7.930000000000000000e+02
1.490000000000000000e+02 7.920000000000000000e+02
1.490000000000000000e+02 7.920000000000000000e+02
1.500000000000000000e+02 7.920000000000000000e+02
1.500000000000000000e+02 7.920000000000000000e+02
1.490000000000000000e+02 7.930000000000000000e+02
1.490000000000000000e+02 7.910000000000000000e+02
1.490000000000000000e+02 7.900000000000000000e+02
1.480000000000000000e+02 7.910000000000000000e+02
1.480000000000000000e+02 7.910000000000000000e+02
1.480000000000000000e+02 7.910000000000000000e+02
1.480000000000000000e+02 7.920000000000000000e+02
1.480000000000000000e+02 7.910000000000000000e+02
1.480000000000000000e+02 7.910000000000000000e+02
1.480000000000000000e+02 7.910000000000000000e+02
1.490000000000000000e+02 7.900000000000000000e+02
1.490000000000000000e+02 7.900000000000000000e+02
1.480000000000000000e+02 7.890000000000000000e+02
1.490000000000000000e+02 7.890000000000000000e+02
1.490000000000000000e+02 7.880000000000000000e+02
1.490000000000000000e+02 7.880000000000000000e+02
1.490000000000000000e+02 7.870000000000000000e+02
1.490000000000000000e+02 7.880000000000000000e+02
1.490000000000000000e+02 7.880000000000000000e+02
1.500000000000000000e+02 7.890000000000000000e+02
1.500000000000000000e+02 7.900000000000000000e+02
1.510000000000000000e+02 7.890000000000000000e+02
1.510000000000000000e+02 7.900000000000000000e+02
