# frames 101, center=[158, 808], duration=[200, 300], video=browniano sol 2_0
1.580000000000000000e+02 8.080000000000000000e+02
1.580000000000000000e+02 8.080000000000000000e+02
1.580000000000000000e+02 8.080000000000000000e+02
1.580000000000000000e+02 8.090000000000000000e+02
1.580000000000000000e+02 8.090000000000000000e+02
1.580000000000000000e+02 8.100000000000000000e+02
1.580000000000000000e+02 8.100000000000000000e+02
1.580000000000000000e+02 8.110000000000000000e+02
1.580000000000000000e+02 8.110000000000000000e+02
1.580000000000000000e+02 8.100000000000000000e+02
1.590000000000000000e+02 8.100000000000000000e+02
1.580000000000000000e+02 8.110000000000000000e+02
1.590000000000000000e+02 8.110000000000000000e+02
1.590000000000000000e+02 8.110000000000000000e+02
1.590000000000000000e+02 8.100000000000000000e+02
1.590000000000000000e+02 8.090000000000000000e+02
1.580000000000000000e+02 8.090000000000000000e+02
1.580000000000000000e+02 8.100000000000000000e+02
1.590000000000000000e+02 8.110000000000000000e+02
1.590000000000000000e+02 8.110000000000000000e+02
1.580000000000000000e+02 8.100000000000000000e+02
1.580000000000000000e+02 8.090000000000000000e+02
1.580000000000000000e+02 8.080000000000000000e+02
1.580000000000000000e+02 8.090000000000000000e+02
1.580000000000000000e+02 8.080000000000000000e+02
1.590000000000000000e+02 8.080000000000000000e+02
1.580000000000000000e+02 8.090000000000000000e+02
1.580000000000000000e+02 8.080000000000000000e+02
1.570000000000000000e+02 8.080000000000000000e+02
1.560000000000000000e+02 8.080000000000000000e+02
1.560000000000000000e+02 8.080000000000000000e+02
1.560000000000000000e+02 8.080000000000000000e+02
1.560000000000000000e+02 8.090000000000000000e+02
1.570000000000000000e+02 8.090000000000000000e+02
1.570000000000000000e+02 8.090000000000000000e+02
1.560000000000000000e+02 8.100000000000000000e+02
1.560000000000000000e+02 8.090000000000000000e+02
1.560000000000000000e+02 8.090000000000000000e+02
1.550000000000000000e+02 8.080000000000000000e+02
1.550000000000000000e+02 8.080000000000000000e+02
1.570000000000000000e+02 8.080000000000000000e+02
1.550000000000000000e+02 8.070000000000000000e+02
1.560000000000000000e+02 8.070000000000000000e+02
1.560000000000000000e+02 8.070000000000000000e+02
1.550000000000000000e+02 8.070000000000000000e+02
1.540000000000000000e+02 8.070000000000000000e+02
1.550000000000000000e+02 8.070000000000000000e+02
1.530000000000000000e+02 8.060000000000000000e+02
1.540000000000000000e+02 8.050000000000000000e+02
1.540000000000000000e+02 8.060000000000000000e+02
1.550000000000000000e+02 8.070000000000000000e+02
1.550000000000000000e+02 8.070000000000000000e+02
1.550000000000000000e+02 8.060000000000000000e+02
1.560000000000000000e+02 8.060000000000000000e+02
1.560000000000000000e+02 8.060000000000000000e+02
1.550000000000000000e+02 8.070000000000000000e+02
1.560000000000000000e+02 8.070000000000000000e+02
1.560000000000000000e+02 8.070000000000000000e+02
1.560000000000000000e+02 8.070000000000000000e+02
1.550000000000000000e+02 8.070000000000000000e+02
1.560000000000000000e+02 8.080000000000000000e+02
1.560000000000000000e+02 8.070000000000000000e+02
1.560000000000000000e+02 8.060000000000000000e+02
1.560000000000000000e+02 8.060000000000000000e+02
1.550000000000000000e+02 8.050000000000000000e+02
1.550000000000000000e+02 8.050000000000000000e+02
1.550000000000000000e+02 8.040000000000000000e+02
1.560000000000000000e+02 8.040000000000000000e+02
1.560000000000000000e+02 8.040000000000000000e+02
1.550000000000000000e+02 8.050000000000000000e+02
1.550000000000000000e+02 8.040000000000000000e+02
1.550000000000000000e+02 8.040000000000000000e+02
1.540000000000000000e+02 8.040000000000000000e+02
1.560000000000000000e+02 8.040000000000000000e+02
1.570000000000000000e+02 8.040000000000000000e+02
1.570000000000000000e+02 8.040000000000000000e+02
1.570000000000000000e+02 8.030000000000000000e+02
1.560000000000000000e+02 8.040000000000000000e+02
1.560000000000000000e+02 8.040000000000000000e+02
1.570000000000000000e+02 8.030000000000000000e+02
1.560000000000000000e+02 8.020000000000000000e+02
1.560000000000000000e+02 8.020000000000000000e+02
1.560000000000000000e+02 8.020000000000000000e+02
1.570000000000000000e+02 8.020000000000000000e+02
1.580000000000000000e+02 8.030000000000000000e+02
1.570000000000000000e+02 8.030000000000000000e+02
1.560000000000000000e+02 8.030000000000000000e+02
1.560000000000000000e+02 8.020000000000000000e+02
1.550000000000000000e+02 8.020000000000000000e+02
1.560000000000000000e+02 8.020000000000000000e+02
1.560000000000000000e+02 8.030000000000000000e+02
1.550000000000000000e+02 8.030000000000000000e+02
1.560000000000000000e+02 8.040000000000000000e+02
1.570000000000000000e+02 8.040000000000000000e+02
1.570000000000000000e+02 8.030000000000000000e+02
1.560000000000000000e+02 8.040000000000000000e+02
1.560000000000000000e+02 8.040000000000000000e+02
1.560000000000000000e+02 8.040000000000000000e+02
1.550000000000000000e+02 8.050000000000000000e+02
1.550000000000000000e+02 8.040000000000000000e+02
1.550000000000000000e+02 8.030000000000000000e+02
