# frames 101, center=[154, 785], duration=[800, 900], video=browniano sol 2_0
1.540000000000000000e+02 7.850000000000000000e+02
1.540000000000000000e+02 7.850000000000000000e+02
1.540000000000000000e+02 7.850000000000000000e+02
1.520000000000000000e+02 7.850000000000000000e+02
1.510000000000000000e+02 7.850000000000000000e+02
1.520000000000000000e+02 7.840000000000000000e+02
1.530000000000000000e+02 7.830000000000000000e+02
1.540000000000000000e+02 7.830000000000000000e+02
1.550000000000000000e+02 7.820000000000000000e+02
1.540000000000000000e+02 7.820000000000000000e+02
1.550000000000000000e+02 7.830000000000000000e+02
1.540000000000000000e+02 7.820000000000000000e+02
1.540000000000000000e+02 7.820000000000000000e+02
1.540000000000000000e+02 7.830000000000000000e+02
1.540000000000000000e+02 7.820000000000000000e+02
1.550000000000000000e+02 7.820000000000000000e+02
1.560000000000000000e+02 7.810000000000000000e+02
1.550000000000000000e+02 7.810000000000000000e+02
1.540000000000000000e+02 7.810000000000000000e+02
1.550000000000000000e+02 7.800000000000000000e+02
1.540000000000000000e+02 7.800000000000000000e+02
1.530000000000000000e+02 7.800000000000000000e+02
1.520000000000000000e+02 7.810000000000000000e+02
1.530000000000000000e+02 7.800000000000000000e+02
1.540000000000000000e+02 7.810000000000000000e+02
1.540000000000000000e+02 7.790000000000000000e+02
1.540000000000000000e+02 7.790000000000000000e+02
1.550000000000000000e+02 7.800000000000000000e+02
1.560000000000000000e+02 7.780000000000000000e+02
1.550000000000000000e+02 7.780000000000000000e+02
1.540000000000000000e+02 7.790000000000000000e+02
1.550000000000000000e+02 7.780000000000000000e+02
1.550000000000000000e+02 7.790000000000000000e+02
1.550000000000000000e+02 7.790000000000000000e+02
1.550000000000000000e+02 7.790000000000000000e+02
1.550000000000000000e+02 7.790000000000000000e+02
1.550000000000000000e+02 7.790000000000000000e+02
1.560000000000000000e+02 7.800000000000000000e+02
1.570000000000000000e+02 7.800000000000000000e+02
1.570000000000000000e+02 7.790000000000000000e+02
1.580000000000000000e+02 7.790000000000000000e+02
1.580000000000000000e+02 7.810000000000000000e+02
1.580000000000000000e+02 7.810000000000000000e+02
1.590000000000000000e+02 7.810000000000000000e+02
1.580000000000000000e+02 7.800000000000000000e+02
1.580000000000000000e+02 7.800000000000000000e+02
1.590000000000000000e+02 7.790000000000000000e+02
1.580000000000000000e+02 7.790000000000000000e+02
1.580000000000000000e+02 7.780000000000000000e+02
1.580000000000000000e+02 7.780000000000000000e+02
1.590000000000000000e+02 7.780000000000000000e+02
1.600000000000000000e+02 7.770000000000000000e+02
1.600000000000000000e+02 7.780000000000000000e+02
1.600000000000000000e+02 7.780000000000000000e+02
1.600000000000000000e+02 7.780000000000000000e+02
1.580000000000000000e+02 7.780000000000000000e+02
1.590000000000000000e+02 7.770000000000000000e+02
1.590000000000000000e+02 7.780000000000000000e+02
1.590000000000000000e+02 7.770000000000000000e+02
1.600000000000000000e+02 7.760000000000000000e+02
1.610000000000000000e+02 7.750000000000000000e+02
1.610000000000000000e+02 7.750000000000000000e+02
1.610000000000000000e+02 7.740000000000000000e+02
1.610000000000000000e+02 7.740000000000000000e+02
1.620000000000000000e+02 7.750000000000000000e+02
1.620000000000000000e+02 7.750000000000000000e+02
1.610000000000000000e+02 7.740000000000000000e+02
1.600000000000000000e+02 7.740000000000000000e+02
1.590000000000000000e+02 7.720000000000000000e+02
1.570000000000000000e+02 7.710000000000000000e+02
1.570000000000000000e+02 7.710000000000000000e+02
1.580000000000000000e+02 7.700000000000000000e+02
1.560000000000000000e+02 7.700000000000000000e+02
1.570000000000000000e+02 7.710000000000000000e+02
1.570000000000000000e+02 7.700000000000000000e+02
1.580000000000000000e+02 7.700000000000000000e+02
1.580000000000000000e+02 7.690000000000000000e+02
1.580000000000000000e+02 7.690000000000000000e+02
1.590000000000000000e+02 7.690000000000000000e+02
1.570000000000000000e+02 7.690000000000000000e+02
1.560000000000000000e+02 7.690000000000000000e+02
1.560000000000000000e+02 7.680000000000000000e+02
1.560000000000000000e+02 7.680000000000000000e+02
1.560000000000000000e+02 7.670000000000000000e+02
1.550000000000000000e+02 7.680000000000000000e+02
1.540000000000000000e+02 7.680000000000000000e+02
1.540000000000000000e+02 7.680000000000000000e+02
1.530000000000000000e+02 7.680000000000000000e+02
1.530000000000000000e+02 7.690000000000000000e+02
1.530000000000000000e+02 7.680000000000000000e+02
1.520000000000000000e+02 7.690000000000000000e+02
1.540000000000000000e+02 7.680000000000000000e+02
1.550000000000000000e+02 7.680000000000000000e+02
1.540000000000000000e+02 7.680000000000000000e+02
1.550000000000000000e+02 7.680000000000000000e+02
1.550000000000000000e+02 7.690000000000000000e+02
1.540000000000000000e+02 7.680000000000000000e+02
1.540000000000000000e+02 7.680000000000000000e+02
1.540000000000000000e+02 7.670000000000000000e+02
1.530000000000000000e+02 7.670000000000000000e+02
1.540000000000000000e+02 7.660000000000000000e+02
