# frames 101, center=[152, 790], duration=[600, 700], video=browniano sol 2_0
1.520000000000000000e+02 7.900000000000000000e+02
1.520000000000000000e+02 7.900000000000000000e+02
1.520000000000000000e+02 7.900000000000000000e+02
1.520000000000000000e+02 7.890000000000000000e+02
1.530000000000000000e+02 7.900000000000000000e+02
1.540000000000000000e+02 7.920000000000000000e+02
1.540000000000000000e+02 7.930000000000000000e+02
1.530000000000000000e+02 7.930000000000000000e+02
1.530000000000000000e+02 7.930000000000000000e+02
1.530000000000000000e+02 7.930000000000000000e+02
1.530000000000000000e+02 7.940000000000000000e+02
1.530000000000000000e+02 7.940000000000000000e+02
1.530000000000000000e+02 7.940000000000000000e+02
1.540000000000000000e+02 7.950000000000000000e+02
1.530000000000000000e+02 7.940000000000000000e+02
1.530000000000000000e+02 7.940000000000000000e+02
1.530000000000000000e+02 7.930000000000000000e+02
1.530000000000000000e+02 7.930000000000000000e+02
1.530000000000000000e+02 7.930000000000000000e+02
1.530000000000000000e+02 7.930000000000000000e+02
1.530000000000000000e+02 7.930000000000000000e+02
1.540000000000000000e+02 7.930000000000000000e+02
1.540000000000000000e+02 7.940000000000000000e+02
1.530000000000000000e+02 7.940000000000000000e+02
1.540000000000000000e+02 7.940000000000000000e+02
1.540000000000000000e+02 7.930000000000000000e+02
1.540000000000000000e+02 7.920000000000000000e+02
1.550000000000000000e+02 7.920000000000000000e+02
1.540000000000000000e+02 7.930000000000000000e+02
1.520000000000000000e+02 7.920000000000000000e+02
1.520000000000000000e+02 7.920000000000000000e+02
1.520000000000000000e+02 7.930000000000000000e+02
1.530000000000000000e+02 7.920000000000000000e+02
1.510000000000000000e+02 7.920000000000000000e+02
1.510000000000000000e+02 7.920000000000000000e+02
1.510000000000000000e+02 7.930000000000000000e+02
1.500000000000000000e+02 7.920000000000000000e+02
1.500000000000000000e+02 7.920000000000000000e+02
1.500000000000000000e+02 7.930000000000000000e+02
1.510000000000000000e+02 7.920000000000000000e+02
1.510000000000000000e+02 7.910000000000000000e+02
1.520000000000000000e+02 7.910000000000000000e+02
1.530000000000000000e+02 7.910000000000000000e+02
1.520000000000000000e+02 7.910000000000000000e+02
1.530000000000000000e+02 7.900000000000000000e+02
1.540000000000000000e+02 7.900000000000000000e+02
1.530000000000000000e+02 7.900000000000000000e+02
1.530000000000000000e+02 7.890000000000000000e+02
1.530000000000000000e+02 7.890000000000000000e+02
1.500000000000000000e+02 7.890000000000000000e+02
1.500000000000000000e+02 7.900000000000000000e+02
1.500000000000000000e+02 7.900000000000000000e+02
1.480000000000000000e+02 7.890000000000000000e+02
1.490000000000000000e+02 7.890000000000000000e+02
1.490000000000000000e+02 7.890000000000000000e+02
1.480000000000000000e+02 7.870000000000000000e+02
1.480000000000000000e+02 7.880000000000000000e+02
1.480000000000000000e+02 7.880000000000000000e+02
1.490000000000000000e+02 7.880000000000000000e+02
1.470000000000000000e+02 7.880000000000000000e+02
1.470000000000000000e+02 7.890000000000000000e+02
1.460000000000000000e+02 7.890000000000000000e+02
1.450000000000000000e+02 7.890000000000000000e+02
1.460000000000000000e+02 7.890000000000000000e+02
1.450000000000000000e+02 7.890000000000000000e+02
1.450000000000000000e+02 7.890000000000000000e+02
1.450000000000000000e+02 7.890000000000000000e+02
1.450000000000000000e+02 7.890000000000000000e+02
1.450000000000000000e+02 7.880000000000000000e+02
1.450000000000000000e+02 7.890000000000000000e+02
1.440000000000000000e+02 7.880000000000000000e+02
1.440000000000000000e+02 7.870000000000000000e+02
1.440000000000000000e+02 7.880000000000000000e+02
1.440000000000000000e+02 7.880000000000000000e+02
1.440000000000000000e+02 7.890000000000000000e+02
1.430000000000000000e+02 7.880000000000000000e+02
1.420000000000000000e+02 7.880000000000000000e+02
1.420000000000000000e+02 7.880000000000000000e+02
1.430000000000000000e+02 7.880000000000000000e+02
1.430000000000000000e+02 7.880000000000000000e+02
1.430000000000000000e+02 7.870000000000000000e+02
1.440000000000000000e+02 7.870000000000000000e+02
1.440000000000000000e+02 7.860000000000000000e+02
1.450000000000000000e+02 7.860000000000000000e+02
1.450000000000000000e+02 7.870000000000000000e+02
1.450000000000000000e+02 7.870000000000000000e+02
1.450000000000000000e+02 7.870000000000000000e+02
1.460000000000000000e+02 7.880000000000000000e+02
1.450000000000000000e+02 7.870000000000000000e+02
1.460000000000000000e+02 7.860000000000000000e+02
1.450000000000000000e+02 7.860000000000000000e+02
1.460000000000000000e+02 7.860000000000000000e+02
1.460000000000000000e+02 7.860000000000000000e+02
1.470000000000000000e+02 7.850000000000000000e+02
1.460000000000000000e+02 7.850000000000000000e+02
1.460000000000000000e+02 7.840000000000000000e+02
1.460000000000000000e+02 7.840000000000000000e+02
1.460000000000000000e+02 7.830000000000000000e+02
1.460000000000000000e+02 7.830000000000000000e+02
1.470000000000000000e+02 7.820000000000000000e+02
1.480000000000000000e+02 7.820000000000000000e+02
