# frames 101, center=[150, 805], duration=[100, 200], video=browniano sol 2_0
1.500000000000000000e+02 8.050000000000000000e+02
1.500000000000000000e+02 8.050000000000000000e+02
1.500000000000000000e+02 8.050000000000000000e+02
1.490000000000000000e+02 8.050000000000000000e+02
1.490000000000000000e+02 8.040000000000000000e+02
1.480000000000000000e+02 8.040000000000000000e+02
1.480000000000000000e+02 8.040000000000000000e+02
1.490000000000000000e+02 8.040000000000000000e+02
1.490000000000000000e+02 8.040000000000000000e+02
1.490000000000000000e+02 8.040000000000000000e+02
1.490000000000000000e+02 8.030000000000000000e+02
1.490000000000000000e+02 8.030000000000000000e+02
1.490000000000000000e+02 8.050000000000000000e+02
1.500000000000000000e+02 8.040000000000000000e+02
1.480000000000000000e+02 8.030000000000000000e+02
1.490000000000000000e+02 8.020000000000000000e+02
1.480000000000000000e+02 8.010000000000000000e+02
1.470000000000000000e+02 8.020000000000000000e+02
1.480000000000000000e+02 8.020000000000000000e+02
1.470000000000000000e+02 8.030000000000000000e+02
1.470000000000000000e+02 8.030000000000000000e+02
1.460000000000000000e+02 8.040000000000000000e+02
1.460000000000000000e+02 8.050000000000000000e+02
1.460000000000000000e+02 8.050000000000000000e+02
1.460000000000000000e+02 8.050000000000000000e+02
1.460000000000000000e+02 8.060000000000000000e+02
1.460000000000000000e+02 8.050000000000000000e+02
1.470000000000000000e+02 8.040000000000000000e+02
1.470000000000000000e+02 8.040000000000000000e+02
1.470000000000000000e+02 8.040000000000000000e+02
1.480000000000000000e+02 8.030000000000000000e+02
1.500000000000000000e+02 8.020000000000000000e+02
1.510000000000000000e+02 8.020000000000000000e+02
1.510000000000000000e+02 8.020000000000000000e+02
1.510000000000000000e+02 8.020000000000000000e+02
1.500000000000000000e+02 8.030000000000000000e+02
1.490000000000000000e+02 8.040000000000000000e+02
1.490000000000000000e+02 8.040000000000000000e+02
1.510000000000000000e+02 8.030000000000000000e+02
1.510000000000000000e+02 8.020000000000000000e+02
1.510000000000000000e+02 8.010000000000000000e+02
1.510000000000000000e+02 8.000000000000000000e+02
1.510000000000000000e+02 8.000000000000000000e+02
1.510000000000000000e+02 8.000000000000000000e+02
1.500000000000000000e+02 8.010000000000000000e+02
1.500000000000000000e+02 8.010000000000000000e+02
1.500000000000000000e+02 8.010000000000000000e+02
1.500000000000000000e+02 8.000000000000000000e+02
1.510000000000000000e+02 7.990000000000000000e+02
1.510000000000000000e+02 7.990000000000000000e+02
1.520000000000000000e+02 7.990000000000000000e+02
1.520000000000000000e+02 7.990000000000000000e+02
1.530000000000000000e+02 8.000000000000000000e+02
1.530000000000000000e+02 7.990000000000000000e+02
1.530000000000000000e+02 8.010000000000000000e+02
1.520000000000000000e+02 8.000000000000000000e+02
1.530000000000000000e+02 8.000000000000000000e+02
1.520000000000000000e+02 8.000000000000000000e+02
1.510000000000000000e+02 7.990000000000000000e+02
1.510000000000000000e+02 8.000000000000000000e+02
1.510000000000000000e+02 8.000000000000000000e+02
1.510000000000000000e+02 8.010000000000000000e+02
1.510000000000000000e+02 8.020000000000000000e+02
1.510000000000000000e+02 8.010000000000000000e+02
1.510000000000000000e+02 8.020000000000000000e+02
1.510000000000000000e+02 8.020000000000000000e+02
1.510000000000000000e+02 8.020000000000000000e+02
1.510000000000000000e+02 8.020000000000000000e+02
1.510000000000000000e+02 8.030000000000000000e+02
1.520000000000000000e+02 8.030000000000000000e+02
1.520000000000000000e+02 8.020000000000000000e+02
1.520000000000000000e+02 8.010000000000000000e+02
1.530000000000000000e+02 8.010000000000000000e+02
1.530000000000000000e+02 8.000000000000000000e+02
1.530000000000000000e+02 8.000000000000000000e+02
1.520000000000000000e+02 8.020000000000000000e+02
1.520000000000000000e+02 8.010000000000000000e+02
1.520000000000000000e+02 8.030000000000000000e+02
1.520000000000000000e+02 8.030000000000000000e+02
1.520000000000000000e+02 8.020000000000000000e+02
1.520000000000000000e+02 8.030000000000000000e+02
1.530000000000000000e+02 8.030000000000000000e+02
1.520000000000000000e+02 8.020000000000000000e+02
1.520000000000000000e+02 8.020000000000000000e+02
1.540000000000000000e+02 8.030000000000000000e+02
1.530000000000000000e+02 8.030000000000000000e+02
1.520000000000000000e+02 8.030000000000000000e+02
1.530000000000000000e+02 8.020000000000000000e+02
1.530000000000000000e+02 8.030000000000000000e+02
1.520000000000000000e+02 8.030000000000000000e+02
1.530000000000000000e+02 8.020000000000000000e+02
1.540000000000000000e+02 8.020000000000000000e+02
1.550000000000000000e+02 8.020000000000000000e+02
1.550000000000000000e+02 8.030000000000000000e+02
1.560000000000000000e+02 8.030000000000000000e+02
1.570000000000000000e+02 8.050000000000000000e+02
1.570000000000000000e+02 8.050000000000000000e+02
1.570000000000000000e+02 8.040000000000000000e+02
1.570000000000000000e+02 8.040000000000000000e+02
1.570000000000000000e+02 8.040000000000000000e+02
1.570000000000000000e+02 8.050000000000000000e+02
