# frames 101, center=[162, 766], duration=[1100, 1200], video=browniano sol 2_0
1.620000000000000000e+02 7.660000000000000000e+02
1.620000000000000000e+02 7.660000000000000000e+02
1.620000000000000000e+02 7.660000000000000000e+02
1.620000000000000000e+02 7.660000000000000000e+02
1.620000000000000000e+02 7.660000000000000000e+02
1.610000000000000000e+02 7.650000000000000000e+02
1.620000000000000000e+02 7.660000000000000000e+02
1.620000000000000000e+02 7.660000000000000000e+02
1.620000000000000000e+02 7.660000000000000000e+02
1.610000000000000000e+02 7.660000000000000000e+02
1.610000000000000000e+02 7.660000000000000000e+02
1.610000000000000000e+02 7.660000000000000000e+02
1.610000000000000000e+02 7.670000000000000000e+02
1.620000000000000000e+02 7.670000000000000000e+02
1.620000000000000000e+02 7.660000000000000000e+02
1.610000000000000000e+02 7.660000000000000000e+02
1.610000000000000000e+02 7.660000000000000000e+02
1.600000000000000000e+02 7.660000000000000000e+02
1.600000000000000000e+02 7.660000000000000000e+02
1.610000000000000000e+02 7.660000000000000000e+02
1.620000000000000000e+02 7.660000000000000000e+02
1.620000000000000000e+02 7.660000000000000000e+02
1.620000000000000000e+02 7.640000000000000000e+02
1.620000000000000000e+02 7.650000000000000000e+02
1.620000000000000000e+02 7.660000000000000000e+02
1.620000000000000000e+02 7.650000000000000000e+02
1.620000000000000000e+02 7.660000000000000000e+02
1.630000000000000000e+02 7.650000000000000000e+02
1.630000000000000000e+02 7.650000000000000000e+02
1.650000000000000000e+02 7.650000000000000000e+02
1.650000000000000000e+02 7.650000000000000000e+02
1.660000000000000000e+02 7.650000000000000000e+02
1.650000000000000000e+02 7.650000000000000000e+02
1.660000000000000000e+02 7.660000000000000000e+02
1.660000000000000000e+02 7.660000000000000000e+02
1.650000000000000000e+02 7.660000000000000000e+02
1.650000000000000000e+02 7.660000000000000000e+02
1.660000000000000000e+02 7.660000000000000000e+02
1.660000000000000000e+02 7.650000000000000000e+02
1.670000000000000000e+02 7.650000000000000000e+02
1.670000000000000000e+02 7.650000000000000000e+02
1.650000000000000000e+02 7.650000000000000000e+02
1.650000000000000000e+02 7.640000000000000000e+02
1.650000000000000000e+02 7.640000000000000000e+02
1.650000000000000000e+02 7.640000000000000000e+02
1.670000000000000000e+02 7.650000000000000000e+02
1.660000000000000000e+02 7.650000000000000000e+02
1.660000000000000000e+02 7.640000000000000000e+02
1.660000000000000000e+02 7.640000000000000000e+02
1.650000000000000000e+02 7.640000000000000000e+02
1.640000000000000000e+02 7.640000000000000000e+02
1.650000000000000000e+02 7.640000000000000000e+02
1.640000000000000000e+02 7.630000000000000000e+02
1.650000000000000000e+02 7.610000000000000000e+02
1.650000000000000000e+02 7.610000000000000000e+02
1.640000000000000000e+02 7.610000000000000000e+02
1.650000000000000000e+02 7.610000000000000000e+02
1.650000000000000000e+02 7.610000000000000000e+02
1.650000000000000000e+02 7.590000000000000000e+02
1.640000000000000000e+02 7.590000000000000000e+02
1.640000000000000000e+02 7.590000000000000000e+02
1.640000000000000000e+02 7.590000000000000000e+02
1.660000000000000000e+02 7.590000000000000000e+02
1.650000000000000000e+02 7.610000000000000000e+02
1.660000000000000000e+02 7.600000000000000000e+02
1.660000000000000000e+02 7.590000000000000000e+02
1.660000000000000000e+02 7.590000000000000000e+02
1.650000000000000000e+02 7.580000000000000000e+02
1.650000000000000000e+02 7.590000000000000000e+02
1.640000000000000000e+02 7.590000000000000000e+02
1.630000000000000000e+02 7.600000000000000000e+02
1.620000000000000000e+02 7.600000000000000000e+02
1.620000000000000000e+02 7.580000000000000000e+02
1.630000000000000000e+02 7.590000000000000000e+02
1.630000000000000000e+02 7.600000000000000000e+02
1.620000000000000000e+02 7.590000000000000000e+02
1.630000000000000000e+02 7.590000000000000000e+02
1.640000000000000000e+02 7.590000000000000000e+02
1.640000000000000000e+02 7.600000000000000000e+02
1.640000000000000000e+02 7.600000000000000000e+02
1.640000000000000000e+02 7.600000000000000000e+02
1.650000000000000000e+02 7.600000000000000000e+02
1.650000000000000000e+02 7.610000000000000000e+02
1.650000000000000000e+02 7.610000000000000000e+02
1.650000000000000000e+02 7.610000000000000000e+02
1.650000000000000000e+02 7.600000000000000000e+02
1.660000000000000000e+02 7.610000000000000000e+02
1.660000000000000000e+02 7.610000000000000000e+02
1.660000000000000000e+02 7.620000000000000000e+02
1.660000000000000000e+02 7.620000000000000000e+02
1.660000000000000000e+02 7.610000000000000000e+02
1.660000000000000000e+02 7.600000000000000000e+02
1.660000000000000000e+02 7.590000000000000000e+02
1.660000000000000000e+02 7.600000000000000000e+02
1.650000000000000000e+02 7.600000000000000000e+02
1.650000000000000000e+02 7.590000000000000000e+02
1.650000000000000000e+02 7.600000000000000000e+02
1.660000000000000000e+02 7.590000000000000000e+02
1.660000000000000000e+02 7.590000000000000000e+02
1.660000000000000000e+02 7.580000000000000000e+02
1.670000000000000000e+02 7.570000000000000000e+02
