# frames 101, center=[153, 766], duration=[900, 1000], video=browniano sol 2_0
1.530000000000000000e+02 7.660000000000000000e+02
1.530000000000000000e+02 7.660000000000000000e+02
1.530000000000000000e+02 7.660000000000000000e+02
1.550000000000000000e+02 7.660000000000000000e+02
1.550000000000000000e+02 7.660000000000000000e+02
1.540000000000000000e+02 7.670000000000000000e+02
1.540000000000000000e+02 7.670000000000000000e+02
1.540000000000000000e+02 7.670000000000000000e+02
1.540000000000000000e+02 7.660000000000000000e+02
1.540000000000000000e+02 7.650000000000000000e+02
1.540000000000000000e+02 7.640000000000000000e+02
1.540000000000000000e+02 7.630000000000000000e+02
1.550000000000000000e+02 7.630000000000000000e+02
1.550000000000000000e+02 7.630000000000000000e+02
1.560000000000000000e+02 7.630000000000000000e+02
1.560000000000000000e+02 7.640000000000000000e+02
1.560000000000000000e+02 7.630000000000000000e+02
1.560000000000000000e+02 7.620000000000000000e+02
1.550000000000000000e+02 7.620000000000000000e+02
1.560000000000000000e+02 7.620000000000000000e+02
1.560000000000000000e+02 7.630000000000000000e+02
1.570000000000000000e+02 7.630000000000000000e+02
1.580000000000000000e+02 7.630000000000000000e+02
1.580000000000000000e+02 7.640000000000000000e+02
1.580000000000000000e+02 7.640000000000000000e+02
1.590000000000000000e+02 7.650000000000000000e+02
1.590000000000000000e+02 7.650000000000000000e+02
1.600000000000000000e+02 7.640000000000000000e+02
1.600000000000000000e+02 7.640000000000000000e+02
1.600000000000000000e+02 7.650000000000000000e+02
1.590000000000000000e+02 7.650000000000000000e+02
1.590000000000000000e+02 7.640000000000000000e+02
1.580000000000000000e+02 7.650000000000000000e+02
1.570000000000000000e+02 7.650000000000000000e+02
1.580000000000000000e+02 7.650000000000000000e+02
1.580000000000000000e+02 7.650000000000000000e+02
1.590000000000000000e+02 7.650000000000000000e+02
1.600000000000000000e+02 7.660000000000000000e+02
1.590000000000000000e+02 7.660000000000000000e+02
1.590000000000000000e+02 7.660000000000000000e+02
1.590000000000000000e+02 7.650000000000000000e+02
1.580000000000000000e+02 7.650000000000000000e+02
1.590000000000000000e+02 7.650000000000000000e+02
1.590000000000000000e+02 7.650000000000000000e+02
1.590000000000000000e+02 7.650000000000000000e+02
1.590000000000000000e+02 7.650000000000000000e+02
1.590000000000000000e+02 7.650000000000000000e+02
1.590000000000000000e+02 7.660000000000000000e+02
1.600000000000000000e+02 7.660000000000000000e+02
1.600000000000000000e+02 7.650000000000000000e+02
1.600000000000000000e+02 7.660000000000000000e+02
1.600000000000000000e+02 7.660000000000000000e+02
1.600000000000000000e+02 7.660000000000000000e+02
1.610000000000000000e+02 7.660000000000000000e+02
1.600000000000000000e+02 7.660000000000000000e+02
1.610000000000000000e+02 7.660000000000000000e+02
1.600000000000000000e+02 7.650000000000000000e+02
1.600000000000000000e+02 7.650000000000000000e+02
1.600000000000000000e+02 7.660000000000000000e+02
1.600000000000000000e+02 7.660000000000000000e+02
1.610000000000000000e+02 7.660000000000000000e+02
1.600000000000000000e+02 7.650000000000000000e+02
1.610000000000000000e+02 7.640000000000000000e+02
1.610000000000000000e+02 7.650000000000000000e+02
1.590000000000000000e+02 7.650000000000000000e+02
1.590000000000000000e+02 7.650000000000000000e+02
1.590000000000000000e+02 7.660000000000000000e+02
1.590000000000000000e+02 7.650000000000000000e+02
1.590000000000000000e+02 7.650000000000000000e+02
1.590000000000000000e+02 7.660000000000000000e+02
1.590000000000000000e+02 7.650000000000000000e+02
1.590000000000000000e+02 7.660000000000000000e+02
1.580000000000000000e+02 7.650000000000000000e+02
1.580000000000000000e+02 7.650000000000000000e+02
1.580000000000000000e+02 7.650000000000000000e+02
1.590000000000000000e+02 7.660000000000000000e+02
1.580000000000000000e+02 7.660000000000000000e+02
1.570000000000000000e+02 7.660000000000000000e+02
1.580000000000000000e+02 7.660000000000000000e+02
1.570000000000000000e+02 7.660000000000000000e+02
1.580000000000000000e+02 7.650000000000000000e+02
1.590000000000000000e+02 7.660000000000000000e+02
1.580000000000000000e+02 7.670000000000000000e+02
1.590000000000000000e+02 7.660000000000000000e+02
1.580000000000000000e+02 7.660000000000000000e+02
1.580000000000000000e+02 7.660000000000000000e+02
1.590000000000000000e+02 7.660000000000000000e+02
1.580000000000000000e+02 7.660000000000000000e+02
1.590000000000000000e+02 7.660000000000000000e+02
1.600000000000000000e+02 7.660000000000000000e+02
1.610000000000000000e+02 7.650000000000000000e+02
1.610000000000000000e+02 7.660000000000000000e+02
1.620000000000000000e+02 7.650000000000000000e+02
1.620000000000000000e+02 7.650000000000000000e+02
1.630000000000000000e+02 7.660000000000000000e+02
1.620000000000000000e+02 7.650000000000000000e+02
1.620000000000000000e+02 7.650000000000000000e+02
1.620000000000000000e+02 7.660000000000000000e+02
1.630000000000000000e+02 7.660000000000000000e+02
1.610000000000000000e+02 7.650000000000000000e+02
1.600000000000000000e+02 7.650000000000000000e+02
