# frames 101, center=[148, 784], duration=[700, 800], video=browniano sol 2_0
1.480000000000000000e+02 7.840000000000000000e+02
1.480000000000000000e+02 7.840000000000000000e+02
1.480000000000000000e+02 7.840000000000000000e+02
1.490000000000000000e+02 7.840000000000000000e+02
1.490000000000000000e+02 7.850000000000000000e+02
1.500000000000000000e+02 7.830000000000000000e+02
1.500000000000000000e+02 7.830000000000000000e+02
1.500000000000000000e+02 7.840000000000000000e+02
1.510000000000000000e+02 7.830000000000000000e+02
1.500000000000000000e+02 7.820000000000000000e+02
1.490000000000000000e+02 7.820000000000000000e+02
1.490000000000000000e+02 7.810000000000000000e+02
1.490000000000000000e+02 7.800000000000000000e+02
1.490000000000000000e+02 7.800000000000000000e+02
1.490000000000000000e+02 7.810000000000000000e+02
1.480000000000000000e+02 7.820000000000000000e+02
1.480000000000000000e+02 7.820000000000000000e+02
1.490000000000000000e+02 7.810000000000000000e+02
1.490000000000000000e+02 7.820000000000000000e+02
1.490000000000000000e+02 7.820000000000000000e+02
1.490000000000000000e+02 7.820000000000000000e+02
1.500000000000000000e+02 7.820000000000000000e+02
1.490000000000000000e+02 7.810000000000000000e+02
1.480000000000000000e+02 7.810000000000000000e+02
1.480000000000000000e+02 7.810000000000000000e+02
1.480000000000000000e+02 7.810000000000000000e+02
1.490000000000000000e+02 7.820000000000000000e+02
1.490000000000000000e+02 7.830000000000000000e+02
1.480000000000000000e+02 7.820000000000000000e+02
1.480000000000000000e+02 7.830000000000000000e+02
1.490000000000000000e+02 7.840000000000000000e+02
1.500000000000000000e+02 7.840000000000000000e+02
1.510000000000000000e+02 7.830000000000000000e+02
1.520000000000000000e+02 7.830000000000000000e+02
1.520000000000000000e+02 7.830000000000000000e+02
1.520000000000000000e+02 7.840000000000000000e+02
1.510000000000000000e+02 7.840000000000000000e+02
1.520000000000000000e+02 7.840000000000000000e+02
1.520000000000000000e+02 7.840000000000000000e+02
1.520000000000000000e+02 7.840000000000000000e+02
1.520000000000000000e+02 7.840000000000000000e+02
1.520000000000000000e+02 7.850000000000000000e+02
1.520000000000000000e+02 7.840000000000000000e+02
1.520000000000000000e+02 7.840000000000000000e+02
1.520000000000000000e+02 7.830000000000000000e+02
1.520000000000000000e+02 7.840000000000000000e+02
1.530000000000000000e+02 7.840000000000000000e+02
1.530000000000000000e+02 7.840000000000000000e+02
1.520000000000000000e+02 7.840000000000000000e+02
1.520000000000000000e+02 7.840000000000000000e+02
1.510000000000000000e+02 7.850000000000000000e+02
1.520000000000000000e+02 7.850000000000000000e+02
1.520000000000000000e+02 7.860000000000000000e+02
1.530000000000000000e+02 7.860000000000000000e+02
1.550000000000000000e+02 7.860000000000000000e+02
1.550000000000000000e+02 7.850000000000000000e+02
1.550000000000000000e+02 7.850000000000000000e+02
1.550000000000000000e+02 7.850000000000000000e+02
1.540000000000000000e+02 7.840000000000000000e+02
1.540000000000000000e+02 7.840000000000000000e+02
1.540000000000000000e+02 7.820000000000000000e+02
1.560000000000000000e+02 7.820000000000000000e+02
1.580000000000000000e+02 7.840000000000000000e+02
1.570000000000000000e+02 7.850000000000000000e+02
1.570000000000000000e+02 7.850000000000000000e+02
1.560000000000000000e+02 7.850000000000000000e+02
1.560000000000000000e+02 7.850000000000000000e+02
1.560000000000000000e+02 7.840000000000000000e+02
1.550000000000000000e+02 7.860000000000000000e+02
1.560000000000000000e+02 7.860000000000000000e+02
1.560000000000000000e+02 7.860000000000000000e+02
1.550000000000000000e+02 7.870000000000000000e+02
1.550000000000000000e+02 7.870000000000000000e+02
1.560000000000000000e+02 7.860000000000000000e+02
1.550000000000000000e+02 7.850000000000000000e+02
1.550000000000000000e+02 7.850000000000000000e+02
1.550000000000000000e+02 7.860000000000000000e+02
1.560000000000000000e+02 7.860000000000000000e+02
1.570000000000000000e+02 7.860000000000000000e+02
1.560000000000000000e+02 7.840000000000000000e+02
1.580000000000000000e+02 7.850000000000000000e+02
1.580000000000000000e+02 7.850000000000000000e+02
1.580000000000000000e+02 7.850000000000000000e+02
1.570000000000000000e+02 7.850000000000000000e+02
1.580000000000000000e+02 7.840000000000000000e+02
1.570000000000000000e+02 7.850000000000000000e+02
1.570000000000000000e+02 7.860000000000000000e+02
1.560000000000000000e+02 7.850000000000000000e+02
1.550000000000000000e+02 7.850000000000000000e+02
1.560000000000000000e+02 7.850000000000000000e+02
1.550000000000000000e+02 7.850000000000000000e+02
1.540000000000000000e+02 7.860000000000000000e+02
1.550000000000000000e+02 7.850000000000000000e+02
1.550000000000000000e+02 7.850000000000000000e+02
1.550000000000000000e+02 7.850000000000000000e+02
1.550000000000000000e+02 7.850000000000000000e+02
1.540000000000000000e+02 7.840000000000000000e+02
1.540000000000000000e+02 7.830000000000000000e+02
1.530000000000000000e+02 7.830000000000000000e+02
1.540000000000000000e+02 7.840000000000000000e+02
1.540000000000000000e+02 7.850000000000000000e+02
