# frames 101, center=[155, 802], duration=[300, 400], video=browniano sol 2_0
1.550000000000000000e+02 8.020000000000000000e+02
1.550000000000000000e+02 8.020000000000000000e+02
1.550000000000000000e+02 8.020000000000000000e+02
1.550000000000000000e+02 8.020000000000000000e+02
1.550000000000000000e+02 8.020000000000000000e+02
1.560000000000000000e+02 8.020000000000000000e+02
1.570000000000000000e+02 8.020000000000000000e+02
1.560000000000000000e+02 8.020000000000000000e+02
1.570000000000000000e+02 8.010000000000000000e+02
1.570000000000000000e+02 8.010000000000000000e+02
1.570000000000000000e+02 8.010000000000000000e+02
1.570000000000000000e+02 8.010000000000000000e+02
1.560000000000000000e+02 8.010000000000000000e+02
1.570000000000000000e+02 8.000000000000000000e+02
1.560000000000000000e+02 8.000000000000000000e+02
1.560000000000000000e+02 8.000000000000000000e+02
1.570000000000000000e+02 7.990000000000000000e+02
1.560000000000000000e+02 7.990000000000000000e+02
1.560000000000000000e+02 7.980000000000000000e+02
1.570000000000000000e+02 7.980000000000000000e+02
1.570000000000000000e+02 7.980000000000000000e+02
1.560000000000000000e+02 7.980000000000000000e+02
1.570000000000000000e+02 7.980000000000000000e+02
1.580000000000000000e+02 7.980000000000000000e+02
1.580000000000000000e+02 7.980000000000000000e+02
1.590000000000000000e+02 7.980000000000000000e+02
1.580000000000000000e+02 7.990000000000000000e+02
1.580000000000000000e+02 7.990000000000000000e+02
1.570000000000000000e+02 7.980000000000000000e+02
1.570000000000000000e+02 7.980000000000000000e+02
1.570000000000000000e+02 7.980000000000000000e+02
1.580000000000000000e+02 7.990000000000000000e+02
1.570000000000000000e+02 7.980000000000000000e+02
1.570000000000000000e+02 7.980000000000000000e+02
1.570000000000000000e+02 7.980000000000000000e+02
1.560000000000000000e+02 7.980000000000000000e+02
1.560000000000000000e+02 7.980000000000000000e+02
1.570000000000000000e+02 7.980000000000000000e+02
1.570000000000000000e+02 7.980000000000000000e+02
1.570000000000000000e+02 7.990000000000000000e+02
1.570000000000000000e+02 7.980000000000000000e+02
1.580000000000000000e+02 7.970000000000000000e+02
1.570000000000000000e+02 7.960000000000000000e+02
1.560000000000000000e+02 7.950000000000000000e+02
1.570000000000000000e+02 7.950000000000000000e+02
1.570000000000000000e+02 7.950000000000000000e+02
1.570000000000000000e+02 7.950000000000000000e+02
1.570000000000000000e+02 7.950000000000000000e+02
1.570000000000000000e+02 7.940000000000000000e+02
1.580000000000000000e+02 7.940000000000000000e+02
1.570000000000000000e+02 7.930000000000000000e+02
1.580000000000000000e+02 7.920000000000000000e+02
1.580000000000000000e+02 7.930000000000000000e+02
1.580000000000000000e+02 7.930000000000000000e+02
1.590000000000000000e+02 7.930000000000000000e+02
1.570000000000000000e+02 7.920000000000000000e+02
1.590000000000000000e+02 7.920000000000000000e+02
1.580000000000000000e+02 7.930000000000000000e+02
1.580000000000000000e+02 7.920000000000000000e+02
1.590000000000000000e+02 7.910000000000000000e+02
1.590000000000000000e+02 7.910000000000000000e+02
1.600000000000000000e+02 7.910000000000000000e+02
1.590000000000000000e+02 7.920000000000000000e+02
1.590000000000000000e+02 7.920000000000000000e+02
1.580000000000000000e+02 7.930000000000000000e+02
1.590000000000000000e+02 7.920000000000000000e+02
1.590000000000000000e+02 7.910000000000000000e+02
1.590000000000000000e+02 7.910000000000000000e+02
1.580000000000000000e+02 7.920000000000000000e+02
1.580000000000000000e+02 7.920000000000000000e+02
1.570000000000000000e+02 7.920000000000000000e+02
1.570000000000000000e+02 7.930000000000000000e+02
1.570000000000000000e+02 7.920000000000000000e+02
1.560000000000000000e+02 7.910000000000000000e+02
1.560000000000000000e+02 7.920000000000000000e+02
1.560000000000000000e+02 7.930000000000000000e+02
1.550000000000000000e+02 7.930000000000000000e+02
1.560000000000000000e+02 7.940000000000000000e+02
1.570000000000000000e+02 7.940000000000000000e+02
1.570000000000000000e+02 7.930000000000000000e+02
1.570000000000000000e+02 7.940000000000000000e+02
1.570000000000000000e+02 7.940000000000000000e+02
1.570000000000000000e+02 7.940000000000000000e+02
1.570000000000000000e+02 7.940000000000000000e+02
1.580000000000000000e+02 7.930000000000000000e+02
1.580000000000000000e+02 7.940000000000000000e+02
1.580000000000000000e+02 7.940000000000000000e+02
1.570000000000000000e+02 7.940000000000000000e+02
1.570000000000000000e+02 7.940000000000000000e+02
1.580000000000000000e+02 7.940000000000000000e+02
1.580000000000000000e+02 7.940000000000000000e+02
1.580000000000000000e+02 7.940000000000000000e+02
1.590000000000000000e+02 7.940000000000000000e+02
1.600000000000000000e+02 7.940000000000000000e+02
1.600000000000000000e+02 7.950000000000000000e+02
1.610000000000000000e+02 7.940000000000000000e+02
1.600000000000000000e+02 7.950000000000000000e+02
1.600000000000000000e+02 7.960000000000000000e+02
1.610000000000000000e+02 7.950000000000000000e+02
1.600000000000000000e+02 7.940000000000000000e+02
1.600000000000000000e+02 7.940000000000000000e+02
