# frames 101, center=[253, 237], duration=[100, 200], video=browniano sol 2_0
2.530000000000000000e+02 2.370000000000000000e+02
2.530000000000000000e+02 2.370000000000000000e+02
2.530000000000000000e+02 2.370000000000000000e+02
2.530000000000000000e+02 2.370000000000000000e+02
2.530000000000000000e+02 2.370000000000000000e+02
2.540000000000000000e+02 2.360000000000000000e+02
2.520000000000000000e+02 2.360000000000000000e+02
2.520000000000000000e+02 2.370000000000000000e+02
2.530000000000000000e+02 2.370000000000000000e+02
2.530000000000000000e+02 2.370000000000000000e+02
2.530000000000000000e+02 2.370000000000000000e+02
2.530000000000000000e+02 2.380000000000000000e+02
2.520000000000000000e+02 2.370000000000000000e+02
2.530000000000000000e+02 2.370000000000000000e+02
2.540000000000000000e+02 2.370000000000000000e+02
2.540000000000000000e+02 2.360000000000000000e+02
2.550000000000000000e+02 2.360000000000000000e+02
2.550000000000000000e+02 2.370000000000000000e+02
2.550000000000000000e+02 2.370000000000000000e+02
2.540000000000000000e+02 2.380000000000000000e+02
2.530000000000000000e+02 2.370000000000000000e+02
2.530000000000000000e+02 2.370000000000000000e+02
2.530000000000000000e+02 2.370000000000000000e+02
2.530000000000000000e+02 2.370000000000000000e+02
2.510000000000000000e+02 2.370000000000000000e+02
2.510000000000000000e+02 2.370000000000000000e+02
2.500000000000000000e+02 2.380000000000000000e+02
2.500000000000000000e+02 2.380000000000000000e+02
2.500000000000000000e+02 2.390000000000000000e+02
2.500000000000000000e+02 2.400000000000000000e+02
2.510000000000000000e+02 2.400000000000000000e+02
2.530000000000000000e+02 2.410000000000000000e+02
2.520000000000000000e+02 2.410000000000000000e+02
2.520000000000000000e+02 2.410000000000000000e+02
2.530000000000000000e+02 2.410000000000000000e+02
2.520000000000000000e+02 2.410000000000000000e+02
2.510000000000000000e+02 2.410000000000000000e+02
2.510000000000000000e+02 2.410000000000000000e+02
2.520000000000000000e+02 2.400000000000000000e+02
2.520000000000000000e+02 2.400000000000000000e+02
2.530000000000000000e+02 2.410000000000000000e+02
2.540000000000000000e+02 2.410000000000000000e+02
2.540000000000000000e+02 2.400000000000000000e+02
2.550000000000000000e+02 2.410000000000000000e+02
2.550000000000000000e+02 2.410000000000000000e+02
2.540000000000000000e+02 2.410000000000000000e+02
2.550000000000000000e+02 2.410000000000000000e+02
2.540000000000000000e+02 2.400000000000000000e+02
2.540000000000000000e+02 2.400000000000000000e+02
2.550000000000000000e+02 2.400000000000000000e+02
2.540000000000000000e+02 2.400000000000000000e+02
2.540000000000000000e+02 2.400000000000000000e+02
2.540000000000000000e+02 2.400000000000000000e+02
2.550000000000000000e+02 2.390000000000000000e+02
2.550000000000000000e+02 2.390000000000000000e+02
2.550000000000000000e+02 2.390000000000000000e+02
2.550000000000000000e+02 2.390000000000000000e+02
2.540000000000000000e+02 2.400000000000000000e+02
2.530000000000000000e+02 2.410000000000000000e+02
2.530000000000000000e+02 2.400000000000000000e+02
2.520000000000000000e+02 2.400000000000000000e+02
2.510000000000000000e+02 2.390000000000000000e+02
2.510000000000000000e+02 2.390000000000000000e+02
2.520000000000000000e+02 2.390000000000000000e+02
2.510000000000000000e+02 2.390000000000000000e+02
2.510000000000000000e+02 2.390000000000000000e+02
2.510000000000000000e+02 2.390000000000000000e+02
2.520000000000000000e+02 2.390000000000000000e+02
2.510000000000000000e+02 2.390000000000000000e+02
2.520000000000000000e+02 2.390000000000000000e+02
2.520000000000000000e+02 2.390000000000000000e+02
2.520000000000000000e+02 2.390000000000000000e+02
2.520000000000000000e+02 2.390000000000000000e+02
2.510000000000000000e+02 2.390000000000000000e+02
2.510000000000000000e+02 2.390000000000000000e+02
2.510000000000000000e+02 2.400000000000000000e+02
2.510000000000000000e+02 2.410000000000000000e+02
2.510000000000000000e+02 2.410000000000000000e+02
2.510000000000000000e+02 2.420000000000000000e+02
2.500000000000000000e+02 2.420000000000000000e+02
2.500000000000000000e+02 2.410000000000000000e+02
2.490000000000000000e+02 2.410000000000000000e+02
2.490000000000000000e+02 2.420000000000000000e+02
2.480000000000000000e+02 2.420000000000000000e+02
2.490000000000000000e+02 2.410000000000000000e+02
2.490000000000000000e+02 2.410000000000000000e+02
2.480000000000000000e+02 2.420000000000000000e+02
2.490000000000000000e+02 2.420000000000000000e+02
2.490000000000000000e+02 2.410000000000000000e+02
2.500000000000000000e+02 2.420000000000000000e+02
2.510000000000000000e+02 2.410000000000000000e+02
2.510000000000000000e+02 2.410000000000000000e+02
2.500000000000000000e+02 2.410000000000000000e+02
2.500000000000000000e+02 2.410000000000000000e+02
2.510000000000000000e+02 2.420000000000000000e+02
2.510000000000000000e+02 2.420000000000000000e+02
2.500000000000000000e+02 2.420000000000000000e+02
2.500000000000000000e+02 2.430000000000000000e+02
2.500000000000000000e+02 2.420000000000000000e+02
2.500000000000000000e+02 2.430000000000000000e+02
2.500000000000000000e+02 2.430000000000000000e+02
