# frames 101, center=[276, 198], duration=[800, 900], video=browniano sol 2_0
2.760000000000000000e+02 1.980000000000000000e+02
2.760000000000000000e+02 1.980000000000000000e+02
2.760000000000000000e+02 1.980000000000000000e+02
2.760000000000000000e+02 1.980000000000000000e+02
2.760000000000000000e+02 1.980000000000000000e+02
2.760000000000000000e+02 1.980000000000000000e+02
2.760000000000000000e+02 1.980000000000000000e+02
2.750000000000000000e+02 1.990000000000000000e+02
2.750000000000000000e+02 1.990000000000000000e+02
2.750000000000000000e+02 1.990000000000000000e+02
2.750000000000000000e+02 1.990000000000000000e+02
2.760000000000000000e+02 1.970000000000000000e+02
2.760000000000000000e+02 1.970000000000000000e+02
2.750000000000000000e+02 1.980000000000000000e+02
2.750000000000000000e+02 1.980000000000000000e+02
2.750000000000000000e+02 1.970000000000000000e+02
2.750000000000000000e+02 1.970000000000000000e+02
2.750000000000000000e+02 1.980000000000000000e+02
2.760000000000000000e+02 1.980000000000000000e+02
2.760000000000000000e+02 1.980000000000000000e+02
2.770000000000000000e+02 1.970000000000000000e+02
2.770000000000000000e+02 1.970000000000000000e+02
2.770000000000000000e+02 1.970000000000000000e+02
2.770000000000000000e+02 1.970000000000000000e+02
2.770000000000000000e+02 1.980000000000000000e+02
2.770000000000000000e+02 1.970000000000000000e+02
2.770000000000000000e+02 1.970000000000000000e+02
2.770000000000000000e+02 1.970000000000000000e+02
2.770000000000000000e+02 1.980000000000000000e+02
2.770000000000000000e+02 1.980000000000000000e+02
2.780000000000000000e+02 1.980000000000000000e+02
2.770000000000000000e+02 1.990000000000000000e+02
2.770000000000000000e+02 1.990000000000000000e+02
2.780000000000000000e+02 1.980000000000000000e+02
2.780000000000000000e+02 1.980000000000000000e+02
2.780000000000000000e+02 1.980000000000000000e+02
2.790000000000000000e+02 1.980000000000000000e+02
2.790000000000000000e+02 1.980000000000000000e+02
2.790000000000000000e+02 1.990000000000000000e+02
2.780000000000000000e+02 1.980000000000000000e+02
2.790000000000000000e+02 1.980000000000000000e+02
2.790000000000000000e+02 1.980000000000000000e+02
2.800000000000000000e+02 1.980000000000000000e+02
2.810000000000000000e+02 1.980000000000000000e+02
2.810000000000000000e+02 1.970000000000000000e+02
2.820000000000000000e+02 1.980000000000000000e+02
2.820000000000000000e+02 1.980000000000000000e+02
2.810000000000000000e+02 1.980000000000000000e+02
2.810000000000000000e+02 1.980000000000000000e+02
2.820000000000000000e+02 1.980000000000000000e+02
2.820000000000000000e+02 1.990000000000000000e+02
2.820000000000000000e+02 1.980000000000000000e+02
2.820000000000000000e+02 1.980000000000000000e+02
2.800000000000000000e+02 1.980000000000000000e+02
2.810000000000000000e+02 2.000000000000000000e+02
2.810000000000000000e+02 2.000000000000000000e+02
2.800000000000000000e+02 2.000000000000000000e+02
2.790000000000000000e+02 1.990000000000000000e+02
2.800000000000000000e+02 1.990000000000000000e+02
2.810000000000000000e+02 1.990000000000000000e+02
2.810000000000000000e+02 1.980000000000000000e+02
2.800000000000000000e+02 1.980000000000000000e+02
2.790000000000000000e+02 1.980000000000000000e+02
2.800000000000000000e+02 2.000000000000000000e+02
2.790000000000000000e+02 2.000000000000000000e+02
2.790000000000000000e+02 2.010000000000000000e+02
2.790000000000000000e+02 2.010000000000000000e+02
2.790000000000000000e+02 2.010000000000000000e+02
2.800000000000000000e+02 2.000000000000000000e+02
2.790000000000000000e+02 2.000000000000000000e+02
2.790000000000000000e+02 2.000000000000000000e+02
2.790000000000000000e+02 2.000000000000000000e+02
2.790000000000000000e+02 1.990000000000000000e+02
2.790000000000000000e+02 1.980000000000000000e+02
2.800000000000000000e+02 1.980000000000000000e+02
2.800000000000000000e+02 1.980000000000000000e+02
2.800000000000000000e+02 1.980000000000000000e+02
2.800000000000000000e+02 1.980000000000000000e+02
2.810000000000000000e+02 1.980000000000000000e+02
2.810000000000000000e+02 1.980000000000000000e+02
2.810000000000000000e+02 1.980000000000000000e+02
2.810000000000000000e+02 1.980000000000000000e+02
2.810000000000000000e+02 1.980000000000000000e+02
2.810000000000000000e+02 1.980000000000000000e+02
2.820000000000000000e+02 1.990000000000000000e+02
2.820000000000000000e+02 1.990000000000000000e+02
2.820000000000000000e+02 1.990000000000000000e+02
2.810000000000000000e+02 1.990000000000000000e+02
2.820000000000000000e+02 1.980000000000000000e+02
2.810000000000000000e+02 1.980000000000000000e+02
2.820000000000000000e+02 2.000000000000000000e+02
2.810000000000000000e+02 2.000000000000000000e+02
2.810000000000000000e+02 2.010000000000000000e+02
2.800000000000000000e+02 2.000000000000000000e+02
2.810000000000000000e+02 2.010000000000000000e+02
2.800000000000000000e+02 2.000000000000000000e+02
2.800000000000000000e+02 2.010000000000000000e+02
2.810000000000000000e+02 2.010000000000000000e+02
2.820000000000000000e+02 2.020000000000000000e+02
2.820000000000000000e+02 2.020000000000000000e+02
2.820000000000000000e+02 2.020000000000000000e+02
