# frames 101, center=[254, 233], duration=[400, 500], video=browniano sol 2_0
2.540000000000000000e+02 2.330000000000000000e+02
2.540000000000000000e+02 2.330000000000000000e+02
2.540000000000000000e+02 2.330000000000000000e+02
2.550000000000000000e+02 2.330000000000000000e+02
2.560000000000000000e+02 2.330000000000000000e+02
2.550000000000000000e+02 2.330000000000000000e+02
2.540000000000000000e+02 2.330000000000000000e+02
2.540000000000000000e+02 2.330000000000000000e+02
2.550000000000000000e+02 2.340000000000000000e+02
2.550000000000000000e+02 2.340000000000000000e+02
2.560000000000000000e+02 2.340000000000000000e+02
2.560000000000000000e+02 2.350000000000000000e+02
2.560000000000000000e+02 2.350000000000000000e+02
2.550000000000000000e+02 2.340000000000000000e+02
2.560000000000000000e+02 2.350000000000000000e+02
2.550000000000000000e+02 2.330000000000000000e+02
2.560000000000000000e+02 2.330000000000000000e+02
2.550000000000000000e+02 2.330000000000000000e+02
2.560000000000000000e+02 2.330000000000000000e+02
2.540000000000000000e+02 2.330000000000000000e+02
2.540000000000000000e+02 2.330000000000000000e+02
2.530000000000000000e+02 2.330000000000000000e+02
2.540000000000000000e+02 2.330000000000000000e+02
2.530000000000000000e+02 2.330000000000000000e+02
2.530000000000000000e+02 2.320000000000000000e+02
2.530000000000000000e+02 2.320000000000000000e+02
2.530000000000000000e+02 2.320000000000000000e+02
2.540000000000000000e+02 2.310000000000000000e+02
2.540000000000000000e+02 2.300000000000000000e+02
2.540000000000000000e+02 2.300000000000000000e+02
2.530000000000000000e+02 2.300000000000000000e+02
2.530000000000000000e+02 2.290000000000000000e+02
2.530000000000000000e+02 2.280000000000000000e+02
2.530000000000000000e+02 2.280000000000000000e+02
2.540000000000000000e+02 2.290000000000000000e+02
2.520000000000000000e+02 2.290000000000000000e+02
2.500000000000000000e+02 2.300000000000000000e+02
2.510000000000000000e+02 2.290000000000000000e+02
2.510000000000000000e+02 2.290000000000000000e+02
2.510000000000000000e+02 2.290000000000000000e+02
2.510000000000000000e+02 2.290000000000000000e+02
2.520000000000000000e+02 2.290000000000000000e+02
2.520000000000000000e+02 2.280000000000000000e+02
2.510000000000000000e+02 2.280000000000000000e+02
2.520000000000000000e+02 2.280000000000000000e+02
2.530000000000000000e+02 2.280000000000000000e+02
2.540000000000000000e+02 2.300000000000000000e+02
2.530000000000000000e+02 2.300000000000000000e+02
2.540000000000000000e+02 2.300000000000000000e+02
2.530000000000000000e+02 2.300000000000000000e+02
2.530000000000000000e+02 2.300000000000000000e+02
2.540000000000000000e+02 2.290000000000000000e+02
2.530000000000000000e+02 2.280000000000000000e+02
2.530000000000000000e+02 2.260000000000000000e+02
2.530000000000000000e+02 2.260000000000000000e+02
2.540000000000000000e+02 2.270000000000000000e+02
2.550000000000000000e+02 2.260000000000000000e+02
2.550000000000000000e+02 2.250000000000000000e+02
2.550000000000000000e+02 2.240000000000000000e+02
2.560000000000000000e+02 2.230000000000000000e+02
2.570000000000000000e+02 2.230000000000000000e+02
2.580000000000000000e+02 2.230000000000000000e+02
2.570000000000000000e+02 2.220000000000000000e+02
2.570000000000000000e+02 2.230000000000000000e+02
2.570000000000000000e+02 2.220000000000000000e+02
2.580000000000000000e+02 2.210000000000000000e+02
2.580000000000000000e+02 2.190000000000000000e+02
2.580000000000000000e+02 2.200000000000000000e+02
2.580000000000000000e+02 2.210000000000000000e+02
2.560000000000000000e+02 2.200000000000000000e+02
2.550000000000000000e+02 2.200000000000000000e+02
2.550000000000000000e+02 2.210000000000000000e+02
2.560000000000000000e+02 2.210000000000000000e+02
2.560000000000000000e+02 2.200000000000000000e+02
2.560000000000000000e+02 2.210000000000000000e+02
2.560000000000000000e+02 2.210000000000000000e+02
2.560000000000000000e+02 2.210000000000000000e+02
2.560000000000000000e+02 2.210000000000000000e+02
2.560000000000000000e+02 2.210000000000000000e+02
2.560000000000000000e+02 2.220000000000000000e+02
2.550000000000000000e+02 2.220000000000000000e+02
2.560000000000000000e+02 2.230000000000000000e+02
2.560000000000000000e+02 2.210000000000000000e+02
2.570000000000000000e+02 2.210000000000000000e+02
2.570000000000000000e+02 2.220000000000000000e+02
2.590000000000000000e+02 2.220000000000000000e+02
2.570000000000000000e+02 2.200000000000000000e+02
2.570000000000000000e+02 2.200000000000000000e+02
2.560000000000000000e+02 2.190000000000000000e+02
2.560000000000000000e+02 2.200000000000000000e+02
2.560000000000000000e+02 2.200000000000000000e+02
2.560000000000000000e+02 2.190000000000000000e+02
2.560000000000000000e+02 2.200000000000000000e+02
2.560000000000000000e+02 2.200000000000000000e+02
2.560000000000000000e+02 2.210000000000000000e+02
2.560000000000000000e+02 2.200000000000000000e+02
2.570000000000000000e+02 2.200000000000000000e+02
2.570000000000000000e+02 2.200000000000000000e+02
2.550000000000000000e+02 2.190000000000000000e+02
2.540000000000000000e+02 2.180000000000000000e+02
2.530000000000000000e+02 2.180000000000000000e+02
