# frames 101, center=[255, 219], duration=[500, 600], video=browniano sol 2_0
2.550000000000000000e+02 2.190000000000000000e+02
2.550000000000000000e+02 2.190000000000000000e+02
2.550000000000000000e+02 2.190000000000000000e+02
2.550000000000000000e+02 2.190000000000000000e+02
2.550000000000000000e+02 2.190000000000000000e+02
2.530000000000000000e+02 2.180000000000000000e+02
2.540000000000000000e+02 2.180000000000000000e+02
2.550000000000000000e+02 2.180000000000000000e+02
2.550000000000000000e+02 2.170000000000000000e+02
2.550000000000000000e+02 2.180000000000000000e+02
2.540000000000000000e+02 2.170000000000000000e+02
2.540000000000000000e+02 2.170000000000000000e+02
2.530000000000000000e+02 2.170000000000000000e+02
2.530000000000000000e+02 2.160000000000000000e+02
2.540000000000000000e+02 2.150000000000000000e+02
2.550000000000000000e+02 2.150000000000000000e+02
2.550000000000000000e+02 2.130000000000000000e+02
2.540000000000000000e+02 2.140000000000000000e+02
2.560000000000000000e+02 2.130000000000000000e+02
2.560000000000000000e+02 2.130000000000000000e+02
2.570000000000000000e+02 2.140000000000000000e+02
2.580000000000000000e+02 2.130000000000000000e+02
2.570000000000000000e+02 2.130000000000000000e+02
2.580000000000000000e+02 2.130000000000000000e+02
2.580000000000000000e+02 2.130000000000000000e+02
2.580000000000000000e+02 2.120000000000000000e+02
2.560000000000000000e+02 2.120000000000000000e+02
2.580000000000000000e+02 2.120000000000000000e+02
2.570000000000000000e+02 2.110000000000000000e+02
2.570000000000000000e+02 2.110000000000000000e+02
2.580000000000000000e+02 2.110000000000000000e+02
2.580000000000000000e+02 2.120000000000000000e+02
2.570000000000000000e+02 2.120000000000000000e+02
2.570000000000000000e+02 2.110000000000000000e+02
2.570000000000000000e+02 2.110000000000000000e+02
2.570000000000000000e+02 2.100000000000000000e+02
2.570000000000000000e+02 2.110000000000000000e+02
2.560000000000000000e+02 2.110000000000000000e+02
2.560000000000000000e+02 2.110000000000000000e+02
2.580000000000000000e+02 2.110000000000000000e+02
2.580000000000000000e+02 2.100000000000000000e+02
2.580000000000000000e+02 2.100000000000000000e+02
2.590000000000000000e+02 2.100000000000000000e+02
2.590000000000000000e+02 2.110000000000000000e+02
2.590000000000000000e+02 2.100000000000000000e+02
2.600000000000000000e+02 2.100000000000000000e+02
2.600000000000000000e+02 2.110000000000000000e+02
2.600000000000000000e+02 2.110000000000000000e+02
2.610000000000000000e+02 2.110000000000000000e+02
2.610000000000000000e+02 2.100000000000000000e+02
2.620000000000000000e+02 2.120000000000000000e+02
2.640000000000000000e+02 2.120000000000000000e+02
2.660000000000000000e+02 2.120000000000000000e+02
2.650000000000000000e+02 2.110000000000000000e+02
2.650000000000000000e+02 2.120000000000000000e+02
2.650000000000000000e+02 2.110000000000000000e+02
2.650000000000000000e+02 2.110000000000000000e+02
2.650000000000000000e+02 2.100000000000000000e+02
2.660000000000000000e+02 2.120000000000000000e+02
2.660000000000000000e+02 2.120000000000000000e+02
2.660000000000000000e+02 2.130000000000000000e+02
2.660000000000000000e+02 2.130000000000000000e+02
2.660000000000000000e+02 2.130000000000000000e+02
2.660000000000000000e+02 2.120000000000000000e+02
2.670000000000000000e+02 2.110000000000000000e+02
2.680000000000000000e+02 2.120000000000000000e+02
2.710000000000000000e+02 2.100000000000000000e+02
2.700000000000000000e+02 2.100000000000000000e+02
2.710000000000000000e+02 2.100000000000000000e+02
2.710000000000000000e+02 2.110000000000000000e+02
2.700000000000000000e+02 2.110000000000000000e+02
2.710000000000000000e+02 2.110000000000000000e+02
2.710000000000000000e+02 2.100000000000000000e+02
2.710000000000000000e+02 2.110000000000000000e+02
2.720000000000000000e+02 2.110000000000000000e+02
2.720000000000000000e+02 2.110000000000000000e+02
2.720000000000000000e+02 2.110000000000000000e+02
2.710000000000000000e+02 2.110000000000000000e+02
2.710000000000000000e+02 2.120000000000000000e+02
2.720000000000000000e+02 2.100000000000000000e+02
2.740000000000000000e+02 2.100000000000000000e+02
2.740000000000000000e+02 2.100000000000000000e+02
2.730000000000000000e+02 2.100000000000000000e+02
2.720000000000000000e+02 2.100000000000000000e+02
2.720000000000000000e+02 2.100000000000000000e+02
2.720000000000000000e+02 2.100000000000000000e+02
2.730000000000000000e+02 2.090000000000000000e+02
2.730000000000000000e+02 2.090000000000000000e+02
2.730000000000000000e+02 2.090000000000000000e+02
2.730000000000000000e+02 2.080000000000000000e+02
2.730000000000000000e+02 2.070000000000000000e+02
2.710000000000000000e+02 2.070000000000000000e+02
2.730000000000000000e+02 2.070000000000000000e+02
2.730000000000000000e+02 2.070000000000000000e+02
2.730000000000000000e+02 2.070000000000000000e+02
2.740000000000000000e+02 2.070000000000000000e+02
2.730000000000000000e+02 2.070000000000000000e+02
2.720000000000000000e+02 2.070000000000000000e+02
2.710000000000000000e+02 2.070000000000000000e+02
2.710000000000000000e+02 2.070000000000000000e+02
2.700000000000000000e+02 2.070000000000000000e+02
