# frames 101, center=[274, 199], duration=[700, 800], video=browniano sol 2_0
2.740000000000000000e+02 1.990000000000000000e+02
2.740000000000000000e+02 1.990000000000000000e+02
2.740000000000000000e+02 1.990000000000000000e+02
2.750000000000000000e+02 1.990000000000000000e+02
2.750000000000000000e+02 1.990000000000000000e+02
2.740000000000000000e+02 1.990000000000000000e+02
2.740000000000000000e+02 1.990000000000000000e+02
2.750000000000000000e+02 1.990000000000000000e+02
2.750000000000000000e+02 2.000000000000000000e+02
2.750000000000000000e+02 2.000000000000000000e+02
2.740000000000000000e+02 2.010000000000000000e+02
2.740000000000000000e+02 2.010000000000000000e+02
2.740000000000000000e+02 1.990000000000000000e+02
2.740000000000000000e+02 1.990000000000000000e+02
2.730000000000000000e+02 1.980000000000000000e+02
2.730000000000000000e+02 1.990000000000000000e+02
2.730000000000000000e+02 1.990000000000000000e+02
2.730000000000000000e+02 1.990000000000000000e+02
2.730000000000000000e+02 1.990000000000000000e+02
2.740000000000000000e+02 1.990000000000000000e+02
2.730000000000000000e+02 1.990000000000000000e+02
2.730000000000000000e+02 1.980000000000000000e+02
2.730000000000000000e+02 1.980000000000000000e+02
2.730000000000000000e+02 1.980000000000000000e+02
2.730000000000000000e+02 1.990000000000000000e+02
2.720000000000000000e+02 2.000000000000000000e+02
2.720000000000000000e+02 2.010000000000000000e+02
2.730000000000000000e+02 2.010000000000000000e+02
2.730000000000000000e+02 2.010000000000000000e+02
2.730000000000000000e+02 2.010000000000000000e+02
2.730000000000000000e+02 2.020000000000000000e+02
2.720000000000000000e+02 2.020000000000000000e+02
2.730000000000000000e+02 2.030000000000000000e+02
2.720000000000000000e+02 2.040000000000000000e+02
2.730000000000000000e+02 2.040000000000000000e+02
2.740000000000000000e+02 2.030000000000000000e+02
2.750000000000000000e+02 2.030000000000000000e+02
2.760000000000000000e+02 2.020000000000000000e+02
2.750000000000000000e+02 2.030000000000000000e+02
2.750000000000000000e+02 2.020000000000000000e+02
2.750000000000000000e+02 2.020000000000000000e+02
2.740000000000000000e+02 2.020000000000000000e+02
2.730000000000000000e+02 2.020000000000000000e+02
2.720000000000000000e+02 2.010000000000000000e+02
2.720000000000000000e+02 2.020000000000000000e+02
2.710000000000000000e+02 2.030000000000000000e+02
2.710000000000000000e+02 2.020000000000000000e+02
2.710000000000000000e+02 2.030000000000000000e+02
2.720000000000000000e+02 2.030000000000000000e+02
2.710000000000000000e+02 2.030000000000000000e+02
2.700000000000000000e+02 2.040000000000000000e+02
2.700000000000000000e+02 2.050000000000000000e+02
2.710000000000000000e+02 2.050000000000000000e+02
2.700000000000000000e+02 2.040000000000000000e+02
2.690000000000000000e+02 2.040000000000000000e+02
2.690000000000000000e+02 2.030000000000000000e+02
2.700000000000000000e+02 2.040000000000000000e+02
2.700000000000000000e+02 2.040000000000000000e+02
2.700000000000000000e+02 2.040000000000000000e+02
2.700000000000000000e+02 2.040000000000000000e+02
2.700000000000000000e+02 2.040000000000000000e+02
2.690000000000000000e+02 2.040000000000000000e+02
2.710000000000000000e+02 2.030000000000000000e+02
2.700000000000000000e+02 2.040000000000000000e+02
2.700000000000000000e+02 2.050000000000000000e+02
2.700000000000000000e+02 2.040000000000000000e+02
2.700000000000000000e+02 2.050000000000000000e+02
2.710000000000000000e+02 2.040000000000000000e+02
2.710000000000000000e+02 2.040000000000000000e+02
2.710000000000000000e+02 2.040000000000000000e+02
2.720000000000000000e+02 2.040000000000000000e+02
2.710000000000000000e+02 2.040000000000000000e+02
2.710000000000000000e+02 2.030000000000000000e+02
2.710000000000000000e+02 2.020000000000000000e+02
2.720000000000000000e+02 2.010000000000000000e+02
2.720000000000000000e+02 2.010000000000000000e+02
2.720000000000000000e+02 2.020000000000000000e+02
2.720000000000000000e+02 2.010000000000000000e+02
2.730000000000000000e+02 2.020000000000000000e+02
2.730000000000000000e+02 2.020000000000000000e+02
2.740000000000000000e+02 2.030000000000000000e+02
2.750000000000000000e+02 2.030000000000000000e+02
2.760000000000000000e+02 2.020000000000000000e+02
2.760000000000000000e+02 2.010000000000000000e+02
2.760000000000000000e+02 2.010000000000000000e+02
2.760000000000000000e+02 2.000000000000000000e+02
2.750000000000000000e+02 2.000000000000000000e+02
2.750000000000000000e+02 2.000000000000000000e+02
2.750000000000000000e+02 2.000000000000000000e+02
2.750000000000000000e+02 2.010000000000000000e+02
2.740000000000000000e+02 2.000000000000000000e+02
2.730000000000000000e+02 1.980000000000000000e+02
2.740000000000000000e+02 1.990000000000000000e+02
2.750000000000000000e+02 1.980000000000000000e+02
2.740000000000000000e+02 1.980000000000000000e+02
2.740000000000000000e+02 1.970000000000000000e+02
2.730000000000000000e+02 1.980000000000000000e+02
2.730000000000000000e+02 1.980000000000000000e+02
2.730000000000000000e+02 1.980000000000000000e+02
2.750000000000000000e+02 1.990000000000000000e+02
2.740000000000000000e+02 1.990000000000000000e+02
