# frames 101, center=[281, 203], duration=[900, 1000], video=browniano sol 2_0
2.810000000000000000e+02 2.030000000000000000e+02
2.810000000000000000e+02 2.030000000000000000e+02
2.810000000000000000e+02 2.030000000000000000e+02
2.810000000000000000e+02 2.030000000000000000e+02
2.810000000000000000e+02 2.030000000000000000e+02
2.800000000000000000e+02 2.030000000000000000e+02
2.810000000000000000e+02 2.020000000000000000e+02
2.810000000000000000e+02 2.030000000000000000e+02
2.810000000000000000e+02 2.020000000000000000e+02
2.820000000000000000e+02 2.020000000000000000e+02
2.810000000000000000e+02 2.020000000000000000e+02
2.820000000000000000e+02 2.010000000000000000e+02
2.820000000000000000e+02 2.010000000000000000e+02
2.810000000000000000e+02 2.030000000000000000e+02
2.810000000000000000e+02 2.020000000000000000e+02
2.800000000000000000e+02 2.010000000000000000e+02
2.810000000000000000e+02 2.010000000000000000e+02
2.820000000000000000e+02 2.010000000000000000e+02
2.810000000000000000e+02 2.010000000000000000e+02
2.810000000000000000e+02 2.000000000000000000e+02
2.800000000000000000e+02 2.010000000000000000e+02
2.800000000000000000e+02 2.000000000000000000e+02
2.790000000000000000e+02 2.000000000000000000e+02
2.800000000000000000e+02 2.000000000000000000e+02
2.790000000000000000e+02 2.010000000000000000e+02
2.790000000000000000e+02 2.020000000000000000e+02
2.780000000000000000e+02 2.020000000000000000e+02
2.780000000000000000e+02 2.030000000000000000e+02
2.780000000000000000e+02 2.030000000000000000e+02
2.780000000000000000e+02 2.030000000000000000e+02
2.780000000000000000e+02 2.020000000000000000e+02
2.780000000000000000e+02 2.030000000000000000e+02
2.790000000000000000e+02 2.030000000000000000e+02
2.780000000000000000e+02 2.040000000000000000e+02
2.790000000000000000e+02 2.040000000000000000e+02
2.790000000000000000e+02 2.030000000000000000e+02
2.790000000000000000e+02 2.040000000000000000e+02
2.790000000000000000e+02 2.050000000000000000e+02
2.790000000000000000e+02 2.050000000000000000e+02
2.780000000000000000e+02 2.050000000000000000e+02
2.790000000000000000e+02 2.050000000000000000e+02
2.790000000000000000e+02 2.030000000000000000e+02
2.790000000000000000e+02 2.010000000000000000e+02
2.790000000000000000e+02 2.010000000000000000e+02
2.790000000000000000e+02 2.020000000000000000e+02
2.800000000000000000e+02 2.020000000000000000e+02
2.780000000000000000e+02 2.020000000000000000e+02
2.770000000000000000e+02 2.010000000000000000e+02
2.760000000000000000e+02 2.010000000000000000e+02
2.750000000000000000e+02 2.010000000000000000e+02
2.750000000000000000e+02 2.010000000000000000e+02
2.760000000000000000e+02 2.020000000000000000e+02
2.760000000000000000e+02 2.010000000000000000e+02
2.760000000000000000e+02 2.010000000000000000e+02
2.760000000000000000e+02 2.010000000000000000e+02
2.770000000000000000e+02 2.010000000000000000e+02
2.760000000000000000e+02 2.010000000000000000e+02
2.760000000000000000e+02 2.010000000000000000e+02
2.770000000000000000e+02 2.010000000000000000e+02
2.770000000000000000e+02 2.010000000000000000e+02
2.760000000000000000e+02 2.010000000000000000e+02
2.760000000000000000e+02 2.020000000000000000e+02
2.750000000000000000e+02 2.010000000000000000e+02
2.760000000000000000e+02 2.010000000000000000e+02
2.760000000000000000e+02 2.010000000000000000e+02
2.760000000000000000e+02 2.010000000000000000e+02
2.760000000000000000e+02 2.010000000000000000e+02
2.760000000000000000e+02 2.010000000000000000e+02
2.760000000000000000e+02 2.010000000000000000e+02
2.760000000000000000e+02 2.010000000000000000e+02
2.750000000000000000e+02 2.010000000000000000e+02
2.750000000000000000e+02 2.020000000000000000e+02
2.750000000000000000e+02 2.030000000000000000e+02
2.750000000000000000e+02 2.020000000000000000e+02
2.740000000000000000e+02 2.020000000000000000e+02
2.740000000000000000e+02 2.020000000000000000e+02
2.740000000000000000e+02 2.030000000000000000e+02
2.730000000000000000e+02 2.030000000000000000e+02
2.730000000000000000e+02 2.030000000000000000e+02
2.730000000000000000e+02 2.030000000000000000e+02
2.720000000000000000e+02 2.030000000000000000e+02
2.730000000000000000e+02 2.030000000000000000e+02
2.730000000000000000e+02 2.030000000000000000e+02
2.730000000000000000e+02 2.030000000000000000e+02
2.740000000000000000e+02 2.030000000000000000e+02
2.730000000000000000e+02 2.030000000000000000e+02
2.730000000000000000e+02 2.030000000000000000e+02
2.730000000000000000e+02 2.030000000000000000e+02
2.720000000000000000e+02 2.030000000000000000e+02
2.710000000000000000e+02 2.020000000000000000e+02
2.710000000000000000e+02 2.020000000000000000e+02
2.710000000000000000e+02 2.020000000000000000e+02
2.700000000000000000e+02 2.020000000000000000e+02
2.710000000000000000e+02 2.030000000000000000e+02
2.710000000000000000e+02 2.020000000000000000e+02
2.710000000000000000e+02 2.020000000000000000e+02
2.720000000000000000e+02 2.020000000000000000e+02
2.720000000000000000e+02 2.010000000000000000e+02
2.720000000000000000e+02 2.010000000000000000e+02
2.720000000000000000e+02 2.010000000000000000e+02
2.720000000000000000e+02 2.010000000000000000e+02
