# frames 101, center=[267, 204], duration=[600, 700], video=browniano sol 2_0
2.670000000000000000e+02 2.040000000000000000e+02
2.670000000000000000e+02 2.040000000000000000e+02
2.670000000000000000e+02 2.040000000000000000e+02
2.670000000000000000e+02 2.050000000000000000e+02
2.670000000000000000e+02 2.060000000000000000e+02
2.660000000000000000e+02 2.060000000000000000e+02
2.660000000000000000e+02 2.070000000000000000e+02
2.670000000000000000e+02 2.080000000000000000e+02
2.670000000000000000e+02 2.080000000000000000e+02
2.670000000000000000e+02 2.080000000000000000e+02
2.670000000000000000e+02 2.080000000000000000e+02
2.680000000000000000e+02 2.090000000000000000e+02
2.670000000000000000e+02 2.080000000000000000e+02
2.660000000000000000e+02 2.080000000000000000e+02
2.660000000000000000e+02 2.070000000000000000e+02
2.650000000000000000e+02 2.060000000000000000e+02
2.650000000000000000e+02 2.050000000000000000e+02
2.650000000000000000e+02 2.050000000000000000e+02
2.650000000000000000e+02 2.040000000000000000e+02
2.630000000000000000e+02 2.050000000000000000e+02
2.640000000000000000e+02 2.050000000000000000e+02
2.640000000000000000e+02 2.060000000000000000e+02
2.640000000000000000e+02 2.060000000000000000e+02
2.640000000000000000e+02 2.060000000000000000e+02
2.640000000000000000e+02 2.060000000000000000e+02
2.640000000000000000e+02 2.060000000000000000e+02
2.640000000000000000e+02 2.060000000000000000e+02
2.640000000000000000e+02 2.050000000000000000e+02
2.660000000000000000e+02 2.060000000000000000e+02
2.660000000000000000e+02 2.060000000000000000e+02
2.660000000000000000e+02 2.070000000000000000e+02
2.650000000000000000e+02 2.060000000000000000e+02
2.660000000000000000e+02 2.060000000000000000e+02
2.650000000000000000e+02 2.050000000000000000e+02
2.640000000000000000e+02 2.040000000000000000e+02
2.650000000000000000e+02 2.050000000000000000e+02
2.640000000000000000e+02 2.050000000000000000e+02
2.650000000000000000e+02 2.060000000000000000e+02
2.650000000000000000e+02 2.060000000000000000e+02
2.630000000000000000e+02 2.060000000000000000e+02
2.640000000000000000e+02 2.070000000000000000e+02
2.640000000000000000e+02 2.070000000000000000e+02
2.630000000000000000e+02 2.060000000000000000e+02
2.630000000000000000e+02 2.050000000000000000e+02
2.640000000000000000e+02 2.050000000000000000e+02
2.640000000000000000e+02 2.050000000000000000e+02
2.640000000000000000e+02 2.040000000000000000e+02
2.640000000000000000e+02 2.040000000000000000e+02
2.650000000000000000e+02 2.040000000000000000e+02
2.650000000000000000e+02 2.040000000000000000e+02
2.630000000000000000e+02 2.030000000000000000e+02
2.630000000000000000e+02 2.030000000000000000e+02
2.640000000000000000e+02 2.040000000000000000e+02
2.640000000000000000e+02 2.040000000000000000e+02
2.630000000000000000e+02 2.030000000000000000e+02
2.640000000000000000e+02 2.040000000000000000e+02
2.650000000000000000e+02 2.060000000000000000e+02
2.650000000000000000e+02 2.050000000000000000e+02
2.620000000000000000e+02 2.050000000000000000e+02
2.620000000000000000e+02 2.060000000000000000e+02
2.630000000000000000e+02 2.070000000000000000e+02
2.620000000000000000e+02 2.080000000000000000e+02
2.610000000000000000e+02 2.080000000000000000e+02
2.620000000000000000e+02 2.080000000000000000e+02
2.610000000000000000e+02 2.080000000000000000e+02
2.610000000000000000e+02 2.080000000000000000e+02
2.620000000000000000e+02 2.090000000000000000e+02
2.620000000000000000e+02 2.080000000000000000e+02
2.620000000000000000e+02 2.070000000000000000e+02
2.630000000000000000e+02 2.080000000000000000e+02
2.630000000000000000e+02 2.080000000000000000e+02
2.630000000000000000e+02 2.070000000000000000e+02
2.630000000000000000e+02 2.070000000000000000e+02
2.630000000000000000e+02 2.060000000000000000e+02
2.640000000000000000e+02 2.050000000000000000e+02
2.650000000000000000e+02 2.050000000000000000e+02
2.670000000000000000e+02 2.040000000000000000e+02
2.680000000000000000e+02 2.030000000000000000e+02
2.680000000000000000e+02 2.020000000000000000e+02
2.680000000000000000e+02 2.020000000000000000e+02
2.680000000000000000e+02 2.020000000000000000e+02
2.670000000000000000e+02 2.030000000000000000e+02
2.670000000000000000e+02 2.020000000000000000e+02
2.680000000000000000e+02 2.010000000000000000e+02
2.690000000000000000e+02 2.010000000000000000e+02
2.690000000000000000e+02 2.010000000000000000e+02
2.700000000000000000e+02 2.010000000000000000e+02
2.710000000000000000e+02 2.020000000000000000e+02
2.710000000000000000e+02 2.040000000000000000e+02
2.720000000000000000e+02 2.020000000000000000e+02
2.720000000000000000e+02 2.010000000000000000e+02
2.720000000000000000e+02 2.010000000000000000e+02
2.710000000000000000e+02 2.020000000000000000e+02
2.720000000000000000e+02 2.010000000000000000e+02
2.720000000000000000e+02 2.010000000000000000e+02
2.720000000000000000e+02 2.010000000000000000e+02
2.710000000000000000e+02 2.020000000000000000e+02
2.720000000000000000e+02 2.010000000000000000e+02
2.710000000000000000e+02 2.010000000000000000e+02
2.720000000000000000e+02 2.000000000000000000e+02
2.720000000000000000e+02 2.000000000000000000e+02
