# frames 101, center=[229, 456], duration=[200, 300], video=browniano sol 2_0
2.290000000000000000e+02 4.560000000000000000e+02
2.290000000000000000e+02 4.560000000000000000e+02
2.290000000000000000e+02 4.560000000000000000e+02
2.290000000000000000e+02 4.560000000000000000e+02
2.280000000000000000e+02 4.560000000000000000e+02
2.280000000000000000e+02 4.560000000000000000e+02
2.270000000000000000e+02 4.560000000000000000e+02
2.270000000000000000e+02 4.560000000000000000e+02
2.270000000000000000e+02 4.560000000000000000e+02
2.280000000000000000e+02 4.550000000000000000e+02
2.270000000000000000e+02 4.540000000000000000e+02
2.270000000000000000e+02 4.560000000000000000e+02
2.270000000000000000e+02 4.550000000000000000e+02
2.280000000000000000e+02 4.550000000000000000e+02
2.280000000000000000e+02 4.550000000000000000e+02
2.280000000000000000e+02 4.550000000000000000e+02
2.280000000000000000e+02 4.540000000000000000e+02
2.270000000000000000e+02 4.550000000000000000e+02
2.270000000000000000e+02 4.550000000000000000e+02
2.270000000000000000e+02 4.550000000000000000e+02
2.270000000000000000e+02 4.540000000000000000e+02
2.270000000000000000e+02 4.550000000000000000e+02
2.270000000000000000e+02 4.540000000000000000e+02
2.280000000000000000e+02 4.540000000000000000e+02
2.280000000000000000e+02 4.550000000000000000e+02
2.270000000000000000e+02 4.540000000000000000e+02
2.270000000000000000e+02 4.540000000000000000e+02
2.280000000000000000e+02 4.540000000000000000e+02
2.290000000000000000e+02 4.540000000000000000e+02
2.290000000000000000e+02 4.550000000000000000e+02
2.290000000000000000e+02 4.550000000000000000e+02
2.280000000000000000e+02 4.550000000000000000e+02
2.290000000000000000e+02 4.530000000000000000e+02
2.290000000000000000e+02 4.520000000000000000e+02
2.300000000000000000e+02 4.530000000000000000e+02
2.300000000000000000e+02 4.520000000000000000e+02
2.290000000000000000e+02 4.540000000000000000e+02
2.290000000000000000e+02 4.550000000000000000e+02
2.290000000000000000e+02 4.540000000000000000e+02
2.290000000000000000e+02 4.540000000000000000e+02
2.300000000000000000e+02 4.520000000000000000e+02
2.310000000000000000e+02 4.520000000000000000e+02
2.300000000000000000e+02 4.530000000000000000e+02
2.300000000000000000e+02 4.520000000000000000e+02
2.300000000000000000e+02 4.520000000000000000e+02
2.300000000000000000e+02 4.530000000000000000e+02
2.310000000000000000e+02 4.520000000000000000e+02
2.310000000000000000e+02 4.520000000000000000e+02
2.310000000000000000e+02 4.520000000000000000e+02
2.310000000000000000e+02 4.520000000000000000e+02
2.310000000000000000e+02 4.520000000000000000e+02
2.310000000000000000e+02 4.520000000000000000e+02
2.310000000000000000e+02 4.520000000000000000e+02
2.330000000000000000e+02 4.520000000000000000e+02
2.320000000000000000e+02 4.520000000000000000e+02
2.320000000000000000e+02 4.530000000000000000e+02
2.310000000000000000e+02 4.530000000000000000e+02
2.320000000000000000e+02 4.540000000000000000e+02
2.320000000000000000e+02 4.530000000000000000e+02
2.330000000000000000e+02 4.530000000000000000e+02
2.310000000000000000e+02 4.520000000000000000e+02
2.320000000000000000e+02 4.510000000000000000e+02
2.320000000000000000e+02 4.520000000000000000e+02
2.320000000000000000e+02 4.510000000000000000e+02
2.320000000000000000e+02 4.510000000000000000e+02
2.320000000000000000e+02 4.500000000000000000e+02
2.320000000000000000e+02 4.490000000000000000e+02
2.330000000000000000e+02 4.480000000000000000e+02
2.320000000000000000e+02 4.470000000000000000e+02
2.320000000000000000e+02 4.480000000000000000e+02
2.310000000000000000e+02 4.480000000000000000e+02
2.310000000000000000e+02 4.480000000000000000e+02
2.310000000000000000e+02 4.480000000000000000e+02
2.300000000000000000e+02 4.490000000000000000e+02
2.310000000000000000e+02 4.490000000000000000e+02
2.310000000000000000e+02 4.480000000000000000e+02
2.310000000000000000e+02 4.480000000000000000e+02
2.320000000000000000e+02 4.490000000000000000e+02
2.330000000000000000e+02 4.480000000000000000e+02
2.340000000000000000e+02 4.470000000000000000e+02
2.340000000000000000e+02 4.480000000000000000e+02
2.340000000000000000e+02 4.490000000000000000e+02
2.340000000000000000e+02 4.490000000000000000e+02
2.360000000000000000e+02 4.490000000000000000e+02
2.370000000000000000e+02 4.490000000000000000e+02
2.360000000000000000e+02 4.490000000000000000e+02
2.350000000000000000e+02 4.490000000000000000e+02
2.340000000000000000e+02 4.490000000000000000e+02
2.340000000000000000e+02 4.480000000000000000e+02
2.330000000000000000e+02 4.480000000000000000e+02
2.340000000000000000e+02 4.470000000000000000e+02
2.330000000000000000e+02 4.480000000000000000e+02
2.340000000000000000e+02 4.480000000000000000e+02
2.350000000000000000e+02 4.480000000000000000e+02
2.340000000000000000e+02 4.490000000000000000e+02
2.340000000000000000e+02 4.490000000000000000e+02
2.350000000000000000e+02 4.500000000000000000e+02
2.340000000000000000e+02 4.510000000000000000e+02
2.340000000000000000e+02 4.510000000000000000e+02
2.330000000000000000e+02 4.500000000000000000e+02
2.340000000000000000e+02 4.500000000000000000e+02
