# frames 101, center=[256, 440], duration=[900, 1000], video=browniano sol 2_0
2.560000000000000000e+02 4.400000000000000000e+02
2.560000000000000000e+02 4.400000000000000000e+02
2.560000000000000000e+02 4.400000000000000000e+02
2.550000000000000000e+02 4.400000000000000000e+02
2.550000000000000000e+02 4.400000000000000000e+02
2.560000000000000000e+02 4.410000000000000000e+02
2.550000000000000000e+02 4.410000000000000000e+02
2.550000000000000000e+02 4.410000000000000000e+02
2.550000000000000000e+02 4.410000000000000000e+02
2.550000000000000000e+02 4.400000000000000000e+02
2.560000000000000000e+02 4.400000000000000000e+02
2.550000000000000000e+02 4.400000000000000000e+02
2.550000000000000000e+02 4.400000000000000000e+02
2.560000000000000000e+02 4.390000000000000000e+02
2.550000000000000000e+02 4.390000000000000000e+02
2.560000000000000000e+02 4.390000000000000000e+02
2.560000000000000000e+02 4.380000000000000000e+02
2.560000000000000000e+02 4.390000000000000000e+02
2.560000000000000000e+02 4.390000000000000000e+02
2.570000000000000000e+02 4.390000000000000000e+02
2.560000000000000000e+02 4.390000000000000000e+02
2.570000000000000000e+02 4.380000000000000000e+02
2.570000000000000000e+02 4.370000000000000000e+02
2.570000000000000000e+02 4.380000000000000000e+02
2.570000000000000000e+02 4.380000000000000000e+02
2.570000000000000000e+02 4.370000000000000000e+02
2.570000000000000000e+02 4.370000000000000000e+02
2.570000000000000000e+02 4.370000000000000000e+02
2.570000000000000000e+02 4.370000000000000000e+02
2.560000000000000000e+02 4.380000000000000000e+02
2.560000000000000000e+02 4.380000000000000000e+02
2.560000000000000000e+02 4.380000000000000000e+02
2.560000000000000000e+02 4.380000000000000000e+02
2.560000000000000000e+02 4.380000000000000000e+02
2.550000000000000000e+02 4.380000000000000000e+02
2.560000000000000000e+02 4.380000000000000000e+02
2.560000000000000000e+02 4.360000000000000000e+02
2.550000000000000000e+02 4.370000000000000000e+02
2.550000000000000000e+02 4.370000000000000000e+02
2.550000000000000000e+02 4.370000000000000000e+02
2.560000000000000000e+02 4.370000000000000000e+02
2.560000000000000000e+02 4.380000000000000000e+02
2.560000000000000000e+02 4.380000000000000000e+02
2.550000000000000000e+02 4.380000000000000000e+02
2.540000000000000000e+02 4.380000000000000000e+02
2.550000000000000000e+02 4.380000000000000000e+02
2.550000000000000000e+02 4.370000000000000000e+02
2.550000000000000000e+02 4.370000000000000000e+02
2.550000000000000000e+02 4.360000000000000000e+02
2.550000000000000000e+02 4.350000000000000000e+02
2.550000000000000000e+02 4.350000000000000000e+02
2.550000000000000000e+02 4.350000000000000000e+02
2.550000000000000000e+02 4.350000000000000000e+02
2.540000000000000000e+02 4.350000000000000000e+02
2.540000000000000000e+02 4.350000000000000000e+02
2.530000000000000000e+02 4.360000000000000000e+02
2.540000000000000000e+02 4.360000000000000000e+02
2.530000000000000000e+02 4.380000000000000000e+02
2.530000000000000000e+02 4.370000000000000000e+02
2.530000000000000000e+02 4.370000000000000000e+02
2.520000000000000000e+02 4.370000000000000000e+02
2.540000000000000000e+02 4.370000000000000000e+02
2.530000000000000000e+02 4.370000000000000000e+02
2.530000000000000000e+02 4.370000000000000000e+02
2.520000000000000000e+02 4.360000000000000000e+02
2.520000000000000000e+02 4.360000000000000000e+02
2.530000000000000000e+02 4.360000000000000000e+02
2.530000000000000000e+02 4.360000000000000000e+02
2.530000000000000000e+02 4.360000000000000000e+02
2.520000000000000000e+02 4.350000000000000000e+02
2.530000000000000000e+02 4.360000000000000000e+02
2.510000000000000000e+02 4.350000000000000000e+02
2.520000000000000000e+02 4.360000000000000000e+02
2.520000000000000000e+02 4.360000000000000000e+02
2.530000000000000000e+02 4.360000000000000000e+02
2.520000000000000000e+02 4.360000000000000000e+02
2.530000000000000000e+02 4.350000000000000000e+02
2.520000000000000000e+02 4.360000000000000000e+02
2.520000000000000000e+02 4.370000000000000000e+02
2.520000000000000000e+02 4.370000000000000000e+02
2.510000000000000000e+02 4.370000000000000000e+02
2.500000000000000000e+02 4.370000000000000000e+02
2.500000000000000000e+02 4.360000000000000000e+02
2.500000000000000000e+02 4.360000000000000000e+02
2.500000000000000000e+02 4.360000000000000000e+02
2.510000000000000000e+02 4.360000000000000000e+02
2.500000000000000000e+02 4.370000000000000000e+02
2.510000000000000000e+02 4.370000000000000000e+02
2.500000000000000000e+02 4.380000000000000000e+02
2.510000000000000000e+02 4.370000000000000000e+02
2.510000000000000000e+02 4.370000000000000000e+02
2.510000000000000000e+02 4.370000000000000000e+02
2.510000000000000000e+02 4.370000000000000000e+02
2.500000000000000000e+02 4.370000000000000000e+02
2.500000000000000000e+02 4.370000000000000000e+02
2.500000000000000000e+02 4.380000000000000000e+02
2.500000000000000000e+02 4.380000000000000000e+02
2.500000000000000000e+02 4.380000000000000000e+02
2.510000000000000000e+02 4.380000000000000000e+02
2.510000000000000000e+02 4.380000000000000000e+02
2.520000000000000000e+02 4.380000000000000000e+02
