# frames 101, center=[224, 448], duration=[100, 200], video=browniano sol 2_0
2.240000000000000000e+02 4.480000000000000000e+02
2.240000000000000000e+02 4.480000000000000000e+02
2.240000000000000000e+02 4.480000000000000000e+02
2.240000000000000000e+02 4.500000000000000000e+02
2.240000000000000000e+02 4.500000000000000000e+02
2.240000000000000000e+02 4.490000000000000000e+02
2.240000000000000000e+02 4.490000000000000000e+02
2.250000000000000000e+02 4.490000000000000000e+02
2.270000000000000000e+02 4.500000000000000000e+02
2.260000000000000000e+02 4.500000000000000000e+02
2.270000000000000000e+02 4.500000000000000000e+02
2.270000000000000000e+02 4.500000000000000000e+02
2.270000000000000000e+02 4.510000000000000000e+02
2.270000000000000000e+02 4.500000000000000000e+02
2.270000000000000000e+02 4.510000000000000000e+02
2.270000000000000000e+02 4.500000000000000000e+02
2.260000000000000000e+02 4.500000000000000000e+02
2.240000000000000000e+02 4.510000000000000000e+02
2.240000000000000000e+02 4.510000000000000000e+02
2.240000000000000000e+02 4.510000000000000000e+02
2.240000000000000000e+02 4.500000000000000000e+02
2.240000000000000000e+02 4.510000000000000000e+02
2.260000000000000000e+02 4.510000000000000000e+02
2.250000000000000000e+02 4.500000000000000000e+02
2.260000000000000000e+02 4.520000000000000000e+02
2.250000000000000000e+02 4.510000000000000000e+02
2.260000000000000000e+02 4.510000000000000000e+02
2.260000000000000000e+02 4.500000000000000000e+02
2.260000000000000000e+02 4.500000000000000000e+02
2.260000000000000000e+02 4.500000000000000000e+02
2.250000000000000000e+02 4.510000000000000000e+02
2.250000000000000000e+02 4.510000000000000000e+02
2.250000000000000000e+02 4.520000000000000000e+02
2.250000000000000000e+02 4.510000000000000000e+02
2.260000000000000000e+02 4.510000000000000000e+02
2.270000000000000000e+02 4.520000000000000000e+02
2.260000000000000000e+02 4.520000000000000000e+02
2.260000000000000000e+02 4.520000000000000000e+02
2.270000000000000000e+02 4.520000000000000000e+02
2.280000000000000000e+02 4.530000000000000000e+02
2.270000000000000000e+02 4.530000000000000000e+02
2.270000000000000000e+02 4.530000000000000000e+02
2.280000000000000000e+02 4.530000000000000000e+02
2.290000000000000000e+02 4.520000000000000000e+02
2.290000000000000000e+02 4.520000000000000000e+02
2.280000000000000000e+02 4.520000000000000000e+02
2.280000000000000000e+02 4.540000000000000000e+02
2.280000000000000000e+02 4.530000000000000000e+02
2.290000000000000000e+02 4.530000000000000000e+02
2.300000000000000000e+02 4.520000000000000000e+02
2.290000000000000000e+02 4.520000000000000000e+02
2.280000000000000000e+02 4.540000000000000000e+02
2.300000000000000000e+02 4.540000000000000000e+02
2.280000000000000000e+02 4.550000000000000000e+02
2.280000000000000000e+02 4.540000000000000000e+02
2.290000000000000000e+02 4.530000000000000000e+02
2.290000000000000000e+02 4.540000000000000000e+02
2.290000000000000000e+02 4.530000000000000000e+02
2.290000000000000000e+02 4.530000000000000000e+02
2.290000000000000000e+02 4.530000000000000000e+02
2.280000000000000000e+02 4.540000000000000000e+02
2.280000000000000000e+02 4.540000000000000000e+02
2.290000000000000000e+02 4.540000000000000000e+02
2.280000000000000000e+02 4.540000000000000000e+02
2.280000000000000000e+02 4.540000000000000000e+02
2.280000000000000000e+02 4.550000000000000000e+02
2.290000000000000000e+02 4.550000000000000000e+02
2.280000000000000000e+02 4.550000000000000000e+02
2.290000000000000000e+02 4.560000000000000000e+02
2.280000000000000000e+02 4.550000000000000000e+02
2.280000000000000000e+02 4.550000000000000000e+02
2.280000000000000000e+02 4.560000000000000000e+02
2.280000000000000000e+02 4.560000000000000000e+02
2.270000000000000000e+02 4.560000000000000000e+02
2.270000000000000000e+02 4.550000000000000000e+02
2.270000000000000000e+02 4.540000000000000000e+02
2.260000000000000000e+02 4.550000000000000000e+02
2.260000000000000000e+02 4.550000000000000000e+02
2.260000000000000000e+02 4.540000000000000000e+02
2.260000000000000000e+02 4.550000000000000000e+02
2.270000000000000000e+02 4.560000000000000000e+02
2.270000000000000000e+02 4.570000000000000000e+02
2.270000000000000000e+02 4.570000000000000000e+02
2.270000000000000000e+02 4.570000000000000000e+02
2.270000000000000000e+02 4.570000000000000000e+02
2.260000000000000000e+02 4.580000000000000000e+02
2.260000000000000000e+02 4.570000000000000000e+02
2.260000000000000000e+02 4.570000000000000000e+02
2.270000000000000000e+02 4.560000000000000000e+02
2.270000000000000000e+02 4.560000000000000000e+02
2.270000000000000000e+02 4.560000000000000000e+02
2.280000000000000000e+02 4.560000000000000000e+02
2.280000000000000000e+02 4.550000000000000000e+02
2.290000000000000000e+02 4.550000000000000000e+02
2.280000000000000000e+02 4.550000000000000000e+02
2.270000000000000000e+02 4.560000000000000000e+02
2.270000000000000000e+02 4.570000000000000000e+02
2.280000000000000000e+02 4.560000000000000000e+02
2.280000000000000000e+02 4.560000000000000000e+02
2.280000000000000000e+02 4.570000000000000000e+02
2.280000000000000000e+02 4.580000000000000000e+02
