# frames 101, center=[232, 433], duration=[500, 600], video=browniano sol 2_0
2.320000000000000000e+02 4.330000000000000000e+02
2.320000000000000000e+02 4.330000000000000000e+02
2.320000000000000000e+02 4.330000000000000000e+02
2.310000000000000000e+02 4.340000000000000000e+02
2.300000000000000000e+02 4.340000000000000000e+02
2.290000000000000000e+02 4.340000000000000000e+02
2.300000000000000000e+02 4.350000000000000000e+02
2.300000000000000000e+02 4.350000000000000000e+02
2.320000000000000000e+02 4.350000000000000000e+02
2.320000000000000000e+02 4.340000000000000000e+02
2.320000000000000000e+02 4.350000000000000000e+02
2.310000000000000000e+02 4.360000000000000000e+02
2.320000000000000000e+02 4.350000000000000000e+02
2.330000000000000000e+02 4.350000000000000000e+02
2.340000000000000000e+02 4.340000000000000000e+02
2.340000000000000000e+02 4.350000000000000000e+02
2.330000000000000000e+02 4.340000000000000000e+02
2.330000000000000000e+02 4.350000000000000000e+02
2.330000000000000000e+02 4.340000000000000000e+02
2.330000000000000000e+02 4.340000000000000000e+02
2.320000000000000000e+02 4.350000000000000000e+02
2.320000000000000000e+02 4.360000000000000000e+02
2.320000000000000000e+02 4.360000000000000000e+02
2.320000000000000000e+02 4.360000000000000000e+02
2.330000000000000000e+02 4.350000000000000000e+02
2.320000000000000000e+02 4.360000000000000000e+02
2.340000000000000000e+02 4.350000000000000000e+02
2.330000000000000000e+02 4.350000000000000000e+02
2.330000000000000000e+02 4.350000000000000000e+02
2.340000000000000000e+02 4.350000000000000000e+02
2.330000000000000000e+02 4.370000000000000000e+02
2.330000000000000000e+02 4.360000000000000000e+02
2.340000000000000000e+02 4.360000000000000000e+02
2.340000000000000000e+02 4.370000000000000000e+02
2.340000000000000000e+02 4.380000000000000000e+02
2.330000000000000000e+02 4.370000000000000000e+02
2.330000000000000000e+02 4.360000000000000000e+02
2.340000000000000000e+02 4.370000000000000000e+02
2.340000000000000000e+02 4.350000000000000000e+02
2.340000000000000000e+02 4.350000000000000000e+02
2.340000000000000000e+02 4.330000000000000000e+02
2.340000000000000000e+02 4.340000000000000000e+02
2.340000000000000000e+02 4.330000000000000000e+02
2.350000000000000000e+02 4.330000000000000000e+02
2.350000000000000000e+02 4.330000000000000000e+02
2.360000000000000000e+02 4.330000000000000000e+02
2.360000000000000000e+02 4.320000000000000000e+02
2.350000000000000000e+02 4.320000000000000000e+02
2.360000000000000000e+02 4.330000000000000000e+02
2.350000000000000000e+02 4.330000000000000000e+02
2.340000000000000000e+02 4.330000000000000000e+02
2.350000000000000000e+02 4.320000000000000000e+02
2.360000000000000000e+02 4.320000000000000000e+02
2.360000000000000000e+02 4.320000000000000000e+02
2.370000000000000000e+02 4.320000000000000000e+02
2.370000000000000000e+02 4.320000000000000000e+02
2.380000000000000000e+02 4.320000000000000000e+02
2.380000000000000000e+02 4.320000000000000000e+02
2.380000000000000000e+02 4.320000000000000000e+02
2.380000000000000000e+02 4.330000000000000000e+02
2.370000000000000000e+02 4.340000000000000000e+02
2.370000000000000000e+02 4.340000000000000000e+02
2.380000000000000000e+02 4.340000000000000000e+02
2.400000000000000000e+02 4.350000000000000000e+02
2.390000000000000000e+02 4.350000000000000000e+02
2.390000000000000000e+02 4.370000000000000000e+02
2.380000000000000000e+02 4.370000000000000000e+02
2.380000000000000000e+02 4.370000000000000000e+02
2.380000000000000000e+02 4.350000000000000000e+02
2.370000000000000000e+02 4.350000000000000000e+02
2.360000000000000000e+02 4.340000000000000000e+02
2.360000000000000000e+02 4.350000000000000000e+02
2.350000000000000000e+02 4.350000000000000000e+02
2.340000000000000000e+02 4.350000000000000000e+02
2.350000000000000000e+02 4.350000000000000000e+02
2.350000000000000000e+02 4.350000000000000000e+02
2.350000000000000000e+02 4.360000000000000000e+02
2.360000000000000000e+02 4.350000000000000000e+02
2.370000000000000000e+02 4.360000000000000000e+02
2.370000000000000000e+02 4.360000000000000000e+02
2.380000000000000000e+02 4.350000000000000000e+02
2.380000000000000000e+02 4.350000000000000000e+02
2.380000000000000000e+02 4.340000000000000000e+02
2.380000000000000000e+02 4.350000000000000000e+02
2.390000000000000000e+02 4.350000000000000000e+02
2.390000000000000000e+02 4.360000000000000000e+02
2.400000000000000000e+02 4.360000000000000000e+02
2.400000000000000000e+02 4.360000000000000000e+02
2.410000000000000000e+02 4.350000000000000000e+02
2.400000000000000000e+02 4.340000000000000000e+02
2.400000000000000000e+02 4.340000000000000000e+02
2.410000000000000000e+02 4.340000000000000000e+02
2.410000000000000000e+02 4.340000000000000000e+02
2.410000000000000000e+02 4.320000000000000000e+02
2.400000000000000000e+02 4.320000000000000000e+02
2.410000000000000000e+02 4.300000000000000000e+02
2.420000000000000000e+02 4.300000000000000000e+02
2.420000000000000000e+02 4.290000000000000000e+02
2.420000000000000000e+02 4.290000000000000000e+02
2.420000000000000000e+02 4.300000000000000000e+02
2.420000000000000000e+02 4.300000000000000000e+02
