# frames 101, center=[249, 437], duration=[1100, 1200], video=browniano sol 2_0
2.490000000000000000e+02 4.370000000000000000e+02
2.490000000000000000e+02 4.370000000000000000e+02
2.490000000000000000e+02 4.370000000000000000e+02
2.490000000000000000e+02 4.370000000000000000e+02
2.480000000000000000e+02 4.360000000000000000e+02
2.480000000000000000e+02 4.360000000000000000e+02
2.480000000000000000e+02 4.360000000000000000e+02
2.480000000000000000e+02 4.370000000000000000e+02
2.480000000000000000e+02 4.370000000000000000e+02
2.480000000000000000e+02 4.370000000000000000e+02
2.470000000000000000e+02 4.370000000000000000e+02
2.470000000000000000e+02 4.370000000000000000e+02
2.460000000000000000e+02 4.370000000000000000e+02
2.450000000000000000e+02 4.370000000000000000e+02
2.450000000000000000e+02 4.360000000000000000e+02
2.440000000000000000e+02 4.370000000000000000e+02
2.440000000000000000e+02 4.370000000000000000e+02
2.430000000000000000e+02 4.370000000000000000e+02
2.440000000000000000e+02 4.370000000000000000e+02
2.440000000000000000e+02 4.370000000000000000e+02
2.430000000000000000e+02 4.370000000000000000e+02
2.440000000000000000e+02 4.360000000000000000e+02
2.440000000000000000e+02 4.360000000000000000e+02
2.430000000000000000e+02 4.360000000000000000e+02
2.430000000000000000e+02 4.360000000000000000e+02
2.430000000000000000e+02 4.370000000000000000e+02
2.440000000000000000e+02 4.360000000000000000e+02
2.440000000000000000e+02 4.360000000000000000e+02
2.430000000000000000e+02 4.370000000000000000e+02
2.440000000000000000e+02 4.370000000000000000e+02
2.440000000000000000e+02 4.370000000000000000e+02
2.450000000000000000e+02 4.360000000000000000e+02
2.450000000000000000e+02 4.370000000000000000e+02
2.460000000000000000e+02 4.370000000000000000e+02
2.460000000000000000e+02 4.370000000000000000e+02
2.460000000000000000e+02 4.370000000000000000e+02
2.450000000000000000e+02 4.360000000000000000e+02
2.460000000000000000e+02 4.370000000000000000e+02
2.450000000000000000e+02 4.360000000000000000e+02
2.450000000000000000e+02 4.370000000000000000e+02
2.440000000000000000e+02 4.380000000000000000e+02
2.440000000000000000e+02 4.380000000000000000e+02
2.440000000000000000e+02 4.380000000000000000e+02
2.430000000000000000e+02 4.370000000000000000e+02
2.430000000000000000e+02 4.370000000000000000e+02
2.430000000000000000e+02 4.370000000000000000e+02
2.420000000000000000e+02 4.360000000000000000e+02
2.420000000000000000e+02 4.360000000000000000e+02
2.420000000000000000e+02 4.360000000000000000e+02
2.420000000000000000e+02 4.350000000000000000e+02
2.420000000000000000e+02 4.360000000000000000e+02
2.410000000000000000e+02 4.360000000000000000e+02
2.420000000000000000e+02 4.360000000000000000e+02
2.400000000000000000e+02 4.350000000000000000e+02
2.400000000000000000e+02 4.350000000000000000e+02
2.410000000000000000e+02 4.350000000000000000e+02
2.410000000000000000e+02 4.350000000000000000e+02
2.400000000000000000e+02 4.350000000000000000e+02
2.410000000000000000e+02 4.350000000000000000e+02
2.410000000000000000e+02 4.350000000000000000e+02
2.410000000000000000e+02 4.360000000000000000e+02
2.410000000000000000e+02 4.350000000000000000e+02
2.410000000000000000e+02 4.350000000000000000e+02
2.420000000000000000e+02 4.340000000000000000e+02
2.410000000000000000e+02 4.340000000000000000e+02
2.410000000000000000e+02 4.340000000000000000e+02
2.400000000000000000e+02 4.340000000000000000e+02
2.400000000000000000e+02 4.340000000000000000e+02
2.390000000000000000e+02 4.330000000000000000e+02
2.390000000000000000e+02 4.330000000000000000e+02
2.390000000000000000e+02 4.330000000000000000e+02
2.400000000000000000e+02 4.330000000000000000e+02
2.400000000000000000e+02 4.330000000000000000e+02
2.410000000000000000e+02 4.320000000000000000e+02
2.410000000000000000e+02 4.320000000000000000e+02
2.410000000000000000e+02 4.320000000000000000e+02
2.400000000000000000e+02 4.320000000000000000e+02
2.400000000000000000e+02 4.320000000000000000e+02
2.400000000000000000e+02 4.310000000000000000e+02
2.400000000000000000e+02 4.300000000000000000e+02
2.400000000000000000e+02 4.300000000000000000e+02
2.400000000000000000e+02 4.290000000000000000e+02
2.390000000000000000e+02 4.290000000000000000e+02
2.390000000000000000e+02 4.290000000000000000e+02
2.390000000000000000e+02 4.290000000000000000e+02
2.390000000000000000e+02 4.290000000000000000e+02
2.400000000000000000e+02 4.280000000000000000e+02
2.400000000000000000e+02 4.280000000000000000e+02
2.410000000000000000e+02 4.280000000000000000e+02
2.420000000000000000e+02 4.280000000000000000e+02
2.410000000000000000e+02 4.290000000000000000e+02
2.410000000000000000e+02 4.280000000000000000e+02
2.410000000000000000e+02 4.290000000000000000e+02
2.400000000000000000e+02 4.290000000000000000e+02
2.410000000000000000e+02 4.290000000000000000e+02
2.410000000000000000e+02 4.300000000000000000e+02
2.400000000000000000e+02 4.300000000000000000e+02
2.400000000000000000e+02 4.290000000000000000e+02
2.400000000000000000e+02 4.290000000000000000e+02
2.400000000000000000e+02 4.290000000000000000e+02
2.390000000000000000e+02 4.290000000000000000e+02
