# frames 101, center=[254, 438], duration=[1000, 1100], video=browniano sol 2_0
2.540000000000000000e+02 4.380000000000000000e+02
2.540000000000000000e+02 4.380000000000000000e+02
2.540000000000000000e+02 4.380000000000000000e+02
2.530000000000000000e+02 4.390000000000000000e+02
2.540000000000000000e+02 4.390000000000000000e+02
2.550000000000000000e+02 4.390000000000000000e+02
2.540000000000000000e+02 4.380000000000000000e+02
2.540000000000000000e+02 4.390000000000000000e+02
2.530000000000000000e+02 4.390000000000000000e+02
2.540000000000000000e+02 4.390000000000000000e+02
2.530000000000000000e+02 4.400000000000000000e+02
2.530000000000000000e+02 4.400000000000000000e+02
2.530000000000000000e+02 4.410000000000000000e+02
2.530000000000000000e+02 4.410000000000000000e+02
2.530000000000000000e+02 4.420000000000000000e+02
2.530000000000000000e+02 4.400000000000000000e+02
2.540000000000000000e+02 4.400000000000000000e+02
2.530000000000000000e+02 4.390000000000000000e+02
2.530000000000000000e+02 4.390000000000000000e+02
2.530000000000000000e+02 4.390000000000000000e+02
2.530000000000000000e+02 4.390000000000000000e+02
2.540000000000000000e+02 4.390000000000000000e+02
2.540000000000000000e+02 4.380000000000000000e+02
2.530000000000000000e+02 4.390000000000000000e+02
2.530000000000000000e+02 4.400000000000000000e+02
2.540000000000000000e+02 4.410000000000000000e+02
2.530000000000000000e+02 4.410000000000000000e+02
2.530000000000000000e+02 4.410000000000000000e+02
2.520000000000000000e+02 4.410000000000000000e+02
2.520000000000000000e+02 4.410000000000000000e+02
2.530000000000000000e+02 4.400000000000000000e+02
2.530000000000000000e+02 4.400000000000000000e+02
2.530000000000000000e+02 4.400000000000000000e+02
2.530000000000000000e+02 4.400000000000000000e+02
2.530000000000000000e+02 4.390000000000000000e+02
2.530000000000000000e+02 4.390000000000000000e+02
2.540000000000000000e+02 4.390000000000000000e+02
2.530000000000000000e+02 4.380000000000000000e+02
2.530000000000000000e+02 4.390000000000000000e+02
2.520000000000000000e+02 4.400000000000000000e+02
2.520000000000000000e+02 4.410000000000000000e+02
2.520000000000000000e+02 4.410000000000000000e+02
2.510000000000000000e+02 4.410000000000000000e+02
2.520000000000000000e+02 4.410000000000000000e+02
2.530000000000000000e+02 4.410000000000000000e+02
2.520000000000000000e+02 4.410000000000000000e+02
2.520000000000000000e+02 4.410000000000000000e+02
2.520000000000000000e+02 4.420000000000000000e+02
2.520000000000000000e+02 4.420000000000000000e+02
2.520000000000000000e+02 4.420000000000000000e+02
2.530000000000000000e+02 4.420000000000000000e+02
2.530000000000000000e+02 4.410000000000000000e+02
2.520000000000000000e+02 4.410000000000000000e+02
2.530000000000000000e+02 4.410000000000000000e+02
2.530000000000000000e+02 4.410000000000000000e+02
2.530000000000000000e+02 4.400000000000000000e+02
2.520000000000000000e+02 4.400000000000000000e+02
2.520000000000000000e+02 4.390000000000000000e+02
2.520000000000000000e+02 4.400000000000000000e+02
2.510000000000000000e+02 4.390000000000000000e+02
2.520000000000000000e+02 4.380000000000000000e+02
2.520000000000000000e+02 4.390000000000000000e+02
2.520000000000000000e+02 4.390000000000000000e+02
2.520000000000000000e+02 4.390000000000000000e+02
2.520000000000000000e+02 4.390000000000000000e+02
2.530000000000000000e+02 4.390000000000000000e+02
2.530000000000000000e+02 4.390000000000000000e+02
2.520000000000000000e+02 4.380000000000000000e+02
2.510000000000000000e+02 4.370000000000000000e+02
2.520000000000000000e+02 4.380000000000000000e+02
2.520000000000000000e+02 4.380000000000000000e+02
2.510000000000000000e+02 4.370000000000000000e+02
2.510000000000000000e+02 4.370000000000000000e+02
2.500000000000000000e+02 4.380000000000000000e+02
2.510000000000000000e+02 4.370000000000000000e+02
2.510000000000000000e+02 4.370000000000000000e+02
2.500000000000000000e+02 4.360000000000000000e+02
2.510000000000000000e+02 4.370000000000000000e+02
2.510000000000000000e+02 4.360000000000000000e+02
2.510000000000000000e+02 4.370000000000000000e+02
2.510000000000000000e+02 4.370000000000000000e+02
2.510000000000000000e+02 4.370000000000000000e+02
2.510000000000000000e+02 4.370000000000000000e+02
2.530000000000000000e+02 4.370000000000000000e+02
2.520000000000000000e+02 4.370000000000000000e+02
2.520000000000000000e+02 4.370000000000000000e+02
2.520000000000000000e+02 4.360000000000000000e+02
2.520000000000000000e+02 4.350000000000000000e+02
2.520000000000000000e+02 4.360000000000000000e+02
2.510000000000000000e+02 4.360000000000000000e+02
2.510000000000000000e+02 4.360000000000000000e+02
2.500000000000000000e+02 4.360000000000000000e+02
2.500000000000000000e+02 4.360000000000000000e+02
2.490000000000000000e+02 4.360000000000000000e+02
2.480000000000000000e+02 4.360000000000000000e+02
2.480000000000000000e+02 4.360000000000000000e+02
2.490000000000000000e+02 4.360000000000000000e+02
2.480000000000000000e+02 4.360000000000000000e+02
2.490000000000000000e+02 4.370000000000000000e+02
2.480000000000000000e+02 4.380000000000000000e+02
2.470000000000000000e+02 4.370000000000000000e+02
