# frames 101, center=[251, 427], duration=[800, 900], video=browniano sol 2_0
2.510000000000000000e+02 4.270000000000000000e+02
2.510000000000000000e+02 4.270000000000000000e+02
2.510000000000000000e+02 4.270000000000000000e+02
2.520000000000000000e+02 4.280000000000000000e+02
2.520000000000000000e+02 4.270000000000000000e+02
2.520000000000000000e+02 4.280000000000000000e+02
2.530000000000000000e+02 4.280000000000000000e+02
2.530000000000000000e+02 4.270000000000000000e+02
2.540000000000000000e+02 4.280000000000000000e+02
2.540000000000000000e+02 4.280000000000000000e+02
2.540000000000000000e+02 4.290000000000000000e+02
2.530000000000000000e+02 4.290000000000000000e+02
2.540000000000000000e+02 4.300000000000000000e+02
2.540000000000000000e+02 4.300000000000000000e+02
2.550000000000000000e+02 4.300000000000000000e+02
2.550000000000000000e+02 4.300000000000000000e+02
2.560000000000000000e+02 4.300000000000000000e+02
2.550000000000000000e+02 4.290000000000000000e+02
2.550000000000000000e+02 4.300000000000000000e+02
2.550000000000000000e+02 4.300000000000000000e+02
2.550000000000000000e+02 4.310000000000000000e+02
2.550000000000000000e+02 4.310000000000000000e+02
2.560000000000000000e+02 4.300000000000000000e+02
2.570000000000000000e+02 4.310000000000000000e+02
2.570000000000000000e+02 4.310000000000000000e+02
2.570000000000000000e+02 4.310000000000000000e+02
2.570000000000000000e+02 4.310000000000000000e+02
2.580000000000000000e+02 4.310000000000000000e+02
2.580000000000000000e+02 4.310000000000000000e+02
2.570000000000000000e+02 4.310000000000000000e+02
2.560000000000000000e+02 4.320000000000000000e+02
2.560000000000000000e+02 4.320000000000000000e+02
2.560000000000000000e+02 4.310000000000000000e+02
2.550000000000000000e+02 4.320000000000000000e+02
2.560000000000000000e+02 4.330000000000000000e+02
2.560000000000000000e+02 4.340000000000000000e+02
2.550000000000000000e+02 4.330000000000000000e+02
2.540000000000000000e+02 4.320000000000000000e+02
2.540000000000000000e+02 4.330000000000000000e+02
2.540000000000000000e+02 4.320000000000000000e+02
2.550000000000000000e+02 4.320000000000000000e+02
2.540000000000000000e+02 4.330000000000000000e+02
2.550000000000000000e+02 4.320000000000000000e+02
2.540000000000000000e+02 4.310000000000000000e+02
2.550000000000000000e+02 4.320000000000000000e+02
2.560000000000000000e+02 4.320000000000000000e+02
2.550000000000000000e+02 4.310000000000000000e+02
2.540000000000000000e+02 4.300000000000000000e+02
2.540000000000000000e+02 4.300000000000000000e+02
2.540000000000000000e+02 4.300000000000000000e+02
2.550000000000000000e+02 4.300000000000000000e+02
2.550000000000000000e+02 4.310000000000000000e+02
2.540000000000000000e+02 4.300000000000000000e+02
2.540000000000000000e+02 4.300000000000000000e+02
2.540000000000000000e+02 4.310000000000000000e+02
2.550000000000000000e+02 4.310000000000000000e+02
2.550000000000000000e+02 4.310000000000000000e+02
2.560000000000000000e+02 4.320000000000000000e+02
2.540000000000000000e+02 4.320000000000000000e+02
2.550000000000000000e+02 4.320000000000000000e+02
2.550000000000000000e+02 4.310000000000000000e+02
2.550000000000000000e+02 4.310000000000000000e+02
2.540000000000000000e+02 4.310000000000000000e+02
2.540000000000000000e+02 4.310000000000000000e+02
2.530000000000000000e+02 4.310000000000000000e+02
2.540000000000000000e+02 4.310000000000000000e+02
2.550000000000000000e+02 4.310000000000000000e+02
2.540000000000000000e+02 4.320000000000000000e+02
2.540000000000000000e+02 4.320000000000000000e+02
2.540000000000000000e+02 4.320000000000000000e+02
2.550000000000000000e+02 4.310000000000000000e+02
2.550000000000000000e+02 4.320000000000000000e+02
2.550000000000000000e+02 4.320000000000000000e+02
2.550000000000000000e+02 4.330000000000000000e+02
2.550000000000000000e+02 4.330000000000000000e+02
2.560000000000000000e+02 4.340000000000000000e+02
2.560000000000000000e+02 4.350000000000000000e+02
2.560000000000000000e+02 4.350000000000000000e+02
2.550000000000000000e+02 4.350000000000000000e+02
2.550000000000000000e+02 4.350000000000000000e+02
2.550000000000000000e+02 4.360000000000000000e+02
2.550000000000000000e+02 4.370000000000000000e+02
2.550000000000000000e+02 4.370000000000000000e+02
2.550000000000000000e+02 4.370000000000000000e+02
2.550000000000000000e+02 4.370000000000000000e+02
2.560000000000000000e+02 4.370000000000000000e+02
2.550000000000000000e+02 4.370000000000000000e+02
2.560000000000000000e+02 4.380000000000000000e+02
2.560000000000000000e+02 4.380000000000000000e+02
2.560000000000000000e+02 4.380000000000000000e+02
2.560000000000000000e+02 4.380000000000000000e+02
2.550000000000000000e+02 4.380000000000000000e+02
2.560000000000000000e+02 4.380000000000000000e+02
2.560000000000000000e+02 4.380000000000000000e+02
2.560000000000000000e+02 4.380000000000000000e+02
2.560000000000000000e+02 4.380000000000000000e+02
2.560000000000000000e+02 4.390000000000000000e+02
2.560000000000000000e+02 4.380000000000000000e+02
2.570000000000000000e+02 4.380000000000000000e+02
2.580000000000000000e+02 4.390000000000000000e+02
2.570000000000000000e+02 4.390000000000000000e+02
