# frames 101, center=[243, 432], duration=[600, 700], video=browniano sol 2_0
2.430000000000000000e+02 4.320000000000000000e+02
2.430000000000000000e+02 4.320000000000000000e+02
2.430000000000000000e+02 4.320000000000000000e+02
2.420000000000000000e+02 4.320000000000000000e+02
2.410000000000000000e+02 4.320000000000000000e+02
2.410000000000000000e+02 4.320000000000000000e+02
2.400000000000000000e+02 4.320000000000000000e+02
2.400000000000000000e+02 4.330000000000000000e+02
2.400000000000000000e+02 4.340000000000000000e+02
2.400000000000000000e+02 4.340000000000000000e+02
2.400000000000000000e+02 4.330000000000000000e+02
2.400000000000000000e+02 4.310000000000000000e+02
2.410000000000000000e+02 4.300000000000000000e+02
2.420000000000000000e+02 4.300000000000000000e+02
2.410000000000000000e+02 4.310000000000000000e+02
2.410000000000000000e+02 4.310000000000000000e+02
2.420000000000000000e+02 4.320000000000000000e+02
2.410000000000000000e+02 4.320000000000000000e+02
2.430000000000000000e+02 4.320000000000000000e+02
2.440000000000000000e+02 4.320000000000000000e+02
2.440000000000000000e+02 4.320000000000000000e+02
2.450000000000000000e+02 4.320000000000000000e+02
2.440000000000000000e+02 4.310000000000000000e+02
2.450000000000000000e+02 4.310000000000000000e+02
2.440000000000000000e+02 4.310000000000000000e+02
2.450000000000000000e+02 4.310000000000000000e+02
2.450000000000000000e+02 4.300000000000000000e+02
2.440000000000000000e+02 4.300000000000000000e+02
2.440000000000000000e+02 4.300000000000000000e+02
2.450000000000000000e+02 4.300000000000000000e+02
2.450000000000000000e+02 4.300000000000000000e+02
2.450000000000000000e+02 4.290000000000000000e+02
2.460000000000000000e+02 4.300000000000000000e+02
2.460000000000000000e+02 4.290000000000000000e+02
2.460000000000000000e+02 4.290000000000000000e+02
2.460000000000000000e+02 4.300000000000000000e+02
2.460000000000000000e+02 4.290000000000000000e+02
2.460000000000000000e+02 4.290000000000000000e+02
2.450000000000000000e+02 4.290000000000000000e+02
2.450000000000000000e+02 4.300000000000000000e+02
2.450000000000000000e+02 4.300000000000000000e+02
2.450000000000000000e+02 4.290000000000000000e+02
2.460000000000000000e+02 4.290000000000000000e+02
2.470000000000000000e+02 4.300000000000000000e+02
2.470000000000000000e+02 4.300000000000000000e+02
2.460000000000000000e+02 4.290000000000000000e+02
2.450000000000000000e+02 4.280000000000000000e+02
2.450000000000000000e+02 4.280000000000000000e+02
2.450000000000000000e+02 4.270000000000000000e+02
2.440000000000000000e+02 4.270000000000000000e+02
2.430000000000000000e+02 4.270000000000000000e+02
2.430000000000000000e+02 4.270000000000000000e+02
2.410000000000000000e+02 4.270000000000000000e+02
2.420000000000000000e+02 4.270000000000000000e+02
2.430000000000000000e+02 4.270000000000000000e+02
2.430000000000000000e+02 4.260000000000000000e+02
2.420000000000000000e+02 4.250000000000000000e+02
2.430000000000000000e+02 4.240000000000000000e+02
2.430000000000000000e+02 4.260000000000000000e+02
2.430000000000000000e+02 4.260000000000000000e+02
2.430000000000000000e+02 4.250000000000000000e+02
2.430000000000000000e+02 4.260000000000000000e+02
2.420000000000000000e+02 4.270000000000000000e+02
2.410000000000000000e+02 4.280000000000000000e+02
2.410000000000000000e+02 4.260000000000000000e+02
2.400000000000000000e+02 4.270000000000000000e+02
2.390000000000000000e+02 4.260000000000000000e+02
2.390000000000000000e+02 4.250000000000000000e+02
2.390000000000000000e+02 4.260000000000000000e+02
2.390000000000000000e+02 4.260000000000000000e+02
2.400000000000000000e+02 4.270000000000000000e+02
2.390000000000000000e+02 4.260000000000000000e+02
2.400000000000000000e+02 4.270000000000000000e+02
2.400000000000000000e+02 4.280000000000000000e+02
2.410000000000000000e+02 4.280000000000000000e+02
2.410000000000000000e+02 4.280000000000000000e+02
2.420000000000000000e+02 4.270000000000000000e+02
2.410000000000000000e+02 4.270000000000000000e+02
2.410000000000000000e+02 4.280000000000000000e+02
2.410000000000000000e+02 4.290000000000000000e+02
2.420000000000000000e+02 4.290000000000000000e+02
2.420000000000000000e+02 4.290000000000000000e+02
2.410000000000000000e+02 4.290000000000000000e+02
2.410000000000000000e+02 4.290000000000000000e+02
2.410000000000000000e+02 4.290000000000000000e+02
2.410000000000000000e+02 4.300000000000000000e+02
2.400000000000000000e+02 4.300000000000000000e+02
2.400000000000000000e+02 4.300000000000000000e+02
2.400000000000000000e+02 4.300000000000000000e+02
2.410000000000000000e+02 4.300000000000000000e+02
2.400000000000000000e+02 4.310000000000000000e+02
2.400000000000000000e+02 4.310000000000000000e+02
2.400000000000000000e+02 4.310000000000000000e+02
2.400000000000000000e+02 4.310000000000000000e+02
2.390000000000000000e+02 4.320000000000000000e+02
2.380000000000000000e+02 4.320000000000000000e+02
2.390000000000000000e+02 4.310000000000000000e+02
2.390000000000000000e+02 4.300000000000000000e+02
2.390000000000000000e+02 4.300000000000000000e+02
2.390000000000000000e+02 4.290000000000000000e+02
2.390000000000000000e+02 4.280000000000000000e+02
