# frames 101, center=[232, 449], duration=[300, 400], video=browniano sol 2_0
2.320000000000000000e+02 4.490000000000000000e+02
2.320000000000000000e+02 4.490000000000000000e+02
2.320000000000000000e+02 4.490000000000000000e+02
2.330000000000000000e+02 4.490000000000000000e+02
2.320000000000000000e+02 4.490000000000000000e+02
2.330000000000000000e+02 4.490000000000000000e+02
2.330000000000000000e+02 4.500000000000000000e+02
2.330000000000000000e+02 4.500000000000000000e+02
2.330000000000000000e+02 4.490000000000000000e+02
2.330000000000000000e+02 4.490000000000000000e+02
2.340000000000000000e+02 4.500000000000000000e+02
2.330000000000000000e+02 4.500000000000000000e+02
2.320000000000000000e+02 4.490000000000000000e+02
2.330000000000000000e+02 4.490000000000000000e+02
2.320000000000000000e+02 4.490000000000000000e+02
2.320000000000000000e+02 4.490000000000000000e+02
2.340000000000000000e+02 4.490000000000000000e+02
2.320000000000000000e+02 4.480000000000000000e+02
2.320000000000000000e+02 4.480000000000000000e+02
2.330000000000000000e+02 4.480000000000000000e+02
2.320000000000000000e+02 4.470000000000000000e+02
2.310000000000000000e+02 4.470000000000000000e+02
2.310000000000000000e+02 4.460000000000000000e+02
2.310000000000000000e+02 4.460000000000000000e+02
2.320000000000000000e+02 4.470000000000000000e+02
2.310000000000000000e+02 4.460000000000000000e+02
2.310000000000000000e+02 4.460000000000000000e+02
2.310000000000000000e+02 4.460000000000000000e+02
2.310000000000000000e+02 4.460000000000000000e+02
2.320000000000000000e+02 4.460000000000000000e+02
2.320000000000000000e+02 4.470000000000000000e+02
2.320000000000000000e+02 4.470000000000000000e+02
2.330000000000000000e+02 4.460000000000000000e+02
2.340000000000000000e+02 4.460000000000000000e+02
2.350000000000000000e+02 4.450000000000000000e+02
2.360000000000000000e+02 4.450000000000000000e+02
2.360000000000000000e+02 4.450000000000000000e+02
2.360000000000000000e+02 4.450000000000000000e+02
2.370000000000000000e+02 4.440000000000000000e+02
2.380000000000000000e+02 4.430000000000000000e+02
2.390000000000000000e+02 4.430000000000000000e+02
2.370000000000000000e+02 4.420000000000000000e+02
2.380000000000000000e+02 4.420000000000000000e+02
2.370000000000000000e+02 4.410000000000000000e+02
2.380000000000000000e+02 4.410000000000000000e+02
2.370000000000000000e+02 4.410000000000000000e+02
2.360000000000000000e+02 4.420000000000000000e+02
2.360000000000000000e+02 4.410000000000000000e+02
2.370000000000000000e+02 4.420000000000000000e+02
2.360000000000000000e+02 4.420000000000000000e+02
2.360000000000000000e+02 4.420000000000000000e+02
2.370000000000000000e+02 4.420000000000000000e+02
2.370000000000000000e+02 4.420000000000000000e+02
2.370000000000000000e+02 4.410000000000000000e+02
2.380000000000000000e+02 4.420000000000000000e+02
2.400000000000000000e+02 4.410000000000000000e+02
2.390000000000000000e+02 4.400000000000000000e+02
2.380000000000000000e+02 4.400000000000000000e+02
2.380000000000000000e+02 4.400000000000000000e+02
2.380000000000000000e+02 4.390000000000000000e+02
2.390000000000000000e+02 4.390000000000000000e+02
2.390000000000000000e+02 4.390000000000000000e+02
2.390000000000000000e+02 4.380000000000000000e+02
2.400000000000000000e+02 4.390000000000000000e+02
2.400000000000000000e+02 4.400000000000000000e+02
2.410000000000000000e+02 4.400000000000000000e+02
2.400000000000000000e+02 4.400000000000000000e+02
2.400000000000000000e+02 4.400000000000000000e+02
2.390000000000000000e+02 4.400000000000000000e+02
2.400000000000000000e+02 4.410000000000000000e+02
2.400000000000000000e+02 4.400000000000000000e+02
2.390000000000000000e+02 4.410000000000000000e+02
2.400000000000000000e+02 4.410000000000000000e+02
2.400000000000000000e+02 4.410000000000000000e+02
2.400000000000000000e+02 4.410000000000000000e+02
2.390000000000000000e+02 4.400000000000000000e+02
2.380000000000000000e+02 4.410000000000000000e+02
2.370000000000000000e+02 4.410000000000000000e+02
2.380000000000000000e+02 4.410000000000000000e+02
2.380000000000000000e+02 4.410000000000000000e+02
2.380000000000000000e+02 4.410000000000000000e+02
2.380000000000000000e+02 4.400000000000000000e+02
2.370000000000000000e+02 4.400000000000000000e+02
2.380000000000000000e+02 4.400000000000000000e+02
2.370000000000000000e+02 4.400000000000000000e+02
2.370000000000000000e+02 4.400000000000000000e+02
2.370000000000000000e+02 4.400000000000000000e+02
2.370000000000000000e+02 4.390000000000000000e+02
2.370000000000000000e+02 4.390000000000000000e+02
2.370000000000000000e+02 4.380000000000000000e+02
2.360000000000000000e+02 4.380000000000000000e+02
2.350000000000000000e+02 4.380000000000000000e+02
2.360000000000000000e+02 4.390000000000000000e+02
2.360000000000000000e+02 4.390000000000000000e+02
2.360000000000000000e+02 4.390000000000000000e+02
2.350000000000000000e+02 4.390000000000000000e+02
2.350000000000000000e+02 4.390000000000000000e+02
2.360000000000000000e+02 4.380000000000000000e+02
2.350000000000000000e+02 4.380000000000000000e+02
2.340000000000000000e+02 4.390000000000000000e+02
2.340000000000000000e+02 4.390000000000000000e+02
