# frames 101, center=[238, 520], duration=[0, 100], video=browniano sol 2_0
2.380000000000000000e+02 5.200000000000000000e+02
2.380000000000000000e+02 5.200000000000000000e+02
2.380000000000000000e+02 5.200000000000000000e+02
2.390000000000000000e+02 5.200000000000000000e+02
2.390000000000000000e+02 5.200000000000000000e+02
2.390000000000000000e+02 5.200000000000000000e+02
2.380000000000000000e+02 5.190000000000000000e+02
2.380000000000000000e+02 5.190000000000000000e+02
2.380000000000000000e+02 5.180000000000000000e+02
2.390000000000000000e+02 5.190000000000000000e+02
2.390000000000000000e+02 5.190000000000000000e+02
2.380000000000000000e+02 5.190000000000000000e+02
2.380000000000000000e+02 5.190000000000000000e+02
2.380000000000000000e+02 5.200000000000000000e+02
2.380000000000000000e+02 5.200000000000000000e+02
2.390000000000000000e+02 5.190000000000000000e+02
2.400000000000000000e+02 5.200000000000000000e+02
2.390000000000000000e+02 5.190000000000000000e+02
2.390000000000000000e+02 5.190000000000000000e+02
2.390000000000000000e+02 5.190000000000000000e+02
2.390000000000000000e+02 5.180000000000000000e+02
2.390000000000000000e+02 5.190000000000000000e+02
2.380000000000000000e+02 5.190000000000000000e+02
2.390000000000000000e+02 5.190000000000000000e+02
2.390000000000000000e+02 5.180000000000000000e+02
2.400000000000000000e+02 5.190000000000000000e+02
2.400000000000000000e+02 5.180000000000000000e+02
2.390000000000000000e+02 5.180000000000000000e+02
2.390000000000000000e+02 5.170000000000000000e+02
2.390000000000000000e+02 5.170000000000000000e+02
2.390000000000000000e+02 5.170000000000000000e+02
2.390000000000000000e+02 5.160000000000000000e+02
2.390000000000000000e+02 5.160000000000000000e+02
2.400000000000000000e+02 5.160000000000000000e+02
2.390000000000000000e+02 5.150000000000000000e+02
2.390000000000000000e+02 5.160000000000000000e+02
2.400000000000000000e+02 5.160000000000000000e+02
2.390000000000000000e+02 5.160000000000000000e+02
2.380000000000000000e+02 5.160000000000000000e+02
2.390000000000000000e+02 5.150000000000000000e+02
2.390000000000000000e+02 5.150000000000000000e+02
2.380000000000000000e+02 5.160000000000000000e+02
2.370000000000000000e+02 5.150000000000000000e+02
2.380000000000000000e+02 5.150000000000000000e+02
2.380000000000000000e+02 5.150000000000000000e+02
2.390000000000000000e+02 5.150000000000000000e+02
2.400000000000000000e+02 5.140000000000000000e+02
2.390000000000000000e+02 5.150000000000000000e+02
2.400000000000000000e+02 5.160000000000000000e+02
2.390000000000000000e+02 5.160000000000000000e+02
2.400000000000000000e+02 5.160000000000000000e+02
2.390000000000000000e+02 5.150000000000000000e+02
2.390000000000000000e+02 5.150000000000000000e+02
2.390000000000000000e+02 5.150000000000000000e+02
2.390000000000000000e+02 5.160000000000000000e+02
2.390000000000000000e+02 5.160000000000000000e+02
2.390000000000000000e+02 5.170000000000000000e+02
2.390000000000000000e+02 5.170000000000000000e+02
2.390000000000000000e+02 5.170000000000000000e+02
2.390000000000000000e+02 5.170000000000000000e+02
2.380000000000000000e+02 5.170000000000000000e+02
2.380000000000000000e+02 5.170000000000000000e+02
2.380000000000000000e+02 5.170000000000000000e+02
2.390000000000000000e+02 5.170000000000000000e+02
2.380000000000000000e+02 5.170000000000000000e+02
2.380000000000000000e+02 5.160000000000000000e+02
2.400000000000000000e+02 5.160000000000000000e+02
2.400000000000000000e+02 5.160000000000000000e+02
2.400000000000000000e+02 5.170000000000000000e+02
2.390000000000000000e+02 5.160000000000000000e+02
2.390000000000000000e+02 5.160000000000000000e+02
2.390000000000000000e+02 5.160000000000000000e+02
2.390000000000000000e+02 5.160000000000000000e+02
2.410000000000000000e+02 5.160000000000000000e+02
2.410000000000000000e+02 5.150000000000000000e+02
2.410000000000000000e+02 5.150000000000000000e+02
2.400000000000000000e+02 5.150000000000000000e+02
2.410000000000000000e+02 5.160000000000000000e+02
2.420000000000000000e+02 5.160000000000000000e+02
2.410000000000000000e+02 5.150000000000000000e+02
2.410000000000000000e+02 5.150000000000000000e+02
2.410000000000000000e+02 5.160000000000000000e+02
2.410000000000000000e+02 5.160000000000000000e+02
2.410000000000000000e+02 5.150000000000000000e+02
2.400000000000000000e+02 5.150000000000000000e+02
2.400000000000000000e+02 5.150000000000000000e+02
2.400000000000000000e+02 5.150000000000000000e+02
2.390000000000000000e+02 5.150000000000000000e+02
2.400000000000000000e+02 5.140000000000000000e+02
2.400000000000000000e+02 5.140000000000000000e+02
2.400000000000000000e+02 5.140000000000000000e+02
2.400000000000000000e+02 5.140000000000000000e+02
2.400000000000000000e+02 5.140000000000000000e+02
2.400000000000000000e+02 5.130000000000000000e+02
2.400000000000000000e+02 5.140000000000000000e+02
2.400000000000000000e+02 5.140000000000000000e+02
2.410000000000000000e+02 5.130000000000000000e+02
2.420000000000000000e+02 5.120000000000000000e+02
2.410000000000000000e+02 5.120000000000000000e+02
2.420000000000000000e+02 5.140000000000000000e+02
2.420000000000000000e+02 5.140000000000000000e+02
