# frames 101, center=[233, 511], duration=[300, 400], video=browniano sol 2_0
2.330000000000000000e+02 5.110000000000000000e+02
2.330000000000000000e+02 5.110000000000000000e+02
2.330000000000000000e+02 5.110000000000000000e+02
2.340000000000000000e+02 5.120000000000000000e+02
2.330000000000000000e+02 5.120000000000000000e+02
2.330000000000000000e+02 5.120000000000000000e+02
2.330000000000000000e+02 5.130000000000000000e+02
2.340000000000000000e+02 5.130000000000000000e+02
2.340000000000000000e+02 5.130000000000000000e+02
2.340000000000000000e+02 5.130000000000000000e+02
2.350000000000000000e+02 5.130000000000000000e+02
2.350000000000000000e+02 5.120000000000000000e+02
2.360000000000000000e+02 5.110000000000000000e+02
2.350000000000000000e+02 5.110000000000000000e+02
2.360000000000000000e+02 5.100000000000000000e+02
2.360000000000000000e+02 5.100000000000000000e+02
2.370000000000000000e+02 5.090000000000000000e+02
2.370000000000000000e+02 5.090000000000000000e+02
2.370000000000000000e+02 5.090000000000000000e+02
2.370000000000000000e+02 5.090000000000000000e+02
2.390000000000000000e+02 5.090000000000000000e+02
2.380000000000000000e+02 5.090000000000000000e+02
2.390000000000000000e+02 5.090000000000000000e+02
2.390000000000000000e+02 5.090000000000000000e+02
2.400000000000000000e+02 5.090000000000000000e+02
2.410000000000000000e+02 5.090000000000000000e+02
2.420000000000000000e+02 5.090000000000000000e+02
2.430000000000000000e+02 5.080000000000000000e+02
2.420000000000000000e+02 5.080000000000000000e+02
2.420000000000000000e+02 5.080000000000000000e+02
2.430000000000000000e+02 5.090000000000000000e+02
2.440000000000000000e+02 5.080000000000000000e+02
2.460000000000000000e+02 5.080000000000000000e+02
2.450000000000000000e+02 5.070000000000000000e+02
2.450000000000000000e+02 5.070000000000000000e+02
2.450000000000000000e+02 5.070000000000000000e+02
2.450000000000000000e+02 5.070000000000000000e+02
2.450000000000000000e+02 5.070000000000000000e+02
2.450000000000000000e+02 5.060000000000000000e+02
2.440000000000000000e+02 5.060000000000000000e+02
2.440000000000000000e+02 5.070000000000000000e+02
2.430000000000000000e+02 5.060000000000000000e+02
2.430000000000000000e+02 5.060000000000000000e+02
2.410000000000000000e+02 5.050000000000000000e+02
2.410000000000000000e+02 5.040000000000000000e+02
2.410000000000000000e+02 5.050000000000000000e+02
2.410000000000000000e+02 5.060000000000000000e+02
2.410000000000000000e+02 5.060000000000000000e+02
2.410000000000000000e+02 5.050000000000000000e+02
2.410000000000000000e+02 5.050000000000000000e+02
2.410000000000000000e+02 5.060000000000000000e+02
2.420000000000000000e+02 5.060000000000000000e+02
2.420000000000000000e+02 5.060000000000000000e+02
2.420000000000000000e+02 5.050000000000000000e+02
2.420000000000000000e+02 5.050000000000000000e+02
2.430000000000000000e+02 5.050000000000000000e+02
2.420000000000000000e+02 5.040000000000000000e+02
2.420000000000000000e+02 5.040000000000000000e+02
2.420000000000000000e+02 5.040000000000000000e+02
2.420000000000000000e+02 5.040000000000000000e+02
2.420000000000000000e+02 5.040000000000000000e+02
2.410000000000000000e+02 5.050000000000000000e+02
2.410000000000000000e+02 5.040000000000000000e+02
2.410000000000000000e+02 5.040000000000000000e+02
2.400000000000000000e+02 5.040000000000000000e+02
2.400000000000000000e+02 5.050000000000000000e+02
2.390000000000000000e+02 5.040000000000000000e+02
2.390000000000000000e+02 5.040000000000000000e+02
2.390000000000000000e+02 5.040000000000000000e+02
2.390000000000000000e+02 5.040000000000000000e+02
2.380000000000000000e+02 5.040000000000000000e+02
2.390000000000000000e+02 5.060000000000000000e+02
2.390000000000000000e+02 5.060000000000000000e+02
2.400000000000000000e+02 5.060000000000000000e+02
2.390000000000000000e+02 5.050000000000000000e+02
2.380000000000000000e+02 5.050000000000000000e+02
2.390000000000000000e+02 5.040000000000000000e+02
2.380000000000000000e+02 5.040000000000000000e+02
2.380000000000000000e+02 5.040000000000000000e+02
2.390000000000000000e+02 5.040000000000000000e+02
2.380000000000000000e+02 5.040000000000000000e+02
2.380000000000000000e+02 5.040000000000000000e+02
2.370000000000000000e+02 5.040000000000000000e+02
2.370000000000000000e+02 5.030000000000000000e+02
2.360000000000000000e+02 5.030000000000000000e+02
2.350000000000000000e+02 5.040000000000000000e+02
2.360000000000000000e+02 5.040000000000000000e+02
2.370000000000000000e+02 5.030000000000000000e+02
2.370000000000000000e+02 5.040000000000000000e+02
2.380000000000000000e+02 5.030000000000000000e+02
2.390000000000000000e+02 5.030000000000000000e+02
2.380000000000000000e+02 5.030000000000000000e+02
2.380000000000000000e+02 5.020000000000000000e+02
2.380000000000000000e+02 5.010000000000000000e+02
2.400000000000000000e+02 5.010000000000000000e+02
2.400000000000000000e+02 5.000000000000000000e+02
2.400000000000000000e+02 5.010000000000000000e+02
2.400000000000000000e+02 5.020000000000000000e+02
2.390000000000000000e+02 5.020000000000000000e+02
2.390000000000000000e+02 5.010000000000000000e+02
2.400000000000000000e+02 5.020000000000000000e+02
