# frames 101, center=[246, 493], duration=[900, 1000], video=browniano sol 2_0
2.460000000000000000e+02 4.930000000000000000e+02
2.460000000000000000e+02 4.930000000000000000e+02
2.460000000000000000e+02 4.930000000000000000e+02
2.460000000000000000e+02 4.930000000000000000e+02
2.460000000000000000e+02 4.930000000000000000e+02
2.480000000000000000e+02 4.940000000000000000e+02
2.480000000000000000e+02 4.940000000000000000e+02
2.480000000000000000e+02 4.940000000000000000e+02
2.490000000000000000e+02 4.930000000000000000e+02
2.490000000000000000e+02 4.930000000000000000e+02
2.490000000000000000e+02 4.920000000000000000e+02
2.490000000000000000e+02 4.920000000000000000e+02
2.490000000000000000e+02 4.920000000000000000e+02
2.500000000000000000e+02 4.920000000000000000e+02
2.500000000000000000e+02 4.920000000000000000e+02
2.500000000000000000e+02 4.910000000000000000e+02
2.510000000000000000e+02 4.910000000000000000e+02
2.510000000000000000e+02 4.910000000000000000e+02
2.520000000000000000e+02 4.910000000000000000e+02
2.520000000000000000e+02 4.910000000000000000e+02
2.510000000000000000e+02 4.900000000000000000e+02
2.500000000000000000e+02 4.910000000000000000e+02
2.500000000000000000e+02 4.910000000000000000e+02
2.500000000000000000e+02 4.910000000000000000e+02
2.500000000000000000e+02 4.910000000000000000e+02
2.500000000000000000e+02 4.910000000000000000e+02
2.500000000000000000e+02 4.910000000000000000e+02
2.500000000000000000e+02 4.910000000000000000e+02
2.500000000000000000e+02 4.910000000000000000e+02
2.490000000000000000e+02 4.910000000000000000e+02
2.490000000000000000e+02 4.910000000000000000e+02
2.500000000000000000e+02 4.910000000000000000e+02
2.500000000000000000e+02 4.900000000000000000e+02
2.510000000000000000e+02 4.900000000000000000e+02
2.500000000000000000e+02 4.910000000000000000e+02
2.490000000000000000e+02 4.910000000000000000e+02
2.490000000000000000e+02 4.900000000000000000e+02
2.490000000000000000e+02 4.900000000000000000e+02
2.490000000000000000e+02 4.890000000000000000e+02
2.500000000000000000e+02 4.890000000000000000e+02
2.490000000000000000e+02 4.890000000000000000e+02
2.500000000000000000e+02 4.900000000000000000e+02
2.490000000000000000e+02 4.900000000000000000e+02
2.480000000000000000e+02 4.900000000000000000e+02
2.490000000000000000e+02 4.890000000000000000e+02
2.500000000000000000e+02 4.890000000000000000e+02
2.500000000000000000e+02 4.890000000000000000e+02
2.510000000000000000e+02 4.900000000000000000e+02
2.510000000000000000e+02 4.900000000000000000e+02
2.510000000000000000e+02 4.900000000000000000e+02
2.500000000000000000e+02 4.890000000000000000e+02
2.510000000000000000e+02 4.900000000000000000e+02
2.510000000000000000e+02 4.900000000000000000e+02
2.500000000000000000e+02 4.900000000000000000e+02
2.500000000000000000e+02 4.900000000000000000e+02
2.500000000000000000e+02 4.910000000000000000e+02
2.500000000000000000e+02 4.910000000000000000e+02
2.500000000000000000e+02 4.910000000000000000e+02
2.500000000000000000e+02 4.910000000000000000e+02
2.490000000000000000e+02 4.910000000000000000e+02
2.490000000000000000e+02 4.910000000000000000e+02
2.500000000000000000e+02 4.900000000000000000e+02
2.510000000000000000e+02 4.880000000000000000e+02
2.500000000000000000e+02 4.890000000000000000e+02
2.500000000000000000e+02 4.890000000000000000e+02
2.500000000000000000e+02 4.900000000000000000e+02
2.490000000000000000e+02 4.890000000000000000e+02
2.490000000000000000e+02 4.890000000000000000e+02
2.490000000000000000e+02 4.890000000000000000e+02
2.480000000000000000e+02 4.890000000000000000e+02
2.480000000000000000e+02 4.890000000000000000e+02
2.480000000000000000e+02 4.890000000000000000e+02
2.500000000000000000e+02 4.890000000000000000e+02
2.500000000000000000e+02 4.890000000000000000e+02
2.490000000000000000e+02 4.890000000000000000e+02
2.500000000000000000e+02 4.890000000000000000e+02
2.500000000000000000e+02 4.890000000000000000e+02
2.510000000000000000e+02 4.890000000000000000e+02
2.510000000000000000e+02 4.880000000000000000e+02
2.500000000000000000e+02 4.880000000000000000e+02
2.500000000000000000e+02 4.880000000000000000e+02
2.500000000000000000e+02 4.890000000000000000e+02
2.500000000000000000e+02 4.880000000000000000e+02
2.500000000000000000e+02 4.870000000000000000e+02
2.500000000000000000e+02 4.870000000000000000e+02
2.490000000000000000e+02 4.880000000000000000e+02
2.490000000000000000e+02 4.880000000000000000e+02
2.490000000000000000e+02 4.880000000000000000e+02
2.490000000000000000e+02 4.880000000000000000e+02
2.480000000000000000e+02 4.890000000000000000e+02
2.480000000000000000e+02 4.880000000000000000e+02
2.470000000000000000e+02 4.880000000000000000e+02
2.470000000000000000e+02 4.870000000000000000e+02
2.470000000000000000e+02 4.880000000000000000e+02
2.470000000000000000e+02 4.880000000000000000e+02
2.470000000000000000e+02 4.880000000000000000e+02
2.470000000000000000e+02 4.890000000000000000e+02
2.460000000000000000e+02 4.890000000000000000e+02
2.460000000000000000e+02 4.880000000000000000e+02
2.460000000000000000e+02 4.870000000000000000e+02
2.470000000000000000e+02 4.860000000000000000e+02
