# frames 101, center=[236, 496], duration=[800, 900], video=browniano sol 2_0
2.360000000000000000e+02 4.960000000000000000e+02
2.360000000000000000e+02 4.960000000000000000e+02
2.360000000000000000e+02 4.960000000000000000e+02
2.360000000000000000e+02 4.950000000000000000e+02
2.350000000000000000e+02 4.950000000000000000e+02
2.340000000000000000e+02 4.960000000000000000e+02
2.340000000000000000e+02 4.960000000000000000e+02
2.340000000000000000e+02 4.940000000000000000e+02
2.340000000000000000e+02 4.950000000000000000e+02
2.340000000000000000e+02 4.950000000000000000e+02
2.340000000000000000e+02 4.940000000000000000e+02
2.340000000000000000e+02 4.950000000000000000e+02
2.350000000000000000e+02 4.950000000000000000e+02
2.350000000000000000e+02 4.970000000000000000e+02
2.340000000000000000e+02 4.970000000000000000e+02
2.360000000000000000e+02 4.970000000000000000e+02
2.350000000000000000e+02 4.960000000000000000e+02
2.360000000000000000e+02 4.960000000000000000e+02
2.370000000000000000e+02 4.960000000000000000e+02
2.370000000000000000e+02 4.950000000000000000e+02
2.370000000000000000e+02 4.950000000000000000e+02
2.360000000000000000e+02 4.950000000000000000e+02
2.360000000000000000e+02 4.940000000000000000e+02
2.360000000000000000e+02 4.940000000000000000e+02
2.350000000000000000e+02 4.940000000000000000e+02
2.350000000000000000e+02 4.930000000000000000e+02
2.350000000000000000e+02 4.930000000000000000e+02
2.360000000000000000e+02 4.920000000000000000e+02
2.360000000000000000e+02 4.920000000000000000e+02
2.360000000000000000e+02 4.920000000000000000e+02
2.360000000000000000e+02 4.920000000000000000e+02
2.350000000000000000e+02 4.910000000000000000e+02
2.360000000000000000e+02 4.890000000000000000e+02
2.360000000000000000e+02 4.900000000000000000e+02
2.350000000000000000e+02 4.900000000000000000e+02
2.360000000000000000e+02 4.900000000000000000e+02
2.370000000000000000e+02 4.910000000000000000e+02
2.370000000000000000e+02 4.910000000000000000e+02
2.370000000000000000e+02 4.910000000000000000e+02
2.370000000000000000e+02 4.910000000000000000e+02
2.390000000000000000e+02 4.910000000000000000e+02
2.380000000000000000e+02 4.920000000000000000e+02
2.390000000000000000e+02 4.910000000000000000e+02
2.390000000000000000e+02 4.920000000000000000e+02
2.380000000000000000e+02 4.930000000000000000e+02
2.380000000000000000e+02 4.920000000000000000e+02
2.380000000000000000e+02 4.930000000000000000e+02
2.380000000000000000e+02 4.930000000000000000e+02
2.370000000000000000e+02 4.930000000000000000e+02
2.370000000000000000e+02 4.930000000000000000e+02
2.370000000000000000e+02 4.920000000000000000e+02
2.370000000000000000e+02 4.930000000000000000e+02
2.370000000000000000e+02 4.940000000000000000e+02
2.370000000000000000e+02 4.930000000000000000e+02
2.370000000000000000e+02 4.930000000000000000e+02
2.370000000000000000e+02 4.920000000000000000e+02
2.380000000000000000e+02 4.920000000000000000e+02
2.390000000000000000e+02 4.910000000000000000e+02
2.390000000000000000e+02 4.920000000000000000e+02
2.400000000000000000e+02 4.920000000000000000e+02
2.400000000000000000e+02 4.930000000000000000e+02
2.400000000000000000e+02 4.930000000000000000e+02
2.400000000000000000e+02 4.930000000000000000e+02
2.400000000000000000e+02 4.940000000000000000e+02
2.400000000000000000e+02 4.940000000000000000e+02
2.410000000000000000e+02 4.940000000000000000e+02
2.410000000000000000e+02 4.940000000000000000e+02
2.400000000000000000e+02 4.940000000000000000e+02
2.410000000000000000e+02 4.940000000000000000e+02
2.410000000000000000e+02 4.940000000000000000e+02
2.410000000000000000e+02 4.930000000000000000e+02
2.410000000000000000e+02 4.930000000000000000e+02
2.420000000000000000e+02 4.920000000000000000e+02
2.420000000000000000e+02 4.930000000000000000e+02
2.410000000000000000e+02 4.920000000000000000e+02
2.410000000000000000e+02 4.930000000000000000e+02
2.410000000000000000e+02 4.940000000000000000e+02
2.410000000000000000e+02 4.940000000000000000e+02
2.400000000000000000e+02 4.930000000000000000e+02
2.410000000000000000e+02 4.920000000000000000e+02
2.410000000000000000e+02 4.920000000000000000e+02
2.410000000000000000e+02 4.930000000000000000e+02
2.420000000000000000e+02 4.930000000000000000e+02
2.420000000000000000e+02 4.940000000000000000e+02
2.420000000000000000e+02 4.940000000000000000e+02
2.420000000000000000e+02 4.940000000000000000e+02
2.420000000000000000e+02 4.940000000000000000e+02
2.420000000000000000e+02 4.940000000000000000e+02
2.430000000000000000e+02 4.940000000000000000e+02
2.430000000000000000e+02 4.940000000000000000e+02
2.430000000000000000e+02 4.940000000000000000e+02
2.430000000000000000e+02 4.940000000000000000e+02
2.430000000000000000e+02 4.940000000000000000e+02
2.430000000000000000e+02 4.930000000000000000e+02
2.420000000000000000e+02 4.930000000000000000e+02
2.420000000000000000e+02 4.930000000000000000e+02
2.420000000000000000e+02 4.930000000000000000e+02
2.440000000000000000e+02 4.920000000000000000e+02
2.430000000000000000e+02 4.930000000000000000e+02
2.430000000000000000e+02 4.930000000000000000e+02
2.430000000000000000e+02 4.940000000000000000e+02
