# frames 101, center=[241, 516], duration=[200, 300], video=browniano sol 2_0
2.410000000000000000e+02 5.160000000000000000e+02
2.410000000000000000e+02 5.160000000000000000e+02
2.410000000000000000e+02 5.160000000000000000e+02
2.410000000000000000e+02 5.160000000000000000e+02
2.410000000000000000e+02 5.150000000000000000e+02
2.400000000000000000e+02 5.160000000000000000e+02
2.420000000000000000e+02 5.150000000000000000e+02
2.410000000000000000e+02 5.150000000000000000e+02
2.410000000000000000e+02 5.140000000000000000e+02
2.400000000000000000e+02 5.130000000000000000e+02
2.410000000000000000e+02 5.120000000000000000e+02
2.410000000000000000e+02 5.130000000000000000e+02
2.410000000000000000e+02 5.120000000000000000e+02
2.420000000000000000e+02 5.120000000000000000e+02
2.420000000000000000e+02 5.120000000000000000e+02
2.430000000000000000e+02 5.120000000000000000e+02
2.420000000000000000e+02 5.120000000000000000e+02
2.420000000000000000e+02 5.130000000000000000e+02
2.410000000000000000e+02 5.140000000000000000e+02
2.420000000000000000e+02 5.130000000000000000e+02
2.410000000000000000e+02 5.140000000000000000e+02
2.420000000000000000e+02 5.140000000000000000e+02
2.420000000000000000e+02 5.150000000000000000e+02
2.420000000000000000e+02 5.150000000000000000e+02
2.410000000000000000e+02 5.140000000000000000e+02
2.410000000000000000e+02 5.140000000000000000e+02
2.420000000000000000e+02 5.140000000000000000e+02
2.410000000000000000e+02 5.140000000000000000e+02
2.410000000000000000e+02 5.140000000000000000e+02
2.410000000000000000e+02 5.140000000000000000e+02
2.410000000000000000e+02 5.140000000000000000e+02
2.410000000000000000e+02 5.140000000000000000e+02
2.410000000000000000e+02 5.140000000000000000e+02
2.410000000000000000e+02 5.140000000000000000e+02
2.410000000000000000e+02 5.140000000000000000e+02
2.410000000000000000e+02 5.140000000000000000e+02
2.400000000000000000e+02 5.140000000000000000e+02
2.410000000000000000e+02 5.140000000000000000e+02
2.400000000000000000e+02 5.130000000000000000e+02
2.390000000000000000e+02 5.130000000000000000e+02
2.390000000000000000e+02 5.120000000000000000e+02
2.390000000000000000e+02 5.110000000000000000e+02
2.400000000000000000e+02 5.120000000000000000e+02
2.410000000000000000e+02 5.120000000000000000e+02
2.410000000000000000e+02 5.120000000000000000e+02
2.410000000000000000e+02 5.130000000000000000e+02
2.410000000000000000e+02 5.120000000000000000e+02
2.410000000000000000e+02 5.120000000000000000e+02
2.420000000000000000e+02 5.130000000000000000e+02
2.420000000000000000e+02 5.130000000000000000e+02
2.420000000000000000e+02 5.140000000000000000e+02
2.410000000000000000e+02 5.140000000000000000e+02
2.420000000000000000e+02 5.150000000000000000e+02
2.420000000000000000e+02 5.150000000000000000e+02
2.420000000000000000e+02 5.150000000000000000e+02
2.410000000000000000e+02 5.140000000000000000e+02
2.410000000000000000e+02 5.140000000000000000e+02
2.410000000000000000e+02 5.140000000000000000e+02
2.420000000000000000e+02 5.150000000000000000e+02
2.420000000000000000e+02 5.150000000000000000e+02
2.410000000000000000e+02 5.150000000000000000e+02
2.410000000000000000e+02 5.150000000000000000e+02
2.390000000000000000e+02 5.160000000000000000e+02
2.380000000000000000e+02 5.150000000000000000e+02
2.390000000000000000e+02 5.160000000000000000e+02
2.380000000000000000e+02 5.160000000000000000e+02
2.390000000000000000e+02 5.150000000000000000e+02
2.390000000000000000e+02 5.160000000000000000e+02
2.380000000000000000e+02 5.150000000000000000e+02
2.390000000000000000e+02 5.150000000000000000e+02
2.380000000000000000e+02 5.150000000000000000e+02
2.390000000000000000e+02 5.160000000000000000e+02
2.380000000000000000e+02 5.150000000000000000e+02
2.380000000000000000e+02 5.150000000000000000e+02
2.380000000000000000e+02 5.150000000000000000e+02
2.380000000000000000e+02 5.160000000000000000e+02
2.370000000000000000e+02 5.140000000000000000e+02
2.360000000000000000e+02 5.150000000000000000e+02
2.370000000000000000e+02 5.150000000000000000e+02
2.370000000000000000e+02 5.140000000000000000e+02
2.360000000000000000e+02 5.140000000000000000e+02
2.350000000000000000e+02 5.140000000000000000e+02
2.350000000000000000e+02 5.140000000000000000e+02
2.350000000000000000e+02 5.140000000000000000e+02
2.350000000000000000e+02 5.130000000000000000e+02
2.350000000000000000e+02 5.130000000000000000e+02
2.350000000000000000e+02 5.130000000000000000e+02
2.340000000000000000e+02 5.130000000000000000e+02
2.350000000000000000e+02 5.120000000000000000e+02
2.350000000000000000e+02 5.120000000000000000e+02
2.350000000000000000e+02 5.120000000000000000e+02
2.350000000000000000e+02 5.120000000000000000e+02
2.340000000000000000e+02 5.110000000000000000e+02
2.340000000000000000e+02 5.110000000000000000e+02
2.330000000000000000e+02 5.100000000000000000e+02
2.350000000000000000e+02 5.110000000000000000e+02
2.340000000000000000e+02 5.110000000000000000e+02
2.340000000000000000e+02 5.110000000000000000e+02
2.340000000000000000e+02 5.110000000000000000e+02
2.340000000000000000e+02 5.110000000000000000e+02
2.340000000000000000e+02 5.100000000000000000e+02
