# frames 101, center=[238, 500], duration=[400, 500], video=browniano sol 2_0
2.380000000000000000e+02 5.000000000000000000e+02
2.380000000000000000e+02 5.000000000000000000e+02
2.380000000000000000e+02 5.000000000000000000e+02
2.370000000000000000e+02 5.000000000000000000e+02
2.370000000000000000e+02 5.000000000000000000e+02
2.360000000000000000e+02 5.000000000000000000e+02
2.360000000000000000e+02 5.000000000000000000e+02
2.360000000000000000e+02 5.000000000000000000e+02
2.360000000000000000e+02 5.000000000000000000e+02
2.360000000000000000e+02 5.010000000000000000e+02
2.360000000000000000e+02 5.000000000000000000e+02
2.360000000000000000e+02 5.010000000000000000e+02
2.360000000000000000e+02 5.000000000000000000e+02
2.360000000000000000e+02 5.000000000000000000e+02
2.360000000000000000e+02 4.990000000000000000e+02
2.360000000000000000e+02 5.000000000000000000e+02
2.350000000000000000e+02 4.990000000000000000e+02
2.370000000000000000e+02 4.990000000000000000e+02
2.370000000000000000e+02 4.990000000000000000e+02
2.370000000000000000e+02 4.980000000000000000e+02
2.370000000000000000e+02 4.990000000000000000e+02
2.360000000000000000e+02 4.990000000000000000e+02
2.350000000000000000e+02 4.990000000000000000e+02
2.360000000000000000e+02 4.980000000000000000e+02
2.350000000000000000e+02 4.980000000000000000e+02
2.350000000000000000e+02 4.990000000000000000e+02
2.340000000000000000e+02 4.990000000000000000e+02
2.340000000000000000e+02 5.000000000000000000e+02
2.340000000000000000e+02 5.000000000000000000e+02
2.350000000000000000e+02 4.990000000000000000e+02
2.350000000000000000e+02 5.000000000000000000e+02
2.350000000000000000e+02 5.000000000000000000e+02
2.340000000000000000e+02 5.000000000000000000e+02
2.350000000000000000e+02 4.990000000000000000e+02
2.350000000000000000e+02 5.010000000000000000e+02
2.360000000000000000e+02 5.010000000000000000e+02
2.350000000000000000e+02 5.010000000000000000e+02
2.360000000000000000e+02 5.010000000000000000e+02
2.360000000000000000e+02 5.010000000000000000e+02
2.360000000000000000e+02 5.000000000000000000e+02
2.360000000000000000e+02 5.000000000000000000e+02
2.370000000000000000e+02 5.000000000000000000e+02
2.360000000000000000e+02 5.000000000000000000e+02
2.360000000000000000e+02 5.000000000000000000e+02
2.360000000000000000e+02 5.000000000000000000e+02
2.360000000000000000e+02 5.000000000000000000e+02
2.360000000000000000e+02 5.000000000000000000e+02
2.360000000000000000e+02 5.020000000000000000e+02
2.370000000000000000e+02 5.020000000000000000e+02
2.370000000000000000e+02 5.020000000000000000e+02
2.380000000000000000e+02 5.020000000000000000e+02
2.380000000000000000e+02 5.020000000000000000e+02
2.380000000000000000e+02 5.020000000000000000e+02
2.380000000000000000e+02 5.020000000000000000e+02
2.380000000000000000e+02 5.020000000000000000e+02
2.380000000000000000e+02 5.020000000000000000e+02
2.380000000000000000e+02 5.000000000000000000e+02
2.390000000000000000e+02 5.010000000000000000e+02
2.380000000000000000e+02 5.020000000000000000e+02
2.390000000000000000e+02 5.020000000000000000e+02
2.380000000000000000e+02 5.020000000000000000e+02
2.380000000000000000e+02 5.020000000000000000e+02
2.390000000000000000e+02 5.020000000000000000e+02
2.390000000000000000e+02 5.020000000000000000e+02
2.380000000000000000e+02 5.020000000000000000e+02
2.380000000000000000e+02 5.020000000000000000e+02
2.380000000000000000e+02 5.020000000000000000e+02
2.360000000000000000e+02 5.010000000000000000e+02
2.370000000000000000e+02 5.010000000000000000e+02
2.380000000000000000e+02 5.000000000000000000e+02
2.370000000000000000e+02 5.000000000000000000e+02
2.380000000000000000e+02 5.010000000000000000e+02
2.380000000000000000e+02 5.000000000000000000e+02
2.390000000000000000e+02 5.010000000000000000e+02
2.380000000000000000e+02 5.010000000000000000e+02
2.380000000000000000e+02 5.020000000000000000e+02
2.380000000000000000e+02 5.020000000000000000e+02
2.390000000000000000e+02 5.030000000000000000e+02
2.390000000000000000e+02 5.030000000000000000e+02
2.400000000000000000e+02 5.040000000000000000e+02
2.400000000000000000e+02 5.040000000000000000e+02
2.400000000000000000e+02 5.040000000000000000e+02
2.400000000000000000e+02 5.040000000000000000e+02
2.400000000000000000e+02 5.040000000000000000e+02
2.410000000000000000e+02 5.030000000000000000e+02
2.400000000000000000e+02 5.030000000000000000e+02
2.400000000000000000e+02 5.020000000000000000e+02
2.390000000000000000e+02 5.030000000000000000e+02
2.400000000000000000e+02 5.030000000000000000e+02
2.400000000000000000e+02 5.040000000000000000e+02
2.390000000000000000e+02 5.040000000000000000e+02
2.390000000000000000e+02 5.050000000000000000e+02
2.400000000000000000e+02 5.050000000000000000e+02
2.400000000000000000e+02 5.050000000000000000e+02
2.410000000000000000e+02 5.050000000000000000e+02
2.410000000000000000e+02 5.060000000000000000e+02
2.410000000000000000e+02 5.060000000000000000e+02
2.420000000000000000e+02 5.060000000000000000e+02
2.400000000000000000e+02 5.060000000000000000e+02
2.390000000000000000e+02 5.060000000000000000e+02
2.390000000000000000e+02 5.050000000000000000e+02
