# frames 101, center=[240, 476], duration=[1100, 1200], video=browniano sol 2_0
2.400000000000000000e+02 4.760000000000000000e+02
2.400000000000000000e+02 4.760000000000000000e+02
2.400000000000000000e+02 4.760000000000000000e+02
2.400000000000000000e+02 4.760000000000000000e+02
2.400000000000000000e+02 4.760000000000000000e+02
2.410000000000000000e+02 4.770000000000000000e+02
2.410000000000000000e+02 4.770000000000000000e+02
2.400000000000000000e+02 4.760000000000000000e+02
2.410000000000000000e+02 4.770000000000000000e+02
2.420000000000000000e+02 4.770000000000000000e+02
2.410000000000000000e+02 4.760000000000000000e+02
2.410000000000000000e+02 4.760000000000000000e+02
2.410000000000000000e+02 4.760000000000000000e+02
2.410000000000000000e+02 4.760000000000000000e+02
2.410000000000000000e+02 4.760000000000000000e+02
2.410000000000000000e+02 4.770000000000000000e+02
2.410000000000000000e+02 4.780000000000000000e+02
2.410000000000000000e+02 4.770000000000000000e+02
2.410000000000000000e+02 4.770000000000000000e+02
2.410000000000000000e+02 4.770000000000000000e+02
2.410000000000000000e+02 4.780000000000000000e+02
2.410000000000000000e+02 4.780000000000000000e+02
2.410000000000000000e+02 4.780000000000000000e+02
2.400000000000000000e+02 4.790000000000000000e+02
2.410000000000000000e+02 4.790000000000000000e+02
2.400000000000000000e+02 4.800000000000000000e+02
2.410000000000000000e+02 4.800000000000000000e+02
2.400000000000000000e+02 4.800000000000000000e+02
2.400000000000000000e+02 4.810000000000000000e+02
2.410000000000000000e+02 4.820000000000000000e+02
2.400000000000000000e+02 4.820000000000000000e+02
2.410000000000000000e+02 4.810000000000000000e+02
2.420000000000000000e+02 4.820000000000000000e+02
2.400000000000000000e+02 4.810000000000000000e+02
2.410000000000000000e+02 4.820000000000000000e+02
2.420000000000000000e+02 4.830000000000000000e+02
2.420000000000000000e+02 4.840000000000000000e+02
2.420000000000000000e+02 4.830000000000000000e+02
2.430000000000000000e+02 4.830000000000000000e+02
2.440000000000000000e+02 4.840000000000000000e+02
2.440000000000000000e+02 4.840000000000000000e+02
2.430000000000000000e+02 4.840000000000000000e+02
2.430000000000000000e+02 4.840000000000000000e+02
2.420000000000000000e+02 4.850000000000000000e+02
2.430000000000000000e+02 4.840000000000000000e+02
2.440000000000000000e+02 4.840000000000000000e+02
2.440000000000000000e+02 4.850000000000000000e+02
2.430000000000000000e+02 4.840000000000000000e+02
2.420000000000000000e+02 4.840000000000000000e+02
2.430000000000000000e+02 4.860000000000000000e+02
2.430000000000000000e+02 4.850000000000000000e+02
2.430000000000000000e+02 4.850000000000000000e+02
2.440000000000000000e+02 4.850000000000000000e+02
2.440000000000000000e+02 4.850000000000000000e+02
2.440000000000000000e+02 4.840000000000000000e+02
2.440000000000000000e+02 4.840000000000000000e+02
2.440000000000000000e+02 4.830000000000000000e+02
2.430000000000000000e+02 4.830000000000000000e+02
2.440000000000000000e+02 4.820000000000000000e+02
2.440000000000000000e+02 4.820000000000000000e+02
2.440000000000000000e+02 4.830000000000000000e+02
2.440000000000000000e+02 4.810000000000000000e+02
2.430000000000000000e+02 4.820000000000000000e+02
2.430000000000000000e+02 4.810000000000000000e+02
2.450000000000000000e+02 4.810000000000000000e+02
2.440000000000000000e+02 4.810000000000000000e+02
2.440000000000000000e+02 4.810000000000000000e+02
2.440000000000000000e+02 4.820000000000000000e+02
2.430000000000000000e+02 4.810000000000000000e+02
2.430000000000000000e+02 4.810000000000000000e+02
2.430000000000000000e+02 4.810000000000000000e+02
2.430000000000000000e+02 4.810000000000000000e+02
2.440000000000000000e+02 4.820000000000000000e+02
2.440000000000000000e+02 4.820000000000000000e+02
2.450000000000000000e+02 4.810000000000000000e+02
2.450000000000000000e+02 4.810000000000000000e+02
2.460000000000000000e+02 4.810000000000000000e+02
2.470000000000000000e+02 4.810000000000000000e+02
2.490000000000000000e+02 4.800000000000000000e+02
2.490000000000000000e+02 4.800000000000000000e+02
2.490000000000000000e+02 4.800000000000000000e+02
2.500000000000000000e+02 4.800000000000000000e+02
2.490000000000000000e+02 4.800000000000000000e+02
2.500000000000000000e+02 4.800000000000000000e+02
2.500000000000000000e+02 4.800000000000000000e+02
2.500000000000000000e+02 4.800000000000000000e+02
2.500000000000000000e+02 4.800000000000000000e+02
2.500000000000000000e+02 4.800000000000000000e+02
2.500000000000000000e+02 4.800000000000000000e+02
2.490000000000000000e+02 4.790000000000000000e+02
2.490000000000000000e+02 4.790000000000000000e+02
2.480000000000000000e+02 4.770000000000000000e+02
2.470000000000000000e+02 4.780000000000000000e+02
2.460000000000000000e+02 4.770000000000000000e+02
2.480000000000000000e+02 4.770000000000000000e+02
2.470000000000000000e+02 4.770000000000000000e+02
2.470000000000000000e+02 4.780000000000000000e+02
2.470000000000000000e+02 4.780000000000000000e+02
2.470000000000000000e+02 4.790000000000000000e+02
2.470000000000000000e+02 4.790000000000000000e+02
2.480000000000000000e+02 4.800000000000000000e+02
