# frames 101, center=[242, 517], duration=[100, 200], video=browniano sol 2_0
2.420000000000000000e+02 5.170000000000000000e+02
2.420000000000000000e+02 5.170000000000000000e+02
2.420000000000000000e+02 5.170000000000000000e+02
2.420000000000000000e+02 5.170000000000000000e+02
2.420000000000000000e+02 5.170000000000000000e+02
2.410000000000000000e+02 5.160000000000000000e+02
2.410000000000000000e+02 5.160000000000000000e+02
2.430000000000000000e+02 5.170000000000000000e+02
2.420000000000000000e+02 5.170000000000000000e+02
2.430000000000000000e+02 5.170000000000000000e+02
2.420000000000000000e+02 5.170000000000000000e+02
2.410000000000000000e+02 5.160000000000000000e+02
2.420000000000000000e+02 5.170000000000000000e+02
2.410000000000000000e+02 5.180000000000000000e+02
2.420000000000000000e+02 5.170000000000000000e+02
2.430000000000000000e+02 5.170000000000000000e+02
2.430000000000000000e+02 5.170000000000000000e+02
2.440000000000000000e+02 5.170000000000000000e+02
2.440000000000000000e+02 5.170000000000000000e+02
2.430000000000000000e+02 5.170000000000000000e+02
2.430000000000000000e+02 5.180000000000000000e+02
2.430000000000000000e+02 5.170000000000000000e+02
2.430000000000000000e+02 5.170000000000000000e+02
2.430000000000000000e+02 5.170000000000000000e+02
2.430000000000000000e+02 5.160000000000000000e+02
2.440000000000000000e+02 5.150000000000000000e+02
2.430000000000000000e+02 5.160000000000000000e+02
2.420000000000000000e+02 5.160000000000000000e+02
2.430000000000000000e+02 5.160000000000000000e+02
2.420000000000000000e+02 5.160000000000000000e+02
2.420000000000000000e+02 5.160000000000000000e+02
2.410000000000000000e+02 5.160000000000000000e+02
2.430000000000000000e+02 5.160000000000000000e+02
2.440000000000000000e+02 5.150000000000000000e+02
2.430000000000000000e+02 5.160000000000000000e+02
2.430000000000000000e+02 5.170000000000000000e+02
2.430000000000000000e+02 5.180000000000000000e+02
2.430000000000000000e+02 5.180000000000000000e+02
2.430000000000000000e+02 5.170000000000000000e+02
2.440000000000000000e+02 5.160000000000000000e+02
2.450000000000000000e+02 5.160000000000000000e+02
2.440000000000000000e+02 5.170000000000000000e+02
2.440000000000000000e+02 5.160000000000000000e+02
2.440000000000000000e+02 5.160000000000000000e+02
2.440000000000000000e+02 5.170000000000000000e+02
2.430000000000000000e+02 5.160000000000000000e+02
2.440000000000000000e+02 5.160000000000000000e+02
2.440000000000000000e+02 5.160000000000000000e+02
2.450000000000000000e+02 5.160000000000000000e+02
2.450000000000000000e+02 5.160000000000000000e+02
2.460000000000000000e+02 5.170000000000000000e+02
2.460000000000000000e+02 5.170000000000000000e+02
2.460000000000000000e+02 5.180000000000000000e+02
2.470000000000000000e+02 5.190000000000000000e+02
2.480000000000000000e+02 5.190000000000000000e+02
2.480000000000000000e+02 5.190000000000000000e+02
2.480000000000000000e+02 5.200000000000000000e+02
2.490000000000000000e+02 5.200000000000000000e+02
2.490000000000000000e+02 5.200000000000000000e+02
2.490000000000000000e+02 5.200000000000000000e+02
2.490000000000000000e+02 5.200000000000000000e+02
2.490000000000000000e+02 5.200000000000000000e+02
2.480000000000000000e+02 5.200000000000000000e+02
2.480000000000000000e+02 5.190000000000000000e+02
2.480000000000000000e+02 5.190000000000000000e+02
2.490000000000000000e+02 5.190000000000000000e+02
2.480000000000000000e+02 5.190000000000000000e+02
2.490000000000000000e+02 5.200000000000000000e+02
2.490000000000000000e+02 5.190000000000000000e+02
2.490000000000000000e+02 5.190000000000000000e+02
2.490000000000000000e+02 5.190000000000000000e+02
2.490000000000000000e+02 5.200000000000000000e+02
2.500000000000000000e+02 5.200000000000000000e+02
2.490000000000000000e+02 5.200000000000000000e+02
2.490000000000000000e+02 5.190000000000000000e+02
2.480000000000000000e+02 5.190000000000000000e+02
2.480000000000000000e+02 5.200000000000000000e+02
2.480000000000000000e+02 5.200000000000000000e+02
2.480000000000000000e+02 5.200000000000000000e+02
2.470000000000000000e+02 5.200000000000000000e+02
2.470000000000000000e+02 5.200000000000000000e+02
2.470000000000000000e+02 5.190000000000000000e+02
2.460000000000000000e+02 5.190000000000000000e+02
2.460000000000000000e+02 5.190000000000000000e+02
2.460000000000000000e+02 5.180000000000000000e+02
2.470000000000000000e+02 5.180000000000000000e+02
2.470000000000000000e+02 5.180000000000000000e+02
2.460000000000000000e+02 5.180000000000000000e+02
2.470000000000000000e+02 5.180000000000000000e+02
2.450000000000000000e+02 5.180000000000000000e+02
2.450000000000000000e+02 5.180000000000000000e+02
2.440000000000000000e+02 5.180000000000000000e+02
2.440000000000000000e+02 5.170000000000000000e+02
2.440000000000000000e+02 5.180000000000000000e+02
2.420000000000000000e+02 5.170000000000000000e+02
2.420000000000000000e+02 5.170000000000000000e+02
2.410000000000000000e+02 5.170000000000000000e+02
2.410000000000000000e+02 5.170000000000000000e+02
2.410000000000000000e+02 5.180000000000000000e+02
2.420000000000000000e+02 5.180000000000000000e+02
2.410000000000000000e+02 5.190000000000000000e+02
