# frames 101, center=[235, 499], duration=[600, 700], video=browniano sol 2_0
2.350000000000000000e+02 4.990000000000000000e+02
2.350000000000000000e+02 4.990000000000000000e+02
2.350000000000000000e+02 4.990000000000000000e+02
2.360000000000000000e+02 4.990000000000000000e+02
2.360000000000000000e+02 4.990000000000000000e+02
2.360000000000000000e+02 4.990000000000000000e+02
2.350000000000000000e+02 4.990000000000000000e+02
2.350000000000000000e+02 5.000000000000000000e+02
2.360000000000000000e+02 5.000000000000000000e+02
2.360000000000000000e+02 5.010000000000000000e+02
2.360000000000000000e+02 5.010000000000000000e+02
2.370000000000000000e+02 5.010000000000000000e+02
2.370000000000000000e+02 5.000000000000000000e+02
2.360000000000000000e+02 4.990000000000000000e+02
2.360000000000000000e+02 5.010000000000000000e+02
2.360000000000000000e+02 5.020000000000000000e+02
2.360000000000000000e+02 5.010000000000000000e+02
2.360000000000000000e+02 5.010000000000000000e+02
2.360000000000000000e+02 5.010000000000000000e+02
2.360000000000000000e+02 5.010000000000000000e+02
2.360000000000000000e+02 5.010000000000000000e+02
2.360000000000000000e+02 5.010000000000000000e+02
2.340000000000000000e+02 5.010000000000000000e+02
2.340000000000000000e+02 5.000000000000000000e+02
2.340000000000000000e+02 5.010000000000000000e+02
2.340000000000000000e+02 5.010000000000000000e+02
2.330000000000000000e+02 5.010000000000000000e+02
2.340000000000000000e+02 5.010000000000000000e+02
2.330000000000000000e+02 5.010000000000000000e+02
2.320000000000000000e+02 5.020000000000000000e+02
2.330000000000000000e+02 5.010000000000000000e+02
2.330000000000000000e+02 5.020000000000000000e+02
2.330000000000000000e+02 5.030000000000000000e+02
2.330000000000000000e+02 5.020000000000000000e+02
2.340000000000000000e+02 5.030000000000000000e+02
2.350000000000000000e+02 5.040000000000000000e+02
2.350000000000000000e+02 5.050000000000000000e+02
2.350000000000000000e+02 5.040000000000000000e+02
2.350000000000000000e+02 5.050000000000000000e+02
2.340000000000000000e+02 5.070000000000000000e+02
2.340000000000000000e+02 5.070000000000000000e+02
2.330000000000000000e+02 5.070000000000000000e+02
2.340000000000000000e+02 5.070000000000000000e+02
2.330000000000000000e+02 5.070000000000000000e+02
2.340000000000000000e+02 5.060000000000000000e+02
2.340000000000000000e+02 5.070000000000000000e+02
2.350000000000000000e+02 5.050000000000000000e+02
2.360000000000000000e+02 5.050000000000000000e+02
2.350000000000000000e+02 5.050000000000000000e+02
2.360000000000000000e+02 5.050000000000000000e+02
2.370000000000000000e+02 5.060000000000000000e+02
2.360000000000000000e+02 5.060000000000000000e+02
2.360000000000000000e+02 5.050000000000000000e+02
2.370000000000000000e+02 5.050000000000000000e+02
2.380000000000000000e+02 5.060000000000000000e+02
2.380000000000000000e+02 5.040000000000000000e+02
2.380000000000000000e+02 5.040000000000000000e+02
2.400000000000000000e+02 5.030000000000000000e+02
2.390000000000000000e+02 5.050000000000000000e+02
2.380000000000000000e+02 5.050000000000000000e+02
2.380000000000000000e+02 5.060000000000000000e+02
2.380000000000000000e+02 5.060000000000000000e+02
2.370000000000000000e+02 5.050000000000000000e+02
2.380000000000000000e+02 5.050000000000000000e+02
2.400000000000000000e+02 5.050000000000000000e+02
2.390000000000000000e+02 5.070000000000000000e+02
2.390000000000000000e+02 5.070000000000000000e+02
2.400000000000000000e+02 5.060000000000000000e+02
2.400000000000000000e+02 5.060000000000000000e+02
2.410000000000000000e+02 5.060000000000000000e+02
2.410000000000000000e+02 5.070000000000000000e+02
2.410000000000000000e+02 5.070000000000000000e+02
2.420000000000000000e+02 5.090000000000000000e+02
2.410000000000000000e+02 5.090000000000000000e+02
2.420000000000000000e+02 5.080000000000000000e+02
2.410000000000000000e+02 5.080000000000000000e+02
2.400000000000000000e+02 5.080000000000000000e+02
2.390000000000000000e+02 5.090000000000000000e+02
2.390000000000000000e+02 5.090000000000000000e+02
2.390000000000000000e+02 5.090000000000000000e+02
2.380000000000000000e+02 5.090000000000000000e+02
2.370000000000000000e+02 5.090000000000000000e+02
2.380000000000000000e+02 5.090000000000000000e+02
2.390000000000000000e+02 5.090000000000000000e+02
2.390000000000000000e+02 5.080000000000000000e+02
2.390000000000000000e+02 5.080000000000000000e+02
2.390000000000000000e+02 5.080000000000000000e+02
2.400000000000000000e+02 5.070000000000000000e+02
2.400000000000000000e+02 5.070000000000000000e+02
2.400000000000000000e+02 5.070000000000000000e+02
2.410000000000000000e+02 5.070000000000000000e+02
2.410000000000000000e+02 5.070000000000000000e+02
2.400000000000000000e+02 5.070000000000000000e+02
2.400000000000000000e+02 5.060000000000000000e+02
2.410000000000000000e+02 5.050000000000000000e+02
2.400000000000000000e+02 5.070000000000000000e+02
2.400000000000000000e+02 5.060000000000000000e+02
2.400000000000000000e+02 5.060000000000000000e+02
2.390000000000000000e+02 5.070000000000000000e+02
2.380000000000000000e+02 5.060000000000000000e+02
2.380000000000000000e+02 5.070000000000000000e+02
