# frames 101, center=[258, 472], duration=[400, 500], video=browniano sol 2_0
2.580000000000000000e+02 4.720000000000000000e+02
2.580000000000000000e+02 4.720000000000000000e+02
2.580000000000000000e+02 4.720000000000000000e+02
2.580000000000000000e+02 4.720000000000000000e+02
2.580000000000000000e+02 4.720000000000000000e+02
2.580000000000000000e+02 4.720000000000000000e+02
2.580000000000000000e+02 4.720000000000000000e+02
2.570000000000000000e+02 4.730000000000000000e+02
2.570000000000000000e+02 4.730000000000000000e+02
2.570000000000000000e+02 4.730000000000000000e+02
2.570000000000000000e+02 4.730000000000000000e+02
2.570000000000000000e+02 4.730000000000000000e+02
2.580000000000000000e+02 4.720000000000000000e+02
2.590000000000000000e+02 4.710000000000000000e+02
2.580000000000000000e+02 4.710000000000000000e+02
2.590000000000000000e+02 4.710000000000000000e+02
2.580000000000000000e+02 4.700000000000000000e+02
2.590000000000000000e+02 4.700000000000000000e+02
2.600000000000000000e+02 4.700000000000000000e+02
2.600000000000000000e+02 4.690000000000000000e+02
2.600000000000000000e+02 4.690000000000000000e+02
2.600000000000000000e+02 4.700000000000000000e+02
2.600000000000000000e+02 4.700000000000000000e+02
2.600000000000000000e+02 4.700000000000000000e+02
2.600000000000000000e+02 4.700000000000000000e+02
2.600000000000000000e+02 4.710000000000000000e+02
2.600000000000000000e+02 4.720000000000000000e+02
2.600000000000000000e+02 4.720000000000000000e+02
2.600000000000000000e+02 4.720000000000000000e+02
2.590000000000000000e+02 4.710000000000000000e+02
2.590000000000000000e+02 4.710000000000000000e+02
2.580000000000000000e+02 4.720000000000000000e+02
2.580000000000000000e+02 4.710000000000000000e+02
2.570000000000000000e+02 4.710000000000000000e+02
2.560000000000000000e+02 4.720000000000000000e+02
2.570000000000000000e+02 4.710000000000000000e+02
2.560000000000000000e+02 4.710000000000000000e+02
2.570000000000000000e+02 4.720000000000000000e+02
2.560000000000000000e+02 4.720000000000000000e+02
2.560000000000000000e+02 4.710000000000000000e+02
2.570000000000000000e+02 4.710000000000000000e+02
2.570000000000000000e+02 4.700000000000000000e+02
2.580000000000000000e+02 4.700000000000000000e+02
2.580000000000000000e+02 4.700000000000000000e+02
2.570000000000000000e+02 4.700000000000000000e+02
2.570000000000000000e+02 4.700000000000000000e+02
2.560000000000000000e+02 4.700000000000000000e+02
2.560000000000000000e+02 4.710000000000000000e+02
2.570000000000000000e+02 4.710000000000000000e+02
2.570000000000000000e+02 4.710000000000000000e+02
2.570000000000000000e+02 4.700000000000000000e+02
2.570000000000000000e+02 4.700000000000000000e+02
2.570000000000000000e+02 4.700000000000000000e+02
2.580000000000000000e+02 4.700000000000000000e+02
2.570000000000000000e+02 4.700000000000000000e+02
2.570000000000000000e+02 4.700000000000000000e+02
2.570000000000000000e+02 4.700000000000000000e+02
2.580000000000000000e+02 4.700000000000000000e+02
2.580000000000000000e+02 4.700000000000000000e+02
2.590000000000000000e+02 4.700000000000000000e+02
2.600000000000000000e+02 4.710000000000000000e+02
2.600000000000000000e+02 4.700000000000000000e+02
2.600000000000000000e+02 4.700000000000000000e+02
2.600000000000000000e+02 4.700000000000000000e+02
2.580000000000000000e+02 4.700000000000000000e+02
2.570000000000000000e+02 4.690000000000000000e+02
2.580000000000000000e+02 4.700000000000000000e+02
2.580000000000000000e+02 4.690000000000000000e+02
2.570000000000000000e+02 4.690000000000000000e+02
2.580000000000000000e+02 4.700000000000000000e+02
2.570000000000000000e+02 4.690000000000000000e+02
2.570000000000000000e+02 4.690000000000000000e+02
2.570000000000000000e+02 4.690000000000000000e+02
2.560000000000000000e+02 4.690000000000000000e+02
2.560000000000000000e+02 4.700000000000000000e+02
2.550000000000000000e+02 4.700000000000000000e+02
2.560000000000000000e+02 4.700000000000000000e+02
2.560000000000000000e+02 4.700000000000000000e+02
2.560000000000000000e+02 4.700000000000000000e+02
2.570000000000000000e+02 4.690000000000000000e+02
2.550000000000000000e+02 4.690000000000000000e+02
2.540000000000000000e+02 4.690000000000000000e+02
2.540000000000000000e+02 4.690000000000000000e+02
2.540000000000000000e+02 4.670000000000000000e+02
2.540000000000000000e+02 4.670000000000000000e+02
2.540000000000000000e+02 4.670000000000000000e+02
2.540000000000000000e+02 4.670000000000000000e+02
2.530000000000000000e+02 4.690000000000000000e+02
2.530000000000000000e+02 4.670000000000000000e+02
2.530000000000000000e+02 4.680000000000000000e+02
2.520000000000000000e+02 4.680000000000000000e+02
2.520000000000000000e+02 4.690000000000000000e+02
2.530000000000000000e+02 4.690000000000000000e+02
2.520000000000000000e+02 4.680000000000000000e+02
2.530000000000000000e+02 4.680000000000000000e+02
2.520000000000000000e+02 4.680000000000000000e+02
2.530000000000000000e+02 4.670000000000000000e+02
2.530000000000000000e+02 4.670000000000000000e+02
2.520000000000000000e+02 4.680000000000000000e+02
2.520000000000000000e+02 4.680000000000000000e+02
2.510000000000000000e+02 4.670000000000000000e+02
