# frames 101, center=[268, 479], duration=[800, 900], video=browniano sol 2_0
2.680000000000000000e+02 4.790000000000000000e+02
2.680000000000000000e+02 4.790000000000000000e+02
2.680000000000000000e+02 4.790000000000000000e+02
2.690000000000000000e+02 4.790000000000000000e+02
2.690000000000000000e+02 4.790000000000000000e+02
2.690000000000000000e+02 4.800000000000000000e+02
2.700000000000000000e+02 4.790000000000000000e+02
2.690000000000000000e+02 4.780000000000000000e+02
2.700000000000000000e+02 4.780000000000000000e+02
2.700000000000000000e+02 4.790000000000000000e+02
2.710000000000000000e+02 4.790000000000000000e+02
2.710000000000000000e+02 4.790000000000000000e+02
2.720000000000000000e+02 4.790000000000000000e+02
2.720000000000000000e+02 4.790000000000000000e+02
2.700000000000000000e+02 4.790000000000000000e+02
2.710000000000000000e+02 4.780000000000000000e+02
2.720000000000000000e+02 4.770000000000000000e+02
2.730000000000000000e+02 4.760000000000000000e+02
2.730000000000000000e+02 4.750000000000000000e+02
2.730000000000000000e+02 4.750000000000000000e+02
2.740000000000000000e+02 4.750000000000000000e+02
2.730000000000000000e+02 4.760000000000000000e+02
2.740000000000000000e+02 4.770000000000000000e+02
2.740000000000000000e+02 4.760000000000000000e+02
2.730000000000000000e+02 4.760000000000000000e+02
2.730000000000000000e+02 4.750000000000000000e+02
2.720000000000000000e+02 4.750000000000000000e+02
2.710000000000000000e+02 4.740000000000000000e+02
2.720000000000000000e+02 4.740000000000000000e+02
2.720000000000000000e+02 4.740000000000000000e+02
2.720000000000000000e+02 4.740000000000000000e+02
2.720000000000000000e+02 4.740000000000000000e+02
2.730000000000000000e+02 4.740000000000000000e+02
2.720000000000000000e+02 4.750000000000000000e+02
2.710000000000000000e+02 4.740000000000000000e+02
2.710000000000000000e+02 4.740000000000000000e+02
2.710000000000000000e+02 4.740000000000000000e+02
2.700000000000000000e+02 4.730000000000000000e+02
2.700000000000000000e+02 4.730000000000000000e+02
2.700000000000000000e+02 4.730000000000000000e+02
2.710000000000000000e+02 4.730000000000000000e+02
2.700000000000000000e+02 4.730000000000000000e+02
2.700000000000000000e+02 4.720000000000000000e+02
2.690000000000000000e+02 4.720000000000000000e+02
2.680000000000000000e+02 4.720000000000000000e+02
2.690000000000000000e+02 4.710000000000000000e+02
2.690000000000000000e+02 4.710000000000000000e+02
2.680000000000000000e+02 4.710000000000000000e+02
2.680000000000000000e+02 4.710000000000000000e+02
2.670000000000000000e+02 4.700000000000000000e+02
2.680000000000000000e+02 4.700000000000000000e+02
2.670000000000000000e+02 4.700000000000000000e+02
2.680000000000000000e+02 4.700000000000000000e+02
2.670000000000000000e+02 4.700000000000000000e+02
2.680000000000000000e+02 4.700000000000000000e+02
2.680000000000000000e+02 4.700000000000000000e+02
2.680000000000000000e+02 4.700000000000000000e+02
2.690000000000000000e+02 4.690000000000000000e+02
2.680000000000000000e+02 4.690000000000000000e+02
2.690000000000000000e+02 4.690000000000000000e+02
2.680000000000000000e+02 4.690000000000000000e+02
2.680000000000000000e+02 4.690000000000000000e+02
2.680000000000000000e+02 4.690000000000000000e+02
2.670000000000000000e+02 4.680000000000000000e+02
2.670000000000000000e+02 4.680000000000000000e+02
2.670000000000000000e+02 4.680000000000000000e+02
2.660000000000000000e+02 4.680000000000000000e+02
2.650000000000000000e+02 4.680000000000000000e+02
2.660000000000000000e+02 4.670000000000000000e+02
2.660000000000000000e+02 4.670000000000000000e+02
2.650000000000000000e+02 4.670000000000000000e+02
2.650000000000000000e+02 4.680000000000000000e+02
2.660000000000000000e+02 4.670000000000000000e+02
2.680000000000000000e+02 4.680000000000000000e+02
2.680000000000000000e+02 4.680000000000000000e+02
2.680000000000000000e+02 4.690000000000000000e+02
2.680000000000000000e+02 4.690000000000000000e+02
2.690000000000000000e+02 4.690000000000000000e+02
2.700000000000000000e+02 4.690000000000000000e+02
2.700000000000000000e+02 4.690000000000000000e+02
2.710000000000000000e+02 4.690000000000000000e+02
2.710000000000000000e+02 4.700000000000000000e+02
2.720000000000000000e+02 4.700000000000000000e+02
2.710000000000000000e+02 4.700000000000000000e+02
2.720000000000000000e+02 4.700000000000000000e+02
2.710000000000000000e+02 4.690000000000000000e+02
2.710000000000000000e+02 4.690000000000000000e+02
2.710000000000000000e+02 4.690000000000000000e+02
2.720000000000000000e+02 4.690000000000000000e+02
2.730000000000000000e+02 4.690000000000000000e+02
2.730000000000000000e+02 4.690000000000000000e+02
2.730000000000000000e+02 4.690000000000000000e+02
2.740000000000000000e+02 4.680000000000000000e+02
2.740000000000000000e+02 4.680000000000000000e+02
2.740000000000000000e+02 4.680000000000000000e+02
2.740000000000000000e+02 4.680000000000000000e+02
2.750000000000000000e+02 4.680000000000000000e+02
2.750000000000000000e+02 4.670000000000000000e+02
2.750000000000000000e+02 4.670000000000000000e+02
2.750000000000000000e+02 4.680000000000000000e+02
2.740000000000000000e+02 4.680000000000000000e+02
