# frames 101, center=[259, 471], duration=[700, 800], video=browniano sol 2_0
2.590000000000000000e+02 4.710000000000000000e+02
2.590000000000000000e+02 4.710000000000000000e+02
2.590000000000000000e+02 4.710000000000000000e+02
2.590000000000000000e+02 4.710000000000000000e+02
2.590000000000000000e+02 4.710000000000000000e+02
2.590000000000000000e+02 4.710000000000000000e+02
2.600000000000000000e+02 4.700000000000000000e+02
2.610000000000000000e+02 4.700000000000000000e+02
2.620000000000000000e+02 4.700000000000000000e+02
2.620000000000000000e+02 4.690000000000000000e+02
2.620000000000000000e+02 4.690000000000000000e+02
2.610000000000000000e+02 4.690000000000000000e+02
2.610000000000000000e+02 4.690000000000000000e+02
2.610000000000000000e+02 4.690000000000000000e+02
2.600000000000000000e+02 4.680000000000000000e+02
2.590000000000000000e+02 4.690000000000000000e+02
2.600000000000000000e+02 4.680000000000000000e+02
2.600000000000000000e+02 4.690000000000000000e+02
2.600000000000000000e+02 4.700000000000000000e+02
2.590000000000000000e+02 4.690000000000000000e+02
2.590000000000000000e+02 4.700000000000000000e+02
2.590000000000000000e+02 4.700000000000000000e+02
2.590000000000000000e+02 4.690000000000000000e+02
2.600000000000000000e+02 4.690000000000000000e+02
2.600000000000000000e+02 4.700000000000000000e+02
2.590000000000000000e+02 4.700000000000000000e+02
2.590000000000000000e+02 4.700000000000000000e+02
2.590000000000000000e+02 4.710000000000000000e+02
2.590000000000000000e+02 4.710000000000000000e+02
2.590000000000000000e+02 4.720000000000000000e+02
2.580000000000000000e+02 4.720000000000000000e+02
2.590000000000000000e+02 4.720000000000000000e+02
2.570000000000000000e+02 4.720000000000000000e+02
2.580000000000000000e+02 4.720000000000000000e+02
2.570000000000000000e+02 4.730000000000000000e+02
2.580000000000000000e+02 4.730000000000000000e+02
2.570000000000000000e+02 4.730000000000000000e+02
2.580000000000000000e+02 4.720000000000000000e+02
2.580000000000000000e+02 4.730000000000000000e+02
2.590000000000000000e+02 4.730000000000000000e+02
2.580000000000000000e+02 4.720000000000000000e+02
2.580000000000000000e+02 4.730000000000000000e+02
2.580000000000000000e+02 4.730000000000000000e+02
2.570000000000000000e+02 4.730000000000000000e+02
2.580000000000000000e+02 4.740000000000000000e+02
2.590000000000000000e+02 4.730000000000000000e+02
2.580000000000000000e+02 4.740000000000000000e+02
2.580000000000000000e+02 4.740000000000000000e+02
2.580000000000000000e+02 4.740000000000000000e+02
2.580000000000000000e+02 4.740000000000000000e+02
2.570000000000000000e+02 4.730000000000000000e+02
2.580000000000000000e+02 4.730000000000000000e+02
2.570000000000000000e+02 4.730000000000000000e+02
2.580000000000000000e+02 4.720000000000000000e+02
2.580000000000000000e+02 4.730000000000000000e+02
2.590000000000000000e+02 4.730000000000000000e+02
2.590000000000000000e+02 4.730000000000000000e+02
2.600000000000000000e+02 4.740000000000000000e+02
2.610000000000000000e+02 4.750000000000000000e+02
2.630000000000000000e+02 4.750000000000000000e+02
2.630000000000000000e+02 4.750000000000000000e+02
2.640000000000000000e+02 4.760000000000000000e+02
2.640000000000000000e+02 4.740000000000000000e+02
2.650000000000000000e+02 4.740000000000000000e+02
2.660000000000000000e+02 4.750000000000000000e+02
2.660000000000000000e+02 4.740000000000000000e+02
2.670000000000000000e+02 4.740000000000000000e+02
2.660000000000000000e+02 4.750000000000000000e+02
2.660000000000000000e+02 4.740000000000000000e+02
2.640000000000000000e+02 4.750000000000000000e+02
2.650000000000000000e+02 4.750000000000000000e+02
2.660000000000000000e+02 4.760000000000000000e+02
2.660000000000000000e+02 4.760000000000000000e+02
2.660000000000000000e+02 4.750000000000000000e+02
2.680000000000000000e+02 4.740000000000000000e+02
2.670000000000000000e+02 4.750000000000000000e+02
2.660000000000000000e+02 4.740000000000000000e+02
2.650000000000000000e+02 4.740000000000000000e+02
2.650000000000000000e+02 4.750000000000000000e+02
2.660000000000000000e+02 4.750000000000000000e+02
2.660000000000000000e+02 4.750000000000000000e+02
2.670000000000000000e+02 4.750000000000000000e+02
2.660000000000000000e+02 4.740000000000000000e+02
2.660000000000000000e+02 4.740000000000000000e+02
2.650000000000000000e+02 4.740000000000000000e+02
2.650000000000000000e+02 4.740000000000000000e+02
2.650000000000000000e+02 4.740000000000000000e+02
2.650000000000000000e+02 4.740000000000000000e+02
2.650000000000000000e+02 4.740000000000000000e+02
2.660000000000000000e+02 4.740000000000000000e+02
2.650000000000000000e+02 4.740000000000000000e+02
2.660000000000000000e+02 4.740000000000000000e+02
2.650000000000000000e+02 4.730000000000000000e+02
2.650000000000000000e+02 4.750000000000000000e+02
2.660000000000000000e+02 4.750000000000000000e+02
2.650000000000000000e+02 4.750000000000000000e+02
2.660000000000000000e+02 4.740000000000000000e+02
2.670000000000000000e+02 4.750000000000000000e+02
2.660000000000000000e+02 4.750000000000000000e+02
2.670000000000000000e+02 4.750000000000000000e+02
2.670000000000000000e+02 4.750000000000000000e+02
