# frames 101, center=[259, 477], duration=[0, 100], video=browniano sol 2_0
2.590000000000000000e+02 4.770000000000000000e+02
2.590000000000000000e+02 4.770000000000000000e+02
2.590000000000000000e+02 4.770000000000000000e+02
2.600000000000000000e+02 4.780000000000000000e+02
2.590000000000000000e+02 4.770000000000000000e+02
2.600000000000000000e+02 4.760000000000000000e+02
2.600000000000000000e+02 4.750000000000000000e+02
2.580000000000000000e+02 4.750000000000000000e+02
2.580000000000000000e+02 4.760000000000000000e+02
2.590000000000000000e+02 4.770000000000000000e+02
2.580000000000000000e+02 4.770000000000000000e+02
2.590000000000000000e+02 4.760000000000000000e+02
2.610000000000000000e+02 4.770000000000000000e+02
2.610000000000000000e+02 4.770000000000000000e+02
2.610000000000000000e+02 4.770000000000000000e+02
2.610000000000000000e+02 4.770000000000000000e+02
2.600000000000000000e+02 4.770000000000000000e+02
2.600000000000000000e+02 4.780000000000000000e+02
2.600000000000000000e+02 4.780000000000000000e+02
2.590000000000000000e+02 4.770000000000000000e+02
2.600000000000000000e+02 4.770000000000000000e+02
2.610000000000000000e+02 4.780000000000000000e+02
2.610000000000000000e+02 4.770000000000000000e+02
2.600000000000000000e+02 4.770000000000000000e+02
2.600000000000000000e+02 4.770000000000000000e+02
2.600000000000000000e+02 4.780000000000000000e+02
2.590000000000000000e+02 4.790000000000000000e+02
2.590000000000000000e+02 4.780000000000000000e+02
2.590000000000000000e+02 4.770000000000000000e+02
2.580000000000000000e+02 4.770000000000000000e+02
2.590000000000000000e+02 4.760000000000000000e+02
2.590000000000000000e+02 4.760000000000000000e+02
2.590000000000000000e+02 4.760000000000000000e+02
2.600000000000000000e+02 4.750000000000000000e+02
2.590000000000000000e+02 4.750000000000000000e+02
2.590000000000000000e+02 4.750000000000000000e+02
2.590000000000000000e+02 4.760000000000000000e+02
2.590000000000000000e+02 4.770000000000000000e+02
2.590000000000000000e+02 4.770000000000000000e+02
2.600000000000000000e+02 4.770000000000000000e+02
2.600000000000000000e+02 4.770000000000000000e+02
2.590000000000000000e+02 4.770000000000000000e+02
2.590000000000000000e+02 4.760000000000000000e+02
2.590000000000000000e+02 4.750000000000000000e+02
2.610000000000000000e+02 4.750000000000000000e+02
2.620000000000000000e+02 4.760000000000000000e+02
2.620000000000000000e+02 4.760000000000000000e+02
2.620000000000000000e+02 4.760000000000000000e+02
2.610000000000000000e+02 4.760000000000000000e+02
2.610000000000000000e+02 4.770000000000000000e+02
2.610000000000000000e+02 4.770000000000000000e+02
2.600000000000000000e+02 4.770000000000000000e+02
2.600000000000000000e+02 4.760000000000000000e+02
2.590000000000000000e+02 4.760000000000000000e+02
2.600000000000000000e+02 4.760000000000000000e+02
2.590000000000000000e+02 4.750000000000000000e+02
2.590000000000000000e+02 4.750000000000000000e+02
2.600000000000000000e+02 4.750000000000000000e+02
2.600000000000000000e+02 4.760000000000000000e+02
2.590000000000000000e+02 4.770000000000000000e+02
2.590000000000000000e+02 4.770000000000000000e+02
2.580000000000000000e+02 4.770000000000000000e+02
2.590000000000000000e+02 4.770000000000000000e+02
2.590000000000000000e+02 4.770000000000000000e+02
2.590000000000000000e+02 4.780000000000000000e+02
2.590000000000000000e+02 4.770000000000000000e+02
2.600000000000000000e+02 4.760000000000000000e+02
2.600000000000000000e+02 4.770000000000000000e+02
2.590000000000000000e+02 4.760000000000000000e+02
2.600000000000000000e+02 4.760000000000000000e+02
2.590000000000000000e+02 4.760000000000000000e+02
2.580000000000000000e+02 4.760000000000000000e+02
2.590000000000000000e+02 4.750000000000000000e+02
2.590000000000000000e+02 4.750000000000000000e+02
2.590000000000000000e+02 4.750000000000000000e+02
2.580000000000000000e+02 4.750000000000000000e+02
2.590000000000000000e+02 4.750000000000000000e+02
2.590000000000000000e+02 4.760000000000000000e+02
2.580000000000000000e+02 4.740000000000000000e+02
2.560000000000000000e+02 4.740000000000000000e+02
2.570000000000000000e+02 4.740000000000000000e+02
2.570000000000000000e+02 4.740000000000000000e+02
2.570000000000000000e+02 4.750000000000000000e+02
2.570000000000000000e+02 4.740000000000000000e+02
2.570000000000000000e+02 4.730000000000000000e+02
2.580000000000000000e+02 4.730000000000000000e+02
2.580000000000000000e+02 4.740000000000000000e+02
2.580000000000000000e+02 4.740000000000000000e+02
2.590000000000000000e+02 4.730000000000000000e+02
2.590000000000000000e+02 4.740000000000000000e+02
2.600000000000000000e+02 4.740000000000000000e+02
2.590000000000000000e+02 4.730000000000000000e+02
2.580000000000000000e+02 4.740000000000000000e+02
2.590000000000000000e+02 4.730000000000000000e+02
2.600000000000000000e+02 4.740000000000000000e+02
2.600000000000000000e+02 4.740000000000000000e+02
2.600000000000000000e+02 4.740000000000000000e+02
2.600000000000000000e+02 4.740000000000000000e+02
2.590000000000000000e+02 4.730000000000000000e+02
2.580000000000000000e+02 4.730000000000000000e+02
2.580000000000000000e+02 4.730000000000000000e+02
