# frames 101, center=[281, 469], duration=[1100, 1200], video=browniano sol 2_0
2.810000000000000000e+02 4.690000000000000000e+02
2.810000000000000000e+02 4.690000000000000000e+02
2.810000000000000000e+02 4.690000000000000000e+02
2.800000000000000000e+02 4.680000000000000000e+02
2.810000000000000000e+02 4.670000000000000000e+02
2.810000000000000000e+02 4.670000000000000000e+02
2.820000000000000000e+02 4.660000000000000000e+02
2.820000000000000000e+02 4.660000000000000000e+02
2.820000000000000000e+02 4.660000000000000000e+02
2.820000000000000000e+02 4.650000000000000000e+02
2.810000000000000000e+02 4.650000000000000000e+02
2.810000000000000000e+02 4.660000000000000000e+02
2.800000000000000000e+02 4.650000000000000000e+02
2.800000000000000000e+02 4.640000000000000000e+02
2.800000000000000000e+02 4.650000000000000000e+02
2.800000000000000000e+02 4.660000000000000000e+02
2.790000000000000000e+02 4.660000000000000000e+02
2.790000000000000000e+02 4.650000000000000000e+02
2.800000000000000000e+02 4.650000000000000000e+02
2.800000000000000000e+02 4.660000000000000000e+02
2.790000000000000000e+02 4.660000000000000000e+02
2.790000000000000000e+02 4.660000000000000000e+02
2.790000000000000000e+02 4.660000000000000000e+02
2.790000000000000000e+02 4.650000000000000000e+02
2.790000000000000000e+02 4.640000000000000000e+02
2.780000000000000000e+02 4.640000000000000000e+02
2.780000000000000000e+02 4.640000000000000000e+02
2.780000000000000000e+02 4.640000000000000000e+02
2.780000000000000000e+02 4.640000000000000000e+02
2.770000000000000000e+02 4.640000000000000000e+02
2.780000000000000000e+02 4.640000000000000000e+02
2.770000000000000000e+02 4.650000000000000000e+02
2.780000000000000000e+02 4.660000000000000000e+02
2.780000000000000000e+02 4.650000000000000000e+02
2.780000000000000000e+02 4.660000000000000000e+02
2.770000000000000000e+02 4.660000000000000000e+02
2.770000000000000000e+02 4.660000000000000000e+02
2.770000000000000000e+02 4.670000000000000000e+02
2.770000000000000000e+02 4.660000000000000000e+02
2.770000000000000000e+02 4.670000000000000000e+02
2.770000000000000000e+02 4.660000000000000000e+02
2.770000000000000000e+02 4.670000000000000000e+02
2.770000000000000000e+02 4.670000000000000000e+02
2.770000000000000000e+02 4.670000000000000000e+02
2.780000000000000000e+02 4.660000000000000000e+02
2.770000000000000000e+02 4.650000000000000000e+02
2.770000000000000000e+02 4.650000000000000000e+02
2.760000000000000000e+02 4.640000000000000000e+02
2.760000000000000000e+02 4.650000000000000000e+02
2.760000000000000000e+02 4.650000000000000000e+02
2.760000000000000000e+02 4.650000000000000000e+02
2.750000000000000000e+02 4.650000000000000000e+02
2.770000000000000000e+02 4.630000000000000000e+02
2.760000000000000000e+02 4.640000000000000000e+02
2.760000000000000000e+02 4.630000000000000000e+02
2.770000000000000000e+02 4.630000000000000000e+02
2.770000000000000000e+02 4.630000000000000000e+02
2.760000000000000000e+02 4.630000000000000000e+02
2.750000000000000000e+02 4.620000000000000000e+02
2.760000000000000000e+02 4.630000000000000000e+02
2.760000000000000000e+02 4.640000000000000000e+02
2.750000000000000000e+02 4.650000000000000000e+02
2.760000000000000000e+02 4.650000000000000000e+02
2.750000000000000000e+02 4.660000000000000000e+02
2.770000000000000000e+02 4.650000000000000000e+02
2.760000000000000000e+02 4.650000000000000000e+02
2.760000000000000000e+02 4.660000000000000000e+02
2.750000000000000000e+02 4.650000000000000000e+02
2.760000000000000000e+02 4.640000000000000000e+02
2.760000000000000000e+02 4.650000000000000000e+02
2.760000000000000000e+02 4.650000000000000000e+02
2.770000000000000000e+02 4.650000000000000000e+02
2.770000000000000000e+02 4.650000000000000000e+02
2.770000000000000000e+02 4.650000000000000000e+02
2.770000000000000000e+02 4.650000000000000000e+02
2.760000000000000000e+02 4.670000000000000000e+02
2.760000000000000000e+02 4.660000000000000000e+02
2.760000000000000000e+02 4.660000000000000000e+02
2.770000000000000000e+02 4.670000000000000000e+02
2.770000000000000000e+02 4.670000000000000000e+02
2.760000000000000000e+02 4.660000000000000000e+02
2.770000000000000000e+02 4.660000000000000000e+02
2.770000000000000000e+02 4.670000000000000000e+02
2.780000000000000000e+02 4.660000000000000000e+02
2.780000000000000000e+02 4.660000000000000000e+02
2.790000000000000000e+02 4.670000000000000000e+02
2.790000000000000000e+02 4.670000000000000000e+02
2.780000000000000000e+02 4.670000000000000000e+02
2.780000000000000000e+02 4.680000000000000000e+02
2.780000000000000000e+02 4.680000000000000000e+02
2.780000000000000000e+02 4.690000000000000000e+02
2.770000000000000000e+02 4.670000000000000000e+02
2.770000000000000000e+02 4.690000000000000000e+02
2.760000000000000000e+02 4.690000000000000000e+02
2.770000000000000000e+02 4.690000000000000000e+02
2.770000000000000000e+02 4.690000000000000000e+02
2.770000000000000000e+02 4.690000000000000000e+02
2.770000000000000000e+02 4.690000000000000000e+02
2.770000000000000000e+02 4.700000000000000000e+02
2.770000000000000000e+02 4.700000000000000000e+02
2.770000000000000000e+02 4.700000000000000000e+02
