# frames 101, center=[279, 470], duration=[1000, 1100], video=browniano sol 2_0
2.790000000000000000e+02 4.700000000000000000e+02
2.790000000000000000e+02 4.700000000000000000e+02
2.790000000000000000e+02 4.700000000000000000e+02
2.800000000000000000e+02 4.710000000000000000e+02
2.800000000000000000e+02 4.710000000000000000e+02
2.810000000000000000e+02 4.700000000000000000e+02
2.810000000000000000e+02 4.700000000000000000e+02
2.800000000000000000e+02 4.710000000000000000e+02
2.790000000000000000e+02 4.700000000000000000e+02
2.800000000000000000e+02 4.710000000000000000e+02
2.800000000000000000e+02 4.710000000000000000e+02
2.810000000000000000e+02 4.720000000000000000e+02
2.810000000000000000e+02 4.720000000000000000e+02
2.810000000000000000e+02 4.720000000000000000e+02
2.810000000000000000e+02 4.730000000000000000e+02
2.810000000000000000e+02 4.720000000000000000e+02
2.790000000000000000e+02 4.720000000000000000e+02
2.790000000000000000e+02 4.730000000000000000e+02
2.790000000000000000e+02 4.730000000000000000e+02
2.790000000000000000e+02 4.730000000000000000e+02
2.800000000000000000e+02 4.730000000000000000e+02
2.790000000000000000e+02 4.730000000000000000e+02
2.800000000000000000e+02 4.740000000000000000e+02
2.800000000000000000e+02 4.730000000000000000e+02
2.800000000000000000e+02 4.730000000000000000e+02
2.800000000000000000e+02 4.730000000000000000e+02
2.790000000000000000e+02 4.730000000000000000e+02
2.790000000000000000e+02 4.710000000000000000e+02
2.780000000000000000e+02 4.710000000000000000e+02
2.780000000000000000e+02 4.710000000000000000e+02
2.780000000000000000e+02 4.700000000000000000e+02
2.780000000000000000e+02 4.690000000000000000e+02
2.780000000000000000e+02 4.690000000000000000e+02
2.780000000000000000e+02 4.690000000000000000e+02
2.790000000000000000e+02 4.680000000000000000e+02
2.800000000000000000e+02 4.690000000000000000e+02
2.800000000000000000e+02 4.680000000000000000e+02
2.800000000000000000e+02 4.680000000000000000e+02
2.800000000000000000e+02 4.680000000000000000e+02
2.800000000000000000e+02 4.680000000000000000e+02
2.800000000000000000e+02 4.690000000000000000e+02
2.800000000000000000e+02 4.690000000000000000e+02
2.800000000000000000e+02 4.670000000000000000e+02
2.810000000000000000e+02 4.670000000000000000e+02
2.810000000000000000e+02 4.680000000000000000e+02
2.820000000000000000e+02 4.670000000000000000e+02
2.820000000000000000e+02 4.680000000000000000e+02
2.830000000000000000e+02 4.680000000000000000e+02
2.830000000000000000e+02 4.680000000000000000e+02
2.840000000000000000e+02 4.680000000000000000e+02
2.850000000000000000e+02 4.690000000000000000e+02
2.840000000000000000e+02 4.670000000000000000e+02
2.850000000000000000e+02 4.670000000000000000e+02
2.840000000000000000e+02 4.670000000000000000e+02
2.850000000000000000e+02 4.670000000000000000e+02
2.850000000000000000e+02 4.680000000000000000e+02
2.840000000000000000e+02 4.670000000000000000e+02
2.840000000000000000e+02 4.670000000000000000e+02
2.840000000000000000e+02 4.670000000000000000e+02
2.830000000000000000e+02 4.680000000000000000e+02
2.840000000000000000e+02 4.690000000000000000e+02
2.830000000000000000e+02 4.680000000000000000e+02
2.820000000000000000e+02 4.690000000000000000e+02
2.820000000000000000e+02 4.700000000000000000e+02
2.820000000000000000e+02 4.700000000000000000e+02
2.830000000000000000e+02 4.710000000000000000e+02
2.820000000000000000e+02 4.710000000000000000e+02
2.820000000000000000e+02 4.720000000000000000e+02
2.820000000000000000e+02 4.730000000000000000e+02
2.830000000000000000e+02 4.720000000000000000e+02
2.830000000000000000e+02 4.730000000000000000e+02
2.830000000000000000e+02 4.720000000000000000e+02
2.830000000000000000e+02 4.720000000000000000e+02
2.840000000000000000e+02 4.730000000000000000e+02
2.850000000000000000e+02 4.720000000000000000e+02
2.850000000000000000e+02 4.710000000000000000e+02
2.850000000000000000e+02 4.720000000000000000e+02
2.850000000000000000e+02 4.720000000000000000e+02
2.850000000000000000e+02 4.710000000000000000e+02
2.840000000000000000e+02 4.700000000000000000e+02
2.850000000000000000e+02 4.700000000000000000e+02
2.840000000000000000e+02 4.710000000000000000e+02
2.840000000000000000e+02 4.710000000000000000e+02
2.860000000000000000e+02 4.710000000000000000e+02
2.860000000000000000e+02 4.720000000000000000e+02
2.860000000000000000e+02 4.700000000000000000e+02
2.860000000000000000e+02 4.710000000000000000e+02
2.860000000000000000e+02 4.700000000000000000e+02
2.870000000000000000e+02 4.700000000000000000e+02
2.880000000000000000e+02 4.700000000000000000e+02
2.880000000000000000e+02 4.700000000000000000e+02
2.870000000000000000e+02 4.700000000000000000e+02
2.880000000000000000e+02 4.690000000000000000e+02
2.870000000000000000e+02 4.690000000000000000e+02
2.860000000000000000e+02 4.690000000000000000e+02
2.850000000000000000e+02 4.680000000000000000e+02
2.850000000000000000e+02 4.680000000000000000e+02
2.850000000000000000e+02 4.690000000000000000e+02
2.840000000000000000e+02 4.680000000000000000e+02
2.830000000000000000e+02 4.680000000000000000e+02
2.830000000000000000e+02 4.680000000000000000e+02
