# frames 101, center=[261, 472], duration=[600, 700], video=browniano sol 2_0
2.610000000000000000e+02 4.720000000000000000e+02
2.610000000000000000e+02 4.720000000000000000e+02
2.610000000000000000e+02 4.720000000000000000e+02
2.610000000000000000e+02 4.710000000000000000e+02
2.620000000000000000e+02 4.710000000000000000e+02
2.610000000000000000e+02 4.710000000000000000e+02
2.600000000000000000e+02 4.710000000000000000e+02
2.610000000000000000e+02 4.720000000000000000e+02
2.610000000000000000e+02 4.710000000000000000e+02
2.600000000000000000e+02 4.720000000000000000e+02
2.600000000000000000e+02 4.710000000000000000e+02
2.610000000000000000e+02 4.720000000000000000e+02
2.610000000000000000e+02 4.710000000000000000e+02
2.610000000000000000e+02 4.700000000000000000e+02
2.610000000000000000e+02 4.700000000000000000e+02
2.610000000000000000e+02 4.700000000000000000e+02
2.610000000000000000e+02 4.700000000000000000e+02
2.610000000000000000e+02 4.700000000000000000e+02
2.610000000000000000e+02 4.710000000000000000e+02
2.610000000000000000e+02 4.720000000000000000e+02
2.610000000000000000e+02 4.720000000000000000e+02
2.630000000000000000e+02 4.730000000000000000e+02
2.610000000000000000e+02 4.730000000000000000e+02
2.610000000000000000e+02 4.730000000000000000e+02
2.610000000000000000e+02 4.730000000000000000e+02
2.610000000000000000e+02 4.740000000000000000e+02
2.610000000000000000e+02 4.740000000000000000e+02
2.610000000000000000e+02 4.740000000000000000e+02
2.600000000000000000e+02 4.730000000000000000e+02
2.590000000000000000e+02 4.740000000000000000e+02
2.590000000000000000e+02 4.730000000000000000e+02
2.590000000000000000e+02 4.740000000000000000e+02
2.590000000000000000e+02 4.740000000000000000e+02
2.590000000000000000e+02 4.730000000000000000e+02
2.590000000000000000e+02 4.740000000000000000e+02
2.590000000000000000e+02 4.740000000000000000e+02
2.580000000000000000e+02 4.730000000000000000e+02
2.590000000000000000e+02 4.730000000000000000e+02
2.580000000000000000e+02 4.730000000000000000e+02
2.580000000000000000e+02 4.750000000000000000e+02
2.570000000000000000e+02 4.750000000000000000e+02
2.570000000000000000e+02 4.750000000000000000e+02
2.570000000000000000e+02 4.750000000000000000e+02
2.580000000000000000e+02 4.750000000000000000e+02
2.590000000000000000e+02 4.750000000000000000e+02
2.590000000000000000e+02 4.730000000000000000e+02
2.580000000000000000e+02 4.720000000000000000e+02
2.580000000000000000e+02 4.720000000000000000e+02
2.570000000000000000e+02 4.710000000000000000e+02
2.570000000000000000e+02 4.710000000000000000e+02
2.580000000000000000e+02 4.710000000000000000e+02
2.570000000000000000e+02 4.710000000000000000e+02
2.570000000000000000e+02 4.720000000000000000e+02
2.570000000000000000e+02 4.720000000000000000e+02
2.560000000000000000e+02 4.720000000000000000e+02
2.570000000000000000e+02 4.710000000000000000e+02
2.560000000000000000e+02 4.710000000000000000e+02
2.570000000000000000e+02 4.720000000000000000e+02
2.560000000000000000e+02 4.730000000000000000e+02
2.560000000000000000e+02 4.730000000000000000e+02
2.560000000000000000e+02 4.730000000000000000e+02
2.560000000000000000e+02 4.730000000000000000e+02
2.550000000000000000e+02 4.740000000000000000e+02
2.550000000000000000e+02 4.730000000000000000e+02
2.560000000000000000e+02 4.730000000000000000e+02
2.560000000000000000e+02 4.730000000000000000e+02
2.570000000000000000e+02 4.740000000000000000e+02
2.560000000000000000e+02 4.740000000000000000e+02
2.570000000000000000e+02 4.740000000000000000e+02
2.570000000000000000e+02 4.740000000000000000e+02
2.570000000000000000e+02 4.740000000000000000e+02
2.570000000000000000e+02 4.740000000000000000e+02
2.560000000000000000e+02 4.750000000000000000e+02
2.560000000000000000e+02 4.750000000000000000e+02
2.570000000000000000e+02 4.740000000000000000e+02
2.560000000000000000e+02 4.730000000000000000e+02
2.570000000000000000e+02 4.730000000000000000e+02
2.570000000000000000e+02 4.740000000000000000e+02
2.570000000000000000e+02 4.740000000000000000e+02
2.580000000000000000e+02 4.730000000000000000e+02
2.580000000000000000e+02 4.730000000000000000e+02
2.580000000000000000e+02 4.740000000000000000e+02
2.590000000000000000e+02 4.730000000000000000e+02
2.590000000000000000e+02 4.730000000000000000e+02
2.600000000000000000e+02 4.730000000000000000e+02
2.600000000000000000e+02 4.740000000000000000e+02
2.610000000000000000e+02 4.740000000000000000e+02
2.610000000000000000e+02 4.740000000000000000e+02
2.610000000000000000e+02 4.740000000000000000e+02
2.610000000000000000e+02 4.740000000000000000e+02
2.610000000000000000e+02 4.730000000000000000e+02
2.610000000000000000e+02 4.740000000000000000e+02
2.600000000000000000e+02 4.740000000000000000e+02
2.600000000000000000e+02 4.740000000000000000e+02
2.610000000000000000e+02 4.740000000000000000e+02
2.610000000000000000e+02 4.740000000000000000e+02
2.610000000000000000e+02 4.740000000000000000e+02
2.600000000000000000e+02 4.730000000000000000e+02
2.610000000000000000e+02 4.740000000000000000e+02
2.600000000000000000e+02 4.740000000000000000e+02
2.600000000000000000e+02 4.730000000000000000e+02
