# frames 101, center=[249, 480], duration=[200, 300], video=browniano sol 2_0
2.490000000000000000e+02 4.800000000000000000e+02
2.490000000000000000e+02 4.800000000000000000e+02
2.490000000000000000e+02 4.800000000000000000e+02
2.490000000000000000e+02 4.810000000000000000e+02
2.490000000000000000e+02 4.800000000000000000e+02
2.480000000000000000e+02 4.800000000000000000e+02
2.490000000000000000e+02 4.800000000000000000e+02
2.490000000000000000e+02 4.800000000000000000e+02
2.490000000000000000e+02 4.790000000000000000e+02
2.490000000000000000e+02 4.780000000000000000e+02
2.480000000000000000e+02 4.780000000000000000e+02
2.470000000000000000e+02 4.780000000000000000e+02
2.460000000000000000e+02 4.790000000000000000e+02
2.460000000000000000e+02 4.790000000000000000e+02
2.460000000000000000e+02 4.790000000000000000e+02
2.460000000000000000e+02 4.790000000000000000e+02
2.460000000000000000e+02 4.780000000000000000e+02
2.470000000000000000e+02 4.780000000000000000e+02
2.470000000000000000e+02 4.790000000000000000e+02
2.470000000000000000e+02 4.780000000000000000e+02
2.470000000000000000e+02 4.780000000000000000e+02
2.470000000000000000e+02 4.780000000000000000e+02
2.470000000000000000e+02 4.780000000000000000e+02
2.490000000000000000e+02 4.770000000000000000e+02
2.490000000000000000e+02 4.770000000000000000e+02
2.480000000000000000e+02 4.770000000000000000e+02
2.490000000000000000e+02 4.770000000000000000e+02
2.490000000000000000e+02 4.780000000000000000e+02
2.500000000000000000e+02 4.770000000000000000e+02
2.500000000000000000e+02 4.780000000000000000e+02
2.500000000000000000e+02 4.780000000000000000e+02
2.500000000000000000e+02 4.770000000000000000e+02
2.500000000000000000e+02 4.770000000000000000e+02
2.490000000000000000e+02 4.760000000000000000e+02
2.500000000000000000e+02 4.760000000000000000e+02
2.490000000000000000e+02 4.760000000000000000e+02
2.500000000000000000e+02 4.760000000000000000e+02
2.500000000000000000e+02 4.770000000000000000e+02
2.500000000000000000e+02 4.760000000000000000e+02
2.510000000000000000e+02 4.760000000000000000e+02
2.510000000000000000e+02 4.760000000000000000e+02
2.520000000000000000e+02 4.750000000000000000e+02
2.510000000000000000e+02 4.750000000000000000e+02
2.500000000000000000e+02 4.740000000000000000e+02
2.510000000000000000e+02 4.740000000000000000e+02
2.510000000000000000e+02 4.750000000000000000e+02
2.510000000000000000e+02 4.750000000000000000e+02
2.500000000000000000e+02 4.750000000000000000e+02
2.510000000000000000e+02 4.750000000000000000e+02
2.500000000000000000e+02 4.760000000000000000e+02
2.510000000000000000e+02 4.760000000000000000e+02
2.520000000000000000e+02 4.770000000000000000e+02
2.520000000000000000e+02 4.770000000000000000e+02
2.530000000000000000e+02 4.770000000000000000e+02
2.510000000000000000e+02 4.760000000000000000e+02
2.510000000000000000e+02 4.760000000000000000e+02
2.520000000000000000e+02 4.760000000000000000e+02
2.520000000000000000e+02 4.770000000000000000e+02
2.520000000000000000e+02 4.770000000000000000e+02
2.530000000000000000e+02 4.770000000000000000e+02
2.520000000000000000e+02 4.770000000000000000e+02
2.520000000000000000e+02 4.770000000000000000e+02
2.510000000000000000e+02 4.770000000000000000e+02
2.510000000000000000e+02 4.770000000000000000e+02
2.510000000000000000e+02 4.760000000000000000e+02
2.500000000000000000e+02 4.760000000000000000e+02
2.500000000000000000e+02 4.750000000000000000e+02
2.500000000000000000e+02 4.760000000000000000e+02
2.490000000000000000e+02 4.750000000000000000e+02
2.490000000000000000e+02 4.760000000000000000e+02
2.490000000000000000e+02 4.760000000000000000e+02
2.490000000000000000e+02 4.760000000000000000e+02
2.510000000000000000e+02 4.760000000000000000e+02
2.510000000000000000e+02 4.760000000000000000e+02
2.510000000000000000e+02 4.760000000000000000e+02
2.510000000000000000e+02 4.760000000000000000e+02
2.520000000000000000e+02 4.760000000000000000e+02
2.520000000000000000e+02 4.760000000000000000e+02
2.530000000000000000e+02 4.760000000000000000e+02
2.520000000000000000e+02 4.760000000000000000e+02
2.520000000000000000e+02 4.760000000000000000e+02
2.520000000000000000e+02 4.770000000000000000e+02
2.520000000000000000e+02 4.770000000000000000e+02
2.530000000000000000e+02 4.780000000000000000e+02
2.520000000000000000e+02 4.780000000000000000e+02
2.520000000000000000e+02 4.770000000000000000e+02
2.510000000000000000e+02 4.780000000000000000e+02
2.510000000000000000e+02 4.780000000000000000e+02
2.500000000000000000e+02 4.770000000000000000e+02
2.500000000000000000e+02 4.770000000000000000e+02
2.500000000000000000e+02 4.770000000000000000e+02
2.510000000000000000e+02 4.780000000000000000e+02
2.510000000000000000e+02 4.780000000000000000e+02
2.510000000000000000e+02 4.780000000000000000e+02
2.500000000000000000e+02 4.780000000000000000e+02
2.510000000000000000e+02 4.780000000000000000e+02
2.510000000000000000e+02 4.780000000000000000e+02
2.510000000000000000e+02 4.790000000000000000e+02
2.520000000000000000e+02 4.790000000000000000e+02
2.510000000000000000e+02 4.780000000000000000e+02
2.510000000000000000e+02 4.780000000000000000e+02
