# frames 101, center=[353, 421], duration=[1000, 1100], video=browniano sol 2_0
3.530000000000000000e+02 4.210000000000000000e+02
3.530000000000000000e+02 4.210000000000000000e+02
3.530000000000000000e+02 4.210000000000000000e+02
3.530000000000000000e+02 4.210000000000000000e+02
3.540000000000000000e+02 4.210000000000000000e+02
3.540000000000000000e+02 4.210000000000000000e+02
3.530000000000000000e+02 4.210000000000000000e+02
3.530000000000000000e+02 4.200000000000000000e+02
3.520000000000000000e+02 4.200000000000000000e+02
3.540000000000000000e+02 4.200000000000000000e+02
3.530000000000000000e+02 4.190000000000000000e+02
3.530000000000000000e+02 4.190000000000000000e+02
3.520000000000000000e+02 4.190000000000000000e+02
3.530000000000000000e+02 4.180000000000000000e+02
3.530000000000000000e+02 4.180000000000000000e+02
3.530000000000000000e+02 4.170000000000000000e+02
3.530000000000000000e+02 4.160000000000000000e+02
3.520000000000000000e+02 4.160000000000000000e+02
3.520000000000000000e+02 4.150000000000000000e+02
3.520000000000000000e+02 4.150000000000000000e+02
3.530000000000000000e+02 4.150000000000000000e+02
3.520000000000000000e+02 4.150000000000000000e+02
3.520000000000000000e+02 4.150000000000000000e+02
3.520000000000000000e+02 4.150000000000000000e+02
3.530000000000000000e+02 4.150000000000000000e+02
3.530000000000000000e+02 4.160000000000000000e+02
3.520000000000000000e+02 4.150000000000000000e+02
3.510000000000000000e+02 4.150000000000000000e+02
3.510000000000000000e+02 4.150000000000000000e+02
3.500000000000000000e+02 4.160000000000000000e+02
3.510000000000000000e+02 4.150000000000000000e+02
3.510000000000000000e+02 4.150000000000000000e+02
3.510000000000000000e+02 4.160000000000000000e+02
3.500000000000000000e+02 4.150000000000000000e+02
3.500000000000000000e+02 4.150000000000000000e+02
3.500000000000000000e+02 4.130000000000000000e+02
3.500000000000000000e+02 4.140000000000000000e+02
3.500000000000000000e+02 4.130000000000000000e+02
3.510000000000000000e+02 4.130000000000000000e+02
3.510000000000000000e+02 4.130000000000000000e+02
3.510000000000000000e+02 4.130000000000000000e+02
3.500000000000000000e+02 4.110000000000000000e+02
3.490000000000000000e+02 4.120000000000000000e+02
3.490000000000000000e+02 4.120000000000000000e+02
3.500000000000000000e+02 4.120000000000000000e+02
3.490000000000000000e+02 4.120000000000000000e+02
3.490000000000000000e+02 4.120000000000000000e+02
3.490000000000000000e+02 4.120000000000000000e+02
3.490000000000000000e+02 4.120000000000000000e+02
3.490000000000000000e+02 4.130000000000000000e+02
3.500000000000000000e+02 4.120000000000000000e+02
3.490000000000000000e+02 4.120000000000000000e+02
3.500000000000000000e+02 4.120000000000000000e+02
3.500000000000000000e+02 4.120000000000000000e+02
3.490000000000000000e+02 4.130000000000000000e+02
3.480000000000000000e+02 4.130000000000000000e+02
3.470000000000000000e+02 4.130000000000000000e+02
3.480000000000000000e+02 4.130000000000000000e+02
3.480000000000000000e+02 4.120000000000000000e+02
3.470000000000000000e+02 4.130000000000000000e+02
3.470000000000000000e+02 4.120000000000000000e+02
3.470000000000000000e+02 4.140000000000000000e+02
3.460000000000000000e+02 4.140000000000000000e+02
3.470000000000000000e+02 4.140000000000000000e+02
3.460000000000000000e+02 4.140000000000000000e+02
3.460000000000000000e+02 4.140000000000000000e+02
3.460000000000000000e+02 4.150000000000000000e+02
3.470000000000000000e+02 4.150000000000000000e+02
3.480000000000000000e+02 4.150000000000000000e+02
3.480000000000000000e+02 4.160000000000000000e+02
3.480000000000000000e+02 4.160000000000000000e+02
3.490000000000000000e+02 4.160000000000000000e+02
3.500000000000000000e+02 4.160000000000000000e+02
3.510000000000000000e+02 4.170000000000000000e+02
3.500000000000000000e+02 4.170000000000000000e+02
3.500000000000000000e+02 4.160000000000000000e+02
3.500000000000000000e+02 4.160000000000000000e+02
3.510000000000000000e+02 4.160000000000000000e+02
3.500000000000000000e+02 4.160000000000000000e+02
3.510000000000000000e+02 4.170000000000000000e+02
3.520000000000000000e+02 4.170000000000000000e+02
3.520000000000000000e+02 4.170000000000000000e+02
3.510000000000000000e+02 4.170000000000000000e+02
3.530000000000000000e+02 4.170000000000000000e+02
3.520000000000000000e+02 4.170000000000000000e+02
3.530000000000000000e+02 4.170000000000000000e+02
3.520000000000000000e+02 4.170000000000000000e+02
3.520000000000000000e+02 4.170000000000000000e+02
3.520000000000000000e+02 4.170000000000000000e+02
3.520000000000000000e+02 4.160000000000000000e+02
3.530000000000000000e+02 4.170000000000000000e+02
3.530000000000000000e+02 4.170000000000000000e+02
3.530000000000000000e+02 4.170000000000000000e+02
3.530000000000000000e+02 4.160000000000000000e+02
3.530000000000000000e+02 4.150000000000000000e+02
3.520000000000000000e+02 4.150000000000000000e+02
3.520000000000000000e+02 4.150000000000000000e+02
3.520000000000000000e+02 4.140000000000000000e+02
3.530000000000000000e+02 4.130000000000000000e+02
3.520000000000000000e+02 4.140000000000000000e+02
3.530000000000000000e+02 4.130000000000000000e+02
