# frames 101, center=[337, 461], duration=[300, 400], video=browniano sol 2_0
3.370000000000000000e+02 4.610000000000000000e+02
3.370000000000000000e+02 4.610000000000000000e+02
3.370000000000000000e+02 4.610000000000000000e+02
3.380000000000000000e+02 4.610000000000000000e+02
3.380000000000000000e+02 4.610000000000000000e+02
3.390000000000000000e+02 4.600000000000000000e+02
3.390000000000000000e+02 4.590000000000000000e+02
3.400000000000000000e+02 4.590000000000000000e+02
3.400000000000000000e+02 4.580000000000000000e+02
3.400000000000000000e+02 4.570000000000000000e+02
3.390000000000000000e+02 4.570000000000000000e+02
3.400000000000000000e+02 4.580000000000000000e+02
3.400000000000000000e+02 4.570000000000000000e+02
3.400000000000000000e+02 4.560000000000000000e+02
3.410000000000000000e+02 4.570000000000000000e+02
3.400000000000000000e+02 4.560000000000000000e+02
3.400000000000000000e+02 4.550000000000000000e+02
3.390000000000000000e+02 4.550000000000000000e+02
3.410000000000000000e+02 4.550000000000000000e+02
3.400000000000000000e+02 4.550000000000000000e+02
3.410000000000000000e+02 4.550000000000000000e+02
3.410000000000000000e+02 4.540000000000000000e+02
3.410000000000000000e+02 4.540000000000000000e+02
3.400000000000000000e+02 4.540000000000000000e+02
3.410000000000000000e+02 4.540000000000000000e+02
3.400000000000000000e+02 4.540000000000000000e+02
3.410000000000000000e+02 4.540000000000000000e+02
3.420000000000000000e+02 4.540000000000000000e+02
3.420000000000000000e+02 4.540000000000000000e+02
3.430000000000000000e+02 4.530000000000000000e+02
3.440000000000000000e+02 4.530000000000000000e+02
3.450000000000000000e+02 4.530000000000000000e+02
3.450000000000000000e+02 4.520000000000000000e+02
3.450000000000000000e+02 4.520000000000000000e+02
3.460000000000000000e+02 4.510000000000000000e+02
3.450000000000000000e+02 4.510000000000000000e+02
3.440000000000000000e+02 4.520000000000000000e+02
3.440000000000000000e+02 4.510000000000000000e+02
3.430000000000000000e+02 4.510000000000000000e+02
3.430000000000000000e+02 4.510000000000000000e+02
3.430000000000000000e+02 4.520000000000000000e+02
3.420000000000000000e+02 4.520000000000000000e+02
3.420000000000000000e+02 4.520000000000000000e+02
3.420000000000000000e+02 4.520000000000000000e+02
3.410000000000000000e+02 4.520000000000000000e+02
3.410000000000000000e+02 4.520000000000000000e+02
3.420000000000000000e+02 4.510000000000000000e+02
3.410000000000000000e+02 4.510000000000000000e+02
3.410000000000000000e+02 4.510000000000000000e+02
3.420000000000000000e+02 4.510000000000000000e+02
3.420000000000000000e+02 4.510000000000000000e+02
3.420000000000000000e+02 4.500000000000000000e+02
3.430000000000000000e+02 4.500000000000000000e+02
3.430000000000000000e+02 4.500000000000000000e+02
3.430000000000000000e+02 4.500000000000000000e+02
3.430000000000000000e+02 4.500000000000000000e+02
3.420000000000000000e+02 4.500000000000000000e+02
3.410000000000000000e+02 4.490000000000000000e+02
3.420000000000000000e+02 4.490000000000000000e+02
3.420000000000000000e+02 4.500000000000000000e+02
3.410000000000000000e+02 4.510000000000000000e+02
3.410000000000000000e+02 4.510000000000000000e+02
3.410000000000000000e+02 4.510000000000000000e+02
3.410000000000000000e+02 4.510000000000000000e+02
3.410000000000000000e+02 4.520000000000000000e+02
3.420000000000000000e+02 4.510000000000000000e+02
3.420000000000000000e+02 4.500000000000000000e+02
3.420000000000000000e+02 4.510000000000000000e+02
3.430000000000000000e+02 4.520000000000000000e+02
3.440000000000000000e+02 4.520000000000000000e+02
3.430000000000000000e+02 4.520000000000000000e+02
3.420000000000000000e+02 4.520000000000000000e+02
3.420000000000000000e+02 4.520000000000000000e+02
3.420000000000000000e+02 4.520000000000000000e+02
3.420000000000000000e+02 4.510000000000000000e+02
3.430000000000000000e+02 4.510000000000000000e+02
3.440000000000000000e+02 4.500000000000000000e+02
3.430000000000000000e+02 4.500000000000000000e+02
3.430000000000000000e+02 4.490000000000000000e+02
3.430000000000000000e+02 4.490000000000000000e+02
3.440000000000000000e+02 4.480000000000000000e+02
3.440000000000000000e+02 4.480000000000000000e+02
3.450000000000000000e+02 4.480000000000000000e+02
3.450000000000000000e+02 4.490000000000000000e+02
3.450000000000000000e+02 4.480000000000000000e+02
3.460000000000000000e+02 4.480000000000000000e+02
3.460000000000000000e+02 4.480000000000000000e+02
3.470000000000000000e+02 4.470000000000000000e+02
3.460000000000000000e+02 4.460000000000000000e+02
3.460000000000000000e+02 4.460000000000000000e+02
3.450000000000000000e+02 4.450000000000000000e+02
3.470000000000000000e+02 4.440000000000000000e+02
3.470000000000000000e+02 4.440000000000000000e+02
3.460000000000000000e+02 4.440000000000000000e+02
3.470000000000000000e+02 4.450000000000000000e+02
3.460000000000000000e+02 4.450000000000000000e+02
3.460000000000000000e+02 4.460000000000000000e+02
3.470000000000000000e+02 4.450000000000000000e+02
3.450000000000000000e+02 4.460000000000000000e+02
3.440000000000000000e+02 4.450000000000000000e+02
3.440000000000000000e+02 4.450000000000000000e+02
