# frames 101, center=[334, 469], duration=[0, 100], video=browniano sol 2_0
3.340000000000000000e+02 4.690000000000000000e+02
3.340000000000000000e+02 4.690000000000000000e+02
3.340000000000000000e+02 4.690000000000000000e+02
3.340000000000000000e+02 4.690000000000000000e+02
3.330000000000000000e+02 4.690000000000000000e+02
3.310000000000000000e+02 4.700000000000000000e+02
3.320000000000000000e+02 4.710000000000000000e+02
3.310000000000000000e+02 4.710000000000000000e+02
3.300000000000000000e+02 4.710000000000000000e+02
3.310000000000000000e+02 4.720000000000000000e+02
3.310000000000000000e+02 4.720000000000000000e+02
3.300000000000000000e+02 4.710000000000000000e+02
3.280000000000000000e+02 4.700000000000000000e+02
3.290000000000000000e+02 4.710000000000000000e+02
3.280000000000000000e+02 4.720000000000000000e+02
3.290000000000000000e+02 4.720000000000000000e+02
3.290000000000000000e+02 4.730000000000000000e+02
3.290000000000000000e+02 4.740000000000000000e+02
3.300000000000000000e+02 4.740000000000000000e+02
3.300000000000000000e+02 4.730000000000000000e+02
3.310000000000000000e+02 4.730000000000000000e+02
3.310000000000000000e+02 4.720000000000000000e+02
3.310000000000000000e+02 4.720000000000000000e+02
3.310000000000000000e+02 4.720000000000000000e+02
3.310000000000000000e+02 4.720000000000000000e+02
3.310000000000000000e+02 4.720000000000000000e+02
3.300000000000000000e+02 4.730000000000000000e+02
3.300000000000000000e+02 4.720000000000000000e+02
3.300000000000000000e+02 4.710000000000000000e+02
3.290000000000000000e+02 4.720000000000000000e+02
3.300000000000000000e+02 4.720000000000000000e+02
3.300000000000000000e+02 4.720000000000000000e+02
3.300000000000000000e+02 4.720000000000000000e+02
3.300000000000000000e+02 4.720000000000000000e+02
3.310000000000000000e+02 4.720000000000000000e+02
3.300000000000000000e+02 4.730000000000000000e+02
3.310000000000000000e+02 4.730000000000000000e+02
3.310000000000000000e+02 4.730000000000000000e+02
3.320000000000000000e+02 4.730000000000000000e+02
3.330000000000000000e+02 4.730000000000000000e+02
3.330000000000000000e+02 4.730000000000000000e+02
3.330000000000000000e+02 4.730000000000000000e+02
3.320000000000000000e+02 4.730000000000000000e+02
3.330000000000000000e+02 4.730000000000000000e+02
3.320000000000000000e+02 4.720000000000000000e+02
3.320000000000000000e+02 4.730000000000000000e+02
3.320000000000000000e+02 4.730000000000000000e+02
3.320000000000000000e+02 4.730000000000000000e+02
3.330000000000000000e+02 4.720000000000000000e+02
3.320000000000000000e+02 4.710000000000000000e+02
3.320000000000000000e+02 4.710000000000000000e+02
3.320000000000000000e+02 4.710000000000000000e+02
3.330000000000000000e+02 4.710000000000000000e+02
3.320000000000000000e+02 4.710000000000000000e+02
3.320000000000000000e+02 4.710000000000000000e+02
3.320000000000000000e+02 4.710000000000000000e+02
3.320000000000000000e+02 4.710000000000000000e+02
3.320000000000000000e+02 4.710000000000000000e+02
3.330000000000000000e+02 4.700000000000000000e+02
3.330000000000000000e+02 4.710000000000000000e+02
3.320000000000000000e+02 4.710000000000000000e+02
3.310000000000000000e+02 4.710000000000000000e+02
3.300000000000000000e+02 4.720000000000000000e+02
3.300000000000000000e+02 4.710000000000000000e+02
3.300000000000000000e+02 4.720000000000000000e+02
3.290000000000000000e+02 4.710000000000000000e+02
3.290000000000000000e+02 4.720000000000000000e+02
3.300000000000000000e+02 4.720000000000000000e+02
3.290000000000000000e+02 4.720000000000000000e+02
3.290000000000000000e+02 4.720000000000000000e+02
3.290000000000000000e+02 4.720000000000000000e+02
3.280000000000000000e+02 4.730000000000000000e+02
3.280000000000000000e+02 4.740000000000000000e+02
3.280000000000000000e+02 4.750000000000000000e+02
3.280000000000000000e+02 4.750000000000000000e+02
3.280000000000000000e+02 4.750000000000000000e+02
3.270000000000000000e+02 4.750000000000000000e+02
3.260000000000000000e+02 4.750000000000000000e+02
3.280000000000000000e+02 4.750000000000000000e+02
3.260000000000000000e+02 4.750000000000000000e+02
3.260000000000000000e+02 4.750000000000000000e+02
3.270000000000000000e+02 4.750000000000000000e+02
3.270000000000000000e+02 4.760000000000000000e+02
3.270000000000000000e+02 4.770000000000000000e+02
3.280000000000000000e+02 4.770000000000000000e+02
3.270000000000000000e+02 4.770000000000000000e+02
3.280000000000000000e+02 4.760000000000000000e+02
3.270000000000000000e+02 4.760000000000000000e+02
3.280000000000000000e+02 4.760000000000000000e+02
3.280000000000000000e+02 4.760000000000000000e+02
3.280000000000000000e+02 4.760000000000000000e+02
3.280000000000000000e+02 4.750000000000000000e+02
3.270000000000000000e+02 4.760000000000000000e+02
3.280000000000000000e+02 4.770000000000000000e+02
3.290000000000000000e+02 4.760000000000000000e+02
3.290000000000000000e+02 4.760000000000000000e+02
3.290000000000000000e+02 4.760000000000000000e+02
3.300000000000000000e+02 4.750000000000000000e+02
3.290000000000000000e+02 4.750000000000000000e+02
3.290000000000000000e+02 4.740000000000000000e+02
3.290000000000000000e+02 4.740000000000000000e+02
