# frames 101, center=[349, 437], duration=[600, 700], video=browniano sol 2_0
3.490000000000000000e+02 4.370000000000000000e+02
3.490000000000000000e+02 4.370000000000000000e+02
3.490000000000000000e+02 4.370000000000000000e+02
3.490000000000000000e+02 4.370000000000000000e+02
3.480000000000000000e+02 4.370000000000000000e+02
3.470000000000000000e+02 4.370000000000000000e+02
3.480000000000000000e+02 4.380000000000000000e+02
3.480000000000000000e+02 4.380000000000000000e+02
3.480000000000000000e+02 4.380000000000000000e+02
3.470000000000000000e+02 4.380000000000000000e+02
3.470000000000000000e+02 4.370000000000000000e+02
3.470000000000000000e+02 4.370000000000000000e+02
3.480000000000000000e+02 4.370000000000000000e+02
3.470000000000000000e+02 4.370000000000000000e+02
3.480000000000000000e+02 4.370000000000000000e+02
3.490000000000000000e+02 4.370000000000000000e+02
3.490000000000000000e+02 4.360000000000000000e+02
3.490000000000000000e+02 4.360000000000000000e+02
3.480000000000000000e+02 4.350000000000000000e+02
3.480000000000000000e+02 4.350000000000000000e+02
3.480000000000000000e+02 4.360000000000000000e+02
3.480000000000000000e+02 4.360000000000000000e+02
3.480000000000000000e+02 4.360000000000000000e+02
3.480000000000000000e+02 4.360000000000000000e+02
3.480000000000000000e+02 4.360000000000000000e+02
3.480000000000000000e+02 4.360000000000000000e+02
3.460000000000000000e+02 4.360000000000000000e+02
3.460000000000000000e+02 4.350000000000000000e+02
3.460000000000000000e+02 4.340000000000000000e+02
3.460000000000000000e+02 4.340000000000000000e+02
3.460000000000000000e+02 4.330000000000000000e+02
3.460000000000000000e+02 4.340000000000000000e+02
3.470000000000000000e+02 4.330000000000000000e+02
3.470000000000000000e+02 4.330000000000000000e+02
3.470000000000000000e+02 4.330000000000000000e+02
3.480000000000000000e+02 4.330000000000000000e+02
3.480000000000000000e+02 4.340000000000000000e+02
3.480000000000000000e+02 4.340000000000000000e+02
3.470000000000000000e+02 4.340000000000000000e+02
3.470000000000000000e+02 4.350000000000000000e+02
3.470000000000000000e+02 4.350000000000000000e+02
3.480000000000000000e+02 4.350000000000000000e+02
3.470000000000000000e+02 4.350000000000000000e+02
3.480000000000000000e+02 4.350000000000000000e+02
3.490000000000000000e+02 4.350000000000000000e+02
3.480000000000000000e+02 4.340000000000000000e+02
3.490000000000000000e+02 4.340000000000000000e+02
3.480000000000000000e+02 4.340000000000000000e+02
3.480000000000000000e+02 4.330000000000000000e+02
3.470000000000000000e+02 4.320000000000000000e+02
3.470000000000000000e+02 4.330000000000000000e+02
3.470000000000000000e+02 4.330000000000000000e+02
3.470000000000000000e+02 4.320000000000000000e+02
3.460000000000000000e+02 4.320000000000000000e+02
3.450000000000000000e+02 4.320000000000000000e+02
3.440000000000000000e+02 4.320000000000000000e+02
3.450000000000000000e+02 4.330000000000000000e+02
3.430000000000000000e+02 4.330000000000000000e+02
3.430000000000000000e+02 4.330000000000000000e+02
3.430000000000000000e+02 4.340000000000000000e+02
3.430000000000000000e+02 4.330000000000000000e+02
3.430000000000000000e+02 4.320000000000000000e+02
3.430000000000000000e+02 4.320000000000000000e+02
3.430000000000000000e+02 4.320000000000000000e+02
3.440000000000000000e+02 4.330000000000000000e+02
3.430000000000000000e+02 4.330000000000000000e+02
3.430000000000000000e+02 4.330000000000000000e+02
3.430000000000000000e+02 4.330000000000000000e+02
3.430000000000000000e+02 4.340000000000000000e+02
3.420000000000000000e+02 4.340000000000000000e+02
3.420000000000000000e+02 4.340000000000000000e+02
3.420000000000000000e+02 4.330000000000000000e+02
3.430000000000000000e+02 4.330000000000000000e+02
3.420000000000000000e+02 4.340000000000000000e+02
3.420000000000000000e+02 4.340000000000000000e+02
3.420000000000000000e+02 4.340000000000000000e+02
3.430000000000000000e+02 4.330000000000000000e+02
3.430000000000000000e+02 4.340000000000000000e+02
3.430000000000000000e+02 4.340000000000000000e+02
3.430000000000000000e+02 4.350000000000000000e+02
3.430000000000000000e+02 4.340000000000000000e+02
3.420000000000000000e+02 4.340000000000000000e+02
3.420000000000000000e+02 4.340000000000000000e+02
3.420000000000000000e+02 4.340000000000000000e+02
3.410000000000000000e+02 4.330000000000000000e+02
3.420000000000000000e+02 4.330000000000000000e+02
3.430000000000000000e+02 4.330000000000000000e+02
3.430000000000000000e+02 4.320000000000000000e+02
3.440000000000000000e+02 4.330000000000000000e+02
3.440000000000000000e+02 4.330000000000000000e+02
3.440000000000000000e+02 4.330000000000000000e+02
3.440000000000000000e+02 4.320000000000000000e+02
3.440000000000000000e+02 4.320000000000000000e+02
3.430000000000000000e+02 4.310000000000000000e+02
3.440000000000000000e+02 4.320000000000000000e+02
3.440000000000000000e+02 4.320000000000000000e+02
3.440000000000000000e+02 4.330000000000000000e+02
3.440000000000000000e+02 4.340000000000000000e+02
3.440000000000000000e+02 4.340000000000000000e+02
3.440000000000000000e+02 4.340000000000000000e+02
3.450000000000000000e+02 4.330000000000000000e+02
