# frames 101, center=[349, 442], duration=[500, 600], video=browniano sol 2_0
3.490000000000000000e+02 4.420000000000000000e+02
3.490000000000000000e+02 4.420000000000000000e+02
3.490000000000000000e+02 4.420000000000000000e+02
3.500000000000000000e+02 4.430000000000000000e+02
3.490000000000000000e+02 4.440000000000000000e+02
3.500000000000000000e+02 4.440000000000000000e+02
3.500000000000000000e+02 4.430000000000000000e+02
3.500000000000000000e+02 4.420000000000000000e+02
3.500000000000000000e+02 4.420000000000000000e+02
3.510000000000000000e+02 4.410000000000000000e+02
3.500000000000000000e+02 4.410000000000000000e+02
3.500000000000000000e+02 4.410000000000000000e+02
3.490000000000000000e+02 4.420000000000000000e+02
3.500000000000000000e+02 4.420000000000000000e+02
3.500000000000000000e+02 4.420000000000000000e+02
3.500000000000000000e+02 4.410000000000000000e+02
3.500000000000000000e+02 4.420000000000000000e+02
3.500000000000000000e+02 4.410000000000000000e+02
3.510000000000000000e+02 4.410000000000000000e+02
3.500000000000000000e+02 4.420000000000000000e+02
3.510000000000000000e+02 4.420000000000000000e+02
3.500000000000000000e+02 4.410000000000000000e+02
3.500000000000000000e+02 4.410000000000000000e+02
3.490000000000000000e+02 4.410000000000000000e+02
3.500000000000000000e+02 4.400000000000000000e+02
3.500000000000000000e+02 4.400000000000000000e+02
3.510000000000000000e+02 4.400000000000000000e+02
3.500000000000000000e+02 4.390000000000000000e+02
3.500000000000000000e+02 4.400000000000000000e+02
3.500000000000000000e+02 4.400000000000000000e+02
3.500000000000000000e+02 4.410000000000000000e+02
3.500000000000000000e+02 4.400000000000000000e+02
3.500000000000000000e+02 4.400000000000000000e+02
3.500000000000000000e+02 4.410000000000000000e+02
3.500000000000000000e+02 4.420000000000000000e+02
3.490000000000000000e+02 4.420000000000000000e+02
3.490000000000000000e+02 4.410000000000000000e+02
3.490000000000000000e+02 4.410000000000000000e+02
3.480000000000000000e+02 4.410000000000000000e+02
3.490000000000000000e+02 4.400000000000000000e+02
3.490000000000000000e+02 4.410000000000000000e+02
3.490000000000000000e+02 4.410000000000000000e+02
3.490000000000000000e+02 4.400000000000000000e+02
3.490000000000000000e+02 4.400000000000000000e+02
3.490000000000000000e+02 4.400000000000000000e+02
3.480000000000000000e+02 4.410000000000000000e+02
3.480000000000000000e+02 4.410000000000000000e+02
3.480000000000000000e+02 4.410000000000000000e+02
3.490000000000000000e+02 4.420000000000000000e+02
3.480000000000000000e+02 4.410000000000000000e+02
3.480000000000000000e+02 4.420000000000000000e+02
3.470000000000000000e+02 4.420000000000000000e+02
3.470000000000000000e+02 4.420000000000000000e+02
3.480000000000000000e+02 4.420000000000000000e+02
3.480000000000000000e+02 4.420000000000000000e+02
3.470000000000000000e+02 4.420000000000000000e+02
3.470000000000000000e+02 4.400000000000000000e+02
3.480000000000000000e+02 4.400000000000000000e+02
3.490000000000000000e+02 4.390000000000000000e+02
3.480000000000000000e+02 4.390000000000000000e+02
3.480000000000000000e+02 4.390000000000000000e+02
3.480000000000000000e+02 4.390000000000000000e+02
3.480000000000000000e+02 4.390000000000000000e+02
3.480000000000000000e+02 4.390000000000000000e+02
3.460000000000000000e+02 4.390000000000000000e+02
3.450000000000000000e+02 4.400000000000000000e+02
3.470000000000000000e+02 4.400000000000000000e+02
3.470000000000000000e+02 4.400000000000000000e+02
3.470000000000000000e+02 4.390000000000000000e+02
3.470000000000000000e+02 4.390000000000000000e+02
3.470000000000000000e+02 4.380000000000000000e+02
3.480000000000000000e+02 4.380000000000000000e+02
3.480000000000000000e+02 4.380000000000000000e+02
3.480000000000000000e+02 4.380000000000000000e+02
3.480000000000000000e+02 4.390000000000000000e+02
3.490000000000000000e+02 4.380000000000000000e+02
3.490000000000000000e+02 4.380000000000000000e+02
3.500000000000000000e+02 4.370000000000000000e+02
3.500000000000000000e+02 4.370000000000000000e+02
3.500000000000000000e+02 4.370000000000000000e+02
3.510000000000000000e+02 4.380000000000000000e+02
3.510000000000000000e+02 4.370000000000000000e+02
3.520000000000000000e+02 4.370000000000000000e+02
3.510000000000000000e+02 4.360000000000000000e+02
3.510000000000000000e+02 4.350000000000000000e+02
3.510000000000000000e+02 4.340000000000000000e+02
3.520000000000000000e+02 4.350000000000000000e+02
3.530000000000000000e+02 4.360000000000000000e+02
3.520000000000000000e+02 4.350000000000000000e+02
3.520000000000000000e+02 4.350000000000000000e+02
3.520000000000000000e+02 4.340000000000000000e+02
3.520000000000000000e+02 4.340000000000000000e+02
3.530000000000000000e+02 4.340000000000000000e+02
3.530000000000000000e+02 4.350000000000000000e+02
3.520000000000000000e+02 4.340000000000000000e+02
3.510000000000000000e+02 4.340000000000000000e+02
3.510000000000000000e+02 4.350000000000000000e+02
3.510000000000000000e+02 4.360000000000000000e+02
3.510000000000000000e+02 4.360000000000000000e+02
3.500000000000000000e+02 4.360000000000000000e+02
3.500000000000000000e+02 4.360000000000000000e+02
