# frames 101, center=[352, 410], duration=[1100, 1200], video=browniano sol 2_0
3.520000000000000000e+02 4.100000000000000000e+02
3.520000000000000000e+02 4.100000000000000000e+02
3.520000000000000000e+02 4.100000000000000000e+02
3.530000000000000000e+02 4.100000000000000000e+02
3.530000000000000000e+02 4.110000000000000000e+02
3.530000000000000000e+02 4.100000000000000000e+02
3.530000000000000000e+02 4.090000000000000000e+02
3.520000000000000000e+02 4.090000000000000000e+02
3.520000000000000000e+02 4.100000000000000000e+02
3.510000000000000000e+02 4.110000000000000000e+02
3.510000000000000000e+02 4.110000000000000000e+02
3.520000000000000000e+02 4.100000000000000000e+02
3.510000000000000000e+02 4.110000000000000000e+02
3.510000000000000000e+02 4.110000000000000000e+02
3.510000000000000000e+02 4.110000000000000000e+02
3.510000000000000000e+02 4.110000000000000000e+02
3.510000000000000000e+02 4.110000000000000000e+02
3.510000000000000000e+02 4.100000000000000000e+02
3.510000000000000000e+02 4.110000000000000000e+02
3.510000000000000000e+02 4.110000000000000000e+02
3.510000000000000000e+02 4.090000000000000000e+02
3.510000000000000000e+02 4.110000000000000000e+02
3.510000000000000000e+02 4.110000000000000000e+02
3.510000000000000000e+02 4.110000000000000000e+02
3.530000000000000000e+02 4.110000000000000000e+02
3.510000000000000000e+02 4.110000000000000000e+02
3.510000000000000000e+02 4.110000000000000000e+02
3.510000000000000000e+02 4.090000000000000000e+02
3.500000000000000000e+02 4.100000000000000000e+02
3.500000000000000000e+02 4.100000000000000000e+02
3.490000000000000000e+02 4.090000000000000000e+02
3.510000000000000000e+02 4.090000000000000000e+02
3.510000000000000000e+02 4.090000000000000000e+02
3.510000000000000000e+02 4.080000000000000000e+02
3.500000000000000000e+02 4.080000000000000000e+02
3.490000000000000000e+02 4.090000000000000000e+02
3.490000000000000000e+02 4.090000000000000000e+02
3.500000000000000000e+02 4.090000000000000000e+02
3.490000000000000000e+02 4.090000000000000000e+02
3.490000000000000000e+02 4.090000000000000000e+02
3.490000000000000000e+02 4.090000000000000000e+02
3.510000000000000000e+02 4.110000000000000000e+02
3.510000000000000000e+02 4.110000000000000000e+02
3.510000000000000000e+02 4.130000000000000000e+02
3.500000000000000000e+02 4.120000000000000000e+02
3.510000000000000000e+02 4.120000000000000000e+02
3.510000000000000000e+02 4.110000000000000000e+02
3.530000000000000000e+02 4.120000000000000000e+02
3.520000000000000000e+02 4.120000000000000000e+02
3.520000000000000000e+02 4.120000000000000000e+02
3.520000000000000000e+02 4.120000000000000000e+02
3.510000000000000000e+02 4.110000000000000000e+02
3.520000000000000000e+02 4.120000000000000000e+02
3.520000000000000000e+02 4.120000000000000000e+02
3.530000000000000000e+02 4.120000000000000000e+02
3.530000000000000000e+02 4.130000000000000000e+02
3.520000000000000000e+02 4.120000000000000000e+02
3.520000000000000000e+02 4.120000000000000000e+02
3.520000000000000000e+02 4.120000000000000000e+02
3.530000000000000000e+02 4.130000000000000000e+02
3.520000000000000000e+02 4.120000000000000000e+02
3.520000000000000000e+02 4.140000000000000000e+02
3.530000000000000000e+02 4.110000000000000000e+02
3.530000000000000000e+02 4.130000000000000000e+02
3.530000000000000000e+02 4.110000000000000000e+02
3.530000000000000000e+02 4.110000000000000000e+02
3.540000000000000000e+02 4.110000000000000000e+02
3.530000000000000000e+02 4.110000000000000000e+02
3.530000000000000000e+02 4.110000000000000000e+02
3.520000000000000000e+02 4.100000000000000000e+02
3.520000000000000000e+02 4.100000000000000000e+02
3.510000000000000000e+02 4.090000000000000000e+02
3.510000000000000000e+02 4.090000000000000000e+02
3.510000000000000000e+02 4.090000000000000000e+02
3.510000000000000000e+02 4.090000000000000000e+02
3.510000000000000000e+02 4.090000000000000000e+02
3.500000000000000000e+02 4.070000000000000000e+02
3.510000000000000000e+02 4.070000000000000000e+02
3.510000000000000000e+02 4.080000000000000000e+02
3.510000000000000000e+02 4.090000000000000000e+02
3.520000000000000000e+02 4.090000000000000000e+02
3.510000000000000000e+02 4.090000000000000000e+02
3.520000000000000000e+02 4.100000000000000000e+02
3.520000000000000000e+02 4.090000000000000000e+02
3.510000000000000000e+02 4.090000000000000000e+02
3.510000000000000000e+02 4.090000000000000000e+02
3.510000000000000000e+02 4.080000000000000000e+02
3.510000000000000000e+02 4.070000000000000000e+02
3.510000000000000000e+02 4.080000000000000000e+02
3.530000000000000000e+02 4.090000000000000000e+02
3.520000000000000000e+02 4.090000000000000000e+02
3.530000000000000000e+02 4.090000000000000000e+02
3.530000000000000000e+02 4.090000000000000000e+02
3.530000000000000000e+02 4.090000000000000000e+02
3.540000000000000000e+02 4.090000000000000000e+02
3.550000000000000000e+02 4.110000000000000000e+02
3.550000000000000000e+02 4.110000000000000000e+02
3.560000000000000000e+02 4.110000000000000000e+02
3.560000000000000000e+02 4.120000000000000000e+02
3.560000000000000000e+02 4.120000000000000000e+02
3.560000000000000000e+02 4.110000000000000000e+02
