# frames 101, center=[336, 468], duration=[200, 300], video=browniano sol 2_0
3.360000000000000000e+02 4.680000000000000000e+02
3.360000000000000000e+02 4.680000000000000000e+02
3.360000000000000000e+02 4.680000000000000000e+02
3.370000000000000000e+02 4.690000000000000000e+02
3.360000000000000000e+02 4.690000000000000000e+02
3.350000000000000000e+02 4.680000000000000000e+02
3.350000000000000000e+02 4.690000000000000000e+02
3.340000000000000000e+02 4.690000000000000000e+02
3.340000000000000000e+02 4.680000000000000000e+02
3.340000000000000000e+02 4.690000000000000000e+02
3.340000000000000000e+02 4.690000000000000000e+02
3.340000000000000000e+02 4.680000000000000000e+02
3.340000000000000000e+02 4.680000000000000000e+02
3.340000000000000000e+02 4.670000000000000000e+02
3.340000000000000000e+02 4.680000000000000000e+02
3.340000000000000000e+02 4.680000000000000000e+02
3.340000000000000000e+02 4.680000000000000000e+02
3.330000000000000000e+02 4.670000000000000000e+02
3.330000000000000000e+02 4.670000000000000000e+02
3.330000000000000000e+02 4.680000000000000000e+02
3.330000000000000000e+02 4.680000000000000000e+02
3.320000000000000000e+02 4.660000000000000000e+02
3.310000000000000000e+02 4.660000000000000000e+02
3.300000000000000000e+02 4.660000000000000000e+02
3.320000000000000000e+02 4.660000000000000000e+02
3.310000000000000000e+02 4.670000000000000000e+02
3.320000000000000000e+02 4.680000000000000000e+02
3.320000000000000000e+02 4.680000000000000000e+02
3.330000000000000000e+02 4.690000000000000000e+02
3.330000000000000000e+02 4.690000000000000000e+02
3.320000000000000000e+02 4.690000000000000000e+02
3.320000000000000000e+02 4.700000000000000000e+02
3.330000000000000000e+02 4.700000000000000000e+02
3.330000000000000000e+02 4.700000000000000000e+02
3.320000000000000000e+02 4.700000000000000000e+02
3.320000000000000000e+02 4.700000000000000000e+02
3.330000000000000000e+02 4.710000000000000000e+02
3.340000000000000000e+02 4.710000000000000000e+02
3.330000000000000000e+02 4.710000000000000000e+02
3.330000000000000000e+02 4.690000000000000000e+02
3.340000000000000000e+02 4.700000000000000000e+02
3.330000000000000000e+02 4.680000000000000000e+02
3.340000000000000000e+02 4.670000000000000000e+02
3.350000000000000000e+02 4.670000000000000000e+02
3.350000000000000000e+02 4.660000000000000000e+02
3.350000000000000000e+02 4.670000000000000000e+02
3.350000000000000000e+02 4.670000000000000000e+02
3.330000000000000000e+02 4.670000000000000000e+02
3.330000000000000000e+02 4.670000000000000000e+02
3.310000000000000000e+02 4.680000000000000000e+02
3.310000000000000000e+02 4.680000000000000000e+02
3.320000000000000000e+02 4.680000000000000000e+02
3.330000000000000000e+02 4.680000000000000000e+02
3.340000000000000000e+02 4.680000000000000000e+02
3.340000000000000000e+02 4.680000000000000000e+02
3.350000000000000000e+02 4.670000000000000000e+02
3.360000000000000000e+02 4.670000000000000000e+02
3.360000000000000000e+02 4.670000000000000000e+02
3.350000000000000000e+02 4.670000000000000000e+02
3.380000000000000000e+02 4.680000000000000000e+02
3.380000000000000000e+02 4.680000000000000000e+02
3.370000000000000000e+02 4.670000000000000000e+02
3.370000000000000000e+02 4.670000000000000000e+02
3.370000000000000000e+02 4.670000000000000000e+02
3.380000000000000000e+02 4.680000000000000000e+02
3.380000000000000000e+02 4.670000000000000000e+02
3.390000000000000000e+02 4.670000000000000000e+02
3.390000000000000000e+02 4.650000000000000000e+02
3.400000000000000000e+02 4.650000000000000000e+02
3.410000000000000000e+02 4.650000000000000000e+02
3.410000000000000000e+02 4.650000000000000000e+02
3.420000000000000000e+02 4.640000000000000000e+02
3.420000000000000000e+02 4.630000000000000000e+02
3.430000000000000000e+02 4.630000000000000000e+02
3.440000000000000000e+02 4.620000000000000000e+02
3.430000000000000000e+02 4.610000000000000000e+02
3.430000000000000000e+02 4.630000000000000000e+02
3.420000000000000000e+02 4.620000000000000000e+02
3.430000000000000000e+02 4.620000000000000000e+02
3.420000000000000000e+02 4.620000000000000000e+02
3.410000000000000000e+02 4.610000000000000000e+02
3.410000000000000000e+02 4.620000000000000000e+02
3.410000000000000000e+02 4.630000000000000000e+02
3.410000000000000000e+02 4.620000000000000000e+02
3.410000000000000000e+02 4.630000000000000000e+02
3.420000000000000000e+02 4.630000000000000000e+02
3.410000000000000000e+02 4.620000000000000000e+02
3.410000000000000000e+02 4.620000000000000000e+02
3.410000000000000000e+02 4.600000000000000000e+02
3.420000000000000000e+02 4.600000000000000000e+02
3.420000000000000000e+02 4.600000000000000000e+02
3.400000000000000000e+02 4.600000000000000000e+02
3.390000000000000000e+02 4.610000000000000000e+02
3.400000000000000000e+02 4.610000000000000000e+02
3.390000000000000000e+02 4.620000000000000000e+02
3.390000000000000000e+02 4.620000000000000000e+02
3.390000000000000000e+02 4.620000000000000000e+02
3.390000000000000000e+02 4.610000000000000000e+02
3.380000000000000000e+02 4.600000000000000000e+02
3.380000000000000000e+02 4.610000000000000000e+02
3.380000000000000000e+02 4.610000000000000000e+02
