# frames 101, center=[346, 434], duration=[700, 800], video=browniano sol 2_0
3.460000000000000000e+02 4.340000000000000000e+02
3.460000000000000000e+02 4.340000000000000000e+02
3.460000000000000000e+02 4.340000000000000000e+02
3.460000000000000000e+02 4.340000000000000000e+02
3.460000000000000000e+02 4.340000000000000000e+02
3.460000000000000000e+02 4.340000000000000000e+02
3.460000000000000000e+02 4.340000000000000000e+02
3.480000000000000000e+02 4.350000000000000000e+02
3.480000000000000000e+02 4.340000000000000000e+02
3.480000000000000000e+02 4.340000000000000000e+02
3.490000000000000000e+02 4.330000000000000000e+02
3.480000000000000000e+02 4.330000000000000000e+02
3.480000000000000000e+02 4.330000000000000000e+02
3.490000000000000000e+02 4.330000000000000000e+02
3.490000000000000000e+02 4.330000000000000000e+02
3.490000000000000000e+02 4.320000000000000000e+02
3.500000000000000000e+02 4.320000000000000000e+02
3.500000000000000000e+02 4.300000000000000000e+02
3.500000000000000000e+02 4.320000000000000000e+02
3.500000000000000000e+02 4.310000000000000000e+02
3.510000000000000000e+02 4.310000000000000000e+02
3.510000000000000000e+02 4.310000000000000000e+02
3.500000000000000000e+02 4.310000000000000000e+02
3.500000000000000000e+02 4.300000000000000000e+02
3.500000000000000000e+02 4.300000000000000000e+02
3.510000000000000000e+02 4.310000000000000000e+02
3.510000000000000000e+02 4.310000000000000000e+02
3.520000000000000000e+02 4.300000000000000000e+02
3.520000000000000000e+02 4.290000000000000000e+02
3.520000000000000000e+02 4.290000000000000000e+02
3.520000000000000000e+02 4.290000000000000000e+02
3.510000000000000000e+02 4.290000000000000000e+02
3.510000000000000000e+02 4.280000000000000000e+02
3.510000000000000000e+02 4.280000000000000000e+02
3.510000000000000000e+02 4.290000000000000000e+02
3.510000000000000000e+02 4.280000000000000000e+02
3.510000000000000000e+02 4.280000000000000000e+02
3.500000000000000000e+02 4.280000000000000000e+02
3.490000000000000000e+02 4.270000000000000000e+02
3.490000000000000000e+02 4.270000000000000000e+02
3.500000000000000000e+02 4.280000000000000000e+02
3.500000000000000000e+02 4.280000000000000000e+02
3.500000000000000000e+02 4.280000000000000000e+02
3.500000000000000000e+02 4.290000000000000000e+02
3.500000000000000000e+02 4.290000000000000000e+02
3.510000000000000000e+02 4.300000000000000000e+02
3.510000000000000000e+02 4.300000000000000000e+02
3.500000000000000000e+02 4.290000000000000000e+02
3.510000000000000000e+02 4.300000000000000000e+02
3.520000000000000000e+02 4.300000000000000000e+02
3.530000000000000000e+02 4.300000000000000000e+02
3.520000000000000000e+02 4.290000000000000000e+02
3.520000000000000000e+02 4.300000000000000000e+02
3.520000000000000000e+02 4.300000000000000000e+02
3.520000000000000000e+02 4.300000000000000000e+02
3.520000000000000000e+02 4.300000000000000000e+02
3.520000000000000000e+02 4.300000000000000000e+02
3.520000000000000000e+02 4.310000000000000000e+02
3.530000000000000000e+02 4.310000000000000000e+02
3.520000000000000000e+02 4.310000000000000000e+02
3.520000000000000000e+02 4.320000000000000000e+02
3.530000000000000000e+02 4.320000000000000000e+02
3.530000000000000000e+02 4.320000000000000000e+02
3.540000000000000000e+02 4.320000000000000000e+02
3.550000000000000000e+02 4.320000000000000000e+02
3.540000000000000000e+02 4.320000000000000000e+02
3.540000000000000000e+02 4.330000000000000000e+02
3.540000000000000000e+02 4.320000000000000000e+02
3.550000000000000000e+02 4.320000000000000000e+02
3.540000000000000000e+02 4.320000000000000000e+02
3.540000000000000000e+02 4.300000000000000000e+02
3.550000000000000000e+02 4.310000000000000000e+02
3.540000000000000000e+02 4.300000000000000000e+02
3.540000000000000000e+02 4.300000000000000000e+02
3.550000000000000000e+02 4.290000000000000000e+02
3.530000000000000000e+02 4.290000000000000000e+02
3.540000000000000000e+02 4.290000000000000000e+02
3.540000000000000000e+02 4.290000000000000000e+02
3.540000000000000000e+02 4.290000000000000000e+02
3.540000000000000000e+02 4.300000000000000000e+02
3.540000000000000000e+02 4.280000000000000000e+02
3.540000000000000000e+02 4.280000000000000000e+02
3.540000000000000000e+02 4.280000000000000000e+02
3.540000000000000000e+02 4.300000000000000000e+02
3.550000000000000000e+02 4.290000000000000000e+02
3.550000000000000000e+02 4.290000000000000000e+02
3.560000000000000000e+02 4.280000000000000000e+02
3.570000000000000000e+02 4.270000000000000000e+02
3.560000000000000000e+02 4.270000000000000000e+02
3.560000000000000000e+02 4.270000000000000000e+02
3.550000000000000000e+02 4.270000000000000000e+02
3.560000000000000000e+02 4.260000000000000000e+02
3.580000000000000000e+02 4.260000000000000000e+02
3.570000000000000000e+02 4.260000000000000000e+02
3.580000000000000000e+02 4.260000000000000000e+02
3.580000000000000000e+02 4.260000000000000000e+02
3.590000000000000000e+02 4.270000000000000000e+02
3.580000000000000000e+02 4.280000000000000000e+02
3.570000000000000000e+02 4.280000000000000000e+02
3.570000000000000000e+02 4.270000000000000000e+02
3.570000000000000000e+02 4.280000000000000000e+02
