# frames 101, center=[330, 475], duration=[100, 200], video=browniano sol 2_0
3.300000000000000000e+02 4.750000000000000000e+02
3.300000000000000000e+02 4.750000000000000000e+02
3.300000000000000000e+02 4.750000000000000000e+02
3.300000000000000000e+02 4.750000000000000000e+02
3.300000000000000000e+02 4.760000000000000000e+02
3.300000000000000000e+02 4.760000000000000000e+02
3.300000000000000000e+02 4.770000000000000000e+02
3.310000000000000000e+02 4.760000000000000000e+02
3.310000000000000000e+02 4.760000000000000000e+02
3.310000000000000000e+02 4.760000000000000000e+02
3.300000000000000000e+02 4.770000000000000000e+02
3.300000000000000000e+02 4.780000000000000000e+02
3.300000000000000000e+02 4.780000000000000000e+02
3.310000000000000000e+02 4.770000000000000000e+02
3.320000000000000000e+02 4.770000000000000000e+02
3.310000000000000000e+02 4.760000000000000000e+02
3.310000000000000000e+02 4.760000000000000000e+02
3.310000000000000000e+02 4.770000000000000000e+02
3.310000000000000000e+02 4.760000000000000000e+02
3.310000000000000000e+02 4.750000000000000000e+02
3.310000000000000000e+02 4.740000000000000000e+02
3.320000000000000000e+02 4.750000000000000000e+02
3.320000000000000000e+02 4.740000000000000000e+02
3.330000000000000000e+02 4.750000000000000000e+02
3.340000000000000000e+02 4.750000000000000000e+02
3.330000000000000000e+02 4.750000000000000000e+02
3.330000000000000000e+02 4.740000000000000000e+02
3.330000000000000000e+02 4.740000000000000000e+02
3.340000000000000000e+02 4.740000000000000000e+02
3.340000000000000000e+02 4.740000000000000000e+02
3.340000000000000000e+02 4.740000000000000000e+02
3.340000000000000000e+02 4.740000000000000000e+02
3.350000000000000000e+02 4.740000000000000000e+02
3.350000000000000000e+02 4.740000000000000000e+02
3.350000000000000000e+02 4.750000000000000000e+02
3.370000000000000000e+02 4.750000000000000000e+02
3.380000000000000000e+02 4.750000000000000000e+02
3.380000000000000000e+02 4.740000000000000000e+02
3.370000000000000000e+02 4.750000000000000000e+02
3.370000000000000000e+02 4.750000000000000000e+02
3.370000000000000000e+02 4.750000000000000000e+02
3.370000000000000000e+02 4.740000000000000000e+02
3.370000000000000000e+02 4.740000000000000000e+02
3.370000000000000000e+02 4.750000000000000000e+02
3.370000000000000000e+02 4.750000000000000000e+02
3.360000000000000000e+02 4.750000000000000000e+02
3.360000000000000000e+02 4.740000000000000000e+02
3.380000000000000000e+02 4.740000000000000000e+02
3.370000000000000000e+02 4.750000000000000000e+02
3.380000000000000000e+02 4.730000000000000000e+02
3.380000000000000000e+02 4.740000000000000000e+02
3.380000000000000000e+02 4.740000000000000000e+02
3.390000000000000000e+02 4.720000000000000000e+02
3.390000000000000000e+02 4.720000000000000000e+02
3.390000000000000000e+02 4.720000000000000000e+02
3.400000000000000000e+02 4.720000000000000000e+02
3.400000000000000000e+02 4.730000000000000000e+02
3.400000000000000000e+02 4.730000000000000000e+02
3.400000000000000000e+02 4.720000000000000000e+02
3.380000000000000000e+02 4.730000000000000000e+02
3.370000000000000000e+02 4.730000000000000000e+02
3.370000000000000000e+02 4.730000000000000000e+02
3.370000000000000000e+02 4.720000000000000000e+02
3.380000000000000000e+02 4.720000000000000000e+02
3.380000000000000000e+02 4.710000000000000000e+02
3.380000000000000000e+02 4.700000000000000000e+02
3.380000000000000000e+02 4.700000000000000000e+02
3.390000000000000000e+02 4.700000000000000000e+02
3.390000000000000000e+02 4.700000000000000000e+02
3.390000000000000000e+02 4.690000000000000000e+02
3.400000000000000000e+02 4.700000000000000000e+02
3.390000000000000000e+02 4.700000000000000000e+02
3.390000000000000000e+02 4.720000000000000000e+02
3.390000000000000000e+02 4.720000000000000000e+02
3.390000000000000000e+02 4.720000000000000000e+02
3.390000000000000000e+02 4.710000000000000000e+02
3.380000000000000000e+02 4.710000000000000000e+02
3.380000000000000000e+02 4.720000000000000000e+02
3.380000000000000000e+02 4.720000000000000000e+02
3.360000000000000000e+02 4.720000000000000000e+02
3.360000000000000000e+02 4.720000000000000000e+02
3.360000000000000000e+02 4.710000000000000000e+02
3.360000000000000000e+02 4.720000000000000000e+02
3.360000000000000000e+02 4.720000000000000000e+02
3.370000000000000000e+02 4.710000000000000000e+02
3.370000000000000000e+02 4.710000000000000000e+02
3.370000000000000000e+02 4.710000000000000000e+02
3.370000000000000000e+02 4.700000000000000000e+02
3.380000000000000000e+02 4.690000000000000000e+02
3.380000000000000000e+02 4.680000000000000000e+02
3.380000000000000000e+02 4.680000000000000000e+02
3.380000000000000000e+02 4.680000000000000000e+02
3.380000000000000000e+02 4.680000000000000000e+02
3.370000000000000000e+02 4.680000000000000000e+02
3.370000000000000000e+02 4.680000000000000000e+02
3.370000000000000000e+02 4.680000000000000000e+02
3.360000000000000000e+02 4.690000000000000000e+02
3.360000000000000000e+02 4.690000000000000000e+02
3.360000000000000000e+02 4.690000000000000000e+02
3.360000000000000000e+02 4.690000000000000000e+02
3.360000000000000000e+02 4.690000000000000000e+02
