# frames 101, center=[349, 416], duration=[900, 1000], video=browniano sol 2_0
3.490000000000000000e+02 4.160000000000000000e+02
3.490000000000000000e+02 4.160000000000000000e+02
3.490000000000000000e+02 4.160000000000000000e+02
3.500000000000000000e+02 4.170000000000000000e+02
3.500000000000000000e+02 4.170000000000000000e+02
3.500000000000000000e+02 4.180000000000000000e+02
3.500000000000000000e+02 4.170000000000000000e+02
3.500000000000000000e+02 4.170000000000000000e+02
3.510000000000000000e+02 4.170000000000000000e+02
3.510000000000000000e+02 4.170000000000000000e+02
3.520000000000000000e+02 4.170000000000000000e+02
3.510000000000000000e+02 4.170000000000000000e+02
3.510000000000000000e+02 4.170000000000000000e+02
3.520000000000000000e+02 4.180000000000000000e+02
3.520000000000000000e+02 4.180000000000000000e+02
3.520000000000000000e+02 4.190000000000000000e+02
3.520000000000000000e+02 4.190000000000000000e+02
3.530000000000000000e+02 4.180000000000000000e+02
3.530000000000000000e+02 4.190000000000000000e+02
3.530000000000000000e+02 4.190000000000000000e+02
3.530000000000000000e+02 4.200000000000000000e+02
3.540000000000000000e+02 4.200000000000000000e+02
3.530000000000000000e+02 4.200000000000000000e+02
3.530000000000000000e+02 4.200000000000000000e+02
3.540000000000000000e+02 4.190000000000000000e+02
3.540000000000000000e+02 4.180000000000000000e+02
3.530000000000000000e+02 4.180000000000000000e+02
3.530000000000000000e+02 4.180000000000000000e+02
3.530000000000000000e+02 4.180000000000000000e+02
3.530000000000000000e+02 4.200000000000000000e+02
3.530000000000000000e+02 4.200000000000000000e+02
3.550000000000000000e+02 4.200000000000000000e+02
3.550000000000000000e+02 4.200000000000000000e+02
3.560000000000000000e+02 4.200000000000000000e+02
3.550000000000000000e+02 4.200000000000000000e+02
3.550000000000000000e+02 4.200000000000000000e+02
3.540000000000000000e+02 4.190000000000000000e+02
3.540000000000000000e+02 4.200000000000000000e+02
3.540000000000000000e+02 4.200000000000000000e+02
3.540000000000000000e+02 4.190000000000000000e+02
3.540000000000000000e+02 4.190000000000000000e+02
3.540000000000000000e+02 4.190000000000000000e+02
3.540000000000000000e+02 4.190000000000000000e+02
3.550000000000000000e+02 4.180000000000000000e+02
3.540000000000000000e+02 4.180000000000000000e+02
3.540000000000000000e+02 4.180000000000000000e+02
3.550000000000000000e+02 4.190000000000000000e+02
3.550000000000000000e+02 4.200000000000000000e+02
3.540000000000000000e+02 4.200000000000000000e+02
3.540000000000000000e+02 4.200000000000000000e+02
3.550000000000000000e+02 4.200000000000000000e+02
3.550000000000000000e+02 4.200000000000000000e+02
3.550000000000000000e+02 4.200000000000000000e+02
3.550000000000000000e+02 4.200000000000000000e+02
3.540000000000000000e+02 4.210000000000000000e+02
3.520000000000000000e+02 4.220000000000000000e+02
3.530000000000000000e+02 4.220000000000000000e+02
3.520000000000000000e+02 4.220000000000000000e+02
3.520000000000000000e+02 4.220000000000000000e+02
3.530000000000000000e+02 4.210000000000000000e+02
3.530000000000000000e+02 4.200000000000000000e+02
3.530000000000000000e+02 4.200000000000000000e+02
3.530000000000000000e+02 4.200000000000000000e+02
3.530000000000000000e+02 4.200000000000000000e+02
3.530000000000000000e+02 4.200000000000000000e+02
3.540000000000000000e+02 4.210000000000000000e+02
3.550000000000000000e+02 4.200000000000000000e+02
3.550000000000000000e+02 4.200000000000000000e+02
3.550000000000000000e+02 4.200000000000000000e+02
3.550000000000000000e+02 4.200000000000000000e+02
3.540000000000000000e+02 4.190000000000000000e+02
3.540000000000000000e+02 4.190000000000000000e+02
3.550000000000000000e+02 4.190000000000000000e+02
3.540000000000000000e+02 4.200000000000000000e+02
3.540000000000000000e+02 4.200000000000000000e+02
3.530000000000000000e+02 4.200000000000000000e+02
3.540000000000000000e+02 4.200000000000000000e+02
3.550000000000000000e+02 4.200000000000000000e+02
3.540000000000000000e+02 4.190000000000000000e+02
3.540000000000000000e+02 4.200000000000000000e+02
3.540000000000000000e+02 4.200000000000000000e+02
3.530000000000000000e+02 4.200000000000000000e+02
3.540000000000000000e+02 4.210000000000000000e+02
3.530000000000000000e+02 4.210000000000000000e+02
3.520000000000000000e+02 4.210000000000000000e+02
3.530000000000000000e+02 4.220000000000000000e+02
3.530000000000000000e+02 4.220000000000000000e+02
3.530000000000000000e+02 4.210000000000000000e+02
3.530000000000000000e+02 4.210000000000000000e+02
3.530000000000000000e+02 4.220000000000000000e+02
3.530000000000000000e+02 4.200000000000000000e+02
3.540000000000000000e+02 4.210000000000000000e+02
3.540000000000000000e+02 4.200000000000000000e+02
3.540000000000000000e+02 4.200000000000000000e+02
3.540000000000000000e+02 4.210000000000000000e+02
3.540000000000000000e+02 4.210000000000000000e+02
3.540000000000000000e+02 4.210000000000000000e+02
3.550000000000000000e+02 4.200000000000000000e+02
3.530000000000000000e+02 4.200000000000000000e+02
3.520000000000000000e+02 4.200000000000000000e+02
3.530000000000000000e+02 4.210000000000000000e+02
