# frames 101, center=[342, 444], duration=[400, 500], video=browniano sol 2_0
3.420000000000000000e+02 4.440000000000000000e+02
3.420000000000000000e+02 4.440000000000000000e+02
3.420000000000000000e+02 4.440000000000000000e+02
3.420000000000000000e+02 4.440000000000000000e+02
3.420000000000000000e+02 4.440000000000000000e+02
3.410000000000000000e+02 4.450000000000000000e+02
3.410000000000000000e+02 4.450000000000000000e+02
3.410000000000000000e+02 4.440000000000000000e+02
3.410000000000000000e+02 4.440000000000000000e+02
3.410000000000000000e+02 4.430000000000000000e+02
3.400000000000000000e+02 4.440000000000000000e+02
3.400000000000000000e+02 4.450000000000000000e+02
3.400000000000000000e+02 4.440000000000000000e+02
3.410000000000000000e+02 4.450000000000000000e+02
3.410000000000000000e+02 4.450000000000000000e+02
3.410000000000000000e+02 4.450000000000000000e+02
3.400000000000000000e+02 4.450000000000000000e+02
3.420000000000000000e+02 4.460000000000000000e+02
3.420000000000000000e+02 4.450000000000000000e+02
3.410000000000000000e+02 4.440000000000000000e+02
3.420000000000000000e+02 4.440000000000000000e+02
3.410000000000000000e+02 4.450000000000000000e+02
3.410000000000000000e+02 4.450000000000000000e+02
3.410000000000000000e+02 4.450000000000000000e+02
3.400000000000000000e+02 4.460000000000000000e+02
3.410000000000000000e+02 4.460000000000000000e+02
3.410000000000000000e+02 4.460000000000000000e+02
3.410000000000000000e+02 4.460000000000000000e+02
3.400000000000000000e+02 4.460000000000000000e+02
3.390000000000000000e+02 4.460000000000000000e+02
3.400000000000000000e+02 4.460000000000000000e+02
3.400000000000000000e+02 4.470000000000000000e+02
3.410000000000000000e+02 4.480000000000000000e+02
3.410000000000000000e+02 4.470000000000000000e+02
3.410000000000000000e+02 4.470000000000000000e+02
3.410000000000000000e+02 4.480000000000000000e+02
3.420000000000000000e+02 4.480000000000000000e+02
3.430000000000000000e+02 4.480000000000000000e+02
3.430000000000000000e+02 4.480000000000000000e+02
3.430000000000000000e+02 4.470000000000000000e+02
3.440000000000000000e+02 4.460000000000000000e+02
3.440000000000000000e+02 4.460000000000000000e+02
3.450000000000000000e+02 4.460000000000000000e+02
3.460000000000000000e+02 4.460000000000000000e+02
3.440000000000000000e+02 4.460000000000000000e+02
3.440000000000000000e+02 4.460000000000000000e+02
3.440000000000000000e+02 4.450000000000000000e+02
3.440000000000000000e+02 4.460000000000000000e+02
3.440000000000000000e+02 4.460000000000000000e+02
3.450000000000000000e+02 4.450000000000000000e+02
3.450000000000000000e+02 4.450000000000000000e+02
3.450000000000000000e+02 4.450000000000000000e+02
3.450000000000000000e+02 4.450000000000000000e+02
3.440000000000000000e+02 4.450000000000000000e+02
3.440000000000000000e+02 4.440000000000000000e+02
3.440000000000000000e+02 4.440000000000000000e+02
3.430000000000000000e+02 4.450000000000000000e+02
3.430000000000000000e+02 4.450000000000000000e+02
3.440000000000000000e+02 4.440000000000000000e+02
3.440000000000000000e+02 4.450000000000000000e+02
3.440000000000000000e+02 4.440000000000000000e+02
3.440000000000000000e+02 4.440000000000000000e+02
3.450000000000000000e+02 4.430000000000000000e+02
3.450000000000000000e+02 4.430000000000000000e+02
3.440000000000000000e+02 4.420000000000000000e+02
3.450000000000000000e+02 4.410000000000000000e+02
3.450000000000000000e+02 4.420000000000000000e+02
3.450000000000000000e+02 4.430000000000000000e+02
3.450000000000000000e+02 4.420000000000000000e+02
3.460000000000000000e+02 4.420000000000000000e+02
3.460000000000000000e+02 4.420000000000000000e+02
3.460000000000000000e+02 4.420000000000000000e+02
3.470000000000000000e+02 4.430000000000000000e+02
3.460000000000000000e+02 4.430000000000000000e+02
3.450000000000000000e+02 4.430000000000000000e+02
3.450000000000000000e+02 4.430000000000000000e+02
3.450000000000000000e+02 4.430000000000000000e+02
3.450000000000000000e+02 4.430000000000000000e+02
3.450000000000000000e+02 4.430000000000000000e+02
3.450000000000000000e+02 4.430000000000000000e+02
3.460000000000000000e+02 4.440000000000000000e+02
3.460000000000000000e+02 4.440000000000000000e+02
3.470000000000000000e+02 4.440000000000000000e+02
3.480000000000000000e+02 4.430000000000000000e+02
3.480000000000000000e+02 4.430000000000000000e+02
3.470000000000000000e+02 4.440000000000000000e+02
3.470000000000000000e+02 4.430000000000000000e+02
3.470000000000000000e+02 4.430000000000000000e+02
3.460000000000000000e+02 4.420000000000000000e+02
3.470000000000000000e+02 4.430000000000000000e+02
3.460000000000000000e+02 4.420000000000000000e+02
3.450000000000000000e+02 4.420000000000000000e+02
3.450000000000000000e+02 4.430000000000000000e+02
3.440000000000000000e+02 4.420000000000000000e+02
3.450000000000000000e+02 4.430000000000000000e+02
3.450000000000000000e+02 4.430000000000000000e+02
3.460000000000000000e+02 4.420000000000000000e+02
3.450000000000000000e+02 4.430000000000000000e+02
3.450000000000000000e+02 4.420000000000000000e+02
3.460000000000000000e+02 4.420000000000000000e+02
3.460000000000000000e+02 4.420000000000000000e+02
