# frames 101, center=[395, 501], duration=[200, 300], video=browniano sol 2_0
3.950000000000000000e+02 5.010000000000000000e+02
3.950000000000000000e+02 5.010000000000000000e+02
3.950000000000000000e+02 5.010000000000000000e+02
3.950000000000000000e+02 5.000000000000000000e+02
3.950000000000000000e+02 4.990000000000000000e+02
3.940000000000000000e+02 4.990000000000000000e+02
3.940000000000000000e+02 4.990000000000000000e+02
3.920000000000000000e+02 4.980000000000000000e+02
3.920000000000000000e+02 4.980000000000000000e+02
3.920000000000000000e+02 4.980000000000000000e+02
3.910000000000000000e+02 4.970000000000000000e+02
3.910000000000000000e+02 4.970000000000000000e+02
3.920000000000000000e+02 4.980000000000000000e+02
3.920000000000000000e+02 4.980000000000000000e+02
3.930000000000000000e+02 4.980000000000000000e+02
3.930000000000000000e+02 4.980000000000000000e+02
3.930000000000000000e+02 4.990000000000000000e+02
3.930000000000000000e+02 5.000000000000000000e+02
3.930000000000000000e+02 4.990000000000000000e+02
3.930000000000000000e+02 5.000000000000000000e+02
3.920000000000000000e+02 5.000000000000000000e+02
3.920000000000000000e+02 4.990000000000000000e+02
3.920000000000000000e+02 4.990000000000000000e+02
3.920000000000000000e+02 4.990000000000000000e+02
3.930000000000000000e+02 4.990000000000000000e+02
3.930000000000000000e+02 4.990000000000000000e+02
3.940000000000000000e+02 4.990000000000000000e+02
3.930000000000000000e+02 4.990000000000000000e+02
3.940000000000000000e+02 4.990000000000000000e+02
3.950000000000000000e+02 4.990000000000000000e+02
3.950000000000000000e+02 4.990000000000000000e+02
3.950000000000000000e+02 4.980000000000000000e+02
3.950000000000000000e+02 4.980000000000000000e+02
3.950000000000000000e+02 4.970000000000000000e+02
3.950000000000000000e+02 4.960000000000000000e+02
3.960000000000000000e+02 4.960000000000000000e+02
3.960000000000000000e+02 4.950000000000000000e+02
3.960000000000000000e+02 4.950000000000000000e+02
3.940000000000000000e+02 4.940000000000000000e+02
3.940000000000000000e+02 4.930000000000000000e+02
3.940000000000000000e+02 4.930000000000000000e+02
3.930000000000000000e+02 4.930000000000000000e+02
3.920000000000000000e+02 4.940000000000000000e+02
3.930000000000000000e+02 4.950000000000000000e+02
3.930000000000000000e+02 4.960000000000000000e+02
3.930000000000000000e+02 4.950000000000000000e+02
3.930000000000000000e+02 4.950000000000000000e+02
3.920000000000000000e+02 4.940000000000000000e+02
3.920000000000000000e+02 4.940000000000000000e+02
3.910000000000000000e+02 4.950000000000000000e+02
3.900000000000000000e+02 4.940000000000000000e+02
3.890000000000000000e+02 4.950000000000000000e+02
3.900000000000000000e+02 4.950000000000000000e+02
3.900000000000000000e+02 4.950000000000000000e+02
3.900000000000000000e+02 4.950000000000000000e+02
3.890000000000000000e+02 4.950000000000000000e+02
3.900000000000000000e+02 4.950000000000000000e+02
3.890000000000000000e+02 4.950000000000000000e+02
3.890000000000000000e+02 4.940000000000000000e+02
3.900000000000000000e+02 4.940000000000000000e+02
3.890000000000000000e+02 4.940000000000000000e+02
3.890000000000000000e+02 4.930000000000000000e+02
3.880000000000000000e+02 4.920000000000000000e+02
3.890000000000000000e+02 4.920000000000000000e+02
3.880000000000000000e+02 4.920000000000000000e+02
3.890000000000000000e+02 4.920000000000000000e+02
3.900000000000000000e+02 4.920000000000000000e+02
3.890000000000000000e+02 4.920000000000000000e+02
3.890000000000000000e+02 4.910000000000000000e+02
3.890000000000000000e+02 4.910000000000000000e+02
3.900000000000000000e+02 4.920000000000000000e+02
3.880000000000000000e+02 4.920000000000000000e+02
3.880000000000000000e+02 4.930000000000000000e+02
3.880000000000000000e+02 4.940000000000000000e+02
3.880000000000000000e+02 4.930000000000000000e+02
3.880000000000000000e+02 4.920000000000000000e+02
3.880000000000000000e+02 4.920000000000000000e+02
3.880000000000000000e+02 4.920000000000000000e+02
3.890000000000000000e+02 4.920000000000000000e+02
3.890000000000000000e+02 4.920000000000000000e+02
3.890000000000000000e+02 4.920000000000000000e+02
3.880000000000000000e+02 4.920000000000000000e+02
3.880000000000000000e+02 4.920000000000000000e+02
3.880000000000000000e+02 4.920000000000000000e+02
3.870000000000000000e+02 4.930000000000000000e+02
3.870000000000000000e+02 4.930000000000000000e+02
3.860000000000000000e+02 4.920000000000000000e+02
3.860000000000000000e+02 4.920000000000000000e+02
3.860000000000000000e+02 4.920000000000000000e+02
3.880000000000000000e+02 4.920000000000000000e+02
3.870000000000000000e+02 4.920000000000000000e+02
3.860000000000000000e+02 4.910000000000000000e+02
3.860000000000000000e+02 4.910000000000000000e+02
3.870000000000000000e+02 4.910000000000000000e+02
3.870000000000000000e+02 4.910000000000000000e+02
3.870000000000000000e+02 4.910000000000000000e+02
3.860000000000000000e+02 4.900000000000000000e+02
3.870000000000000000e+02 4.910000000000000000e+02
3.870000000000000000e+02 4.910000000000000000e+02
3.870000000000000000e+02 4.930000000000000000e+02
3.880000000000000000e+02 4.930000000000000000e+02
