# frames 101, center=[380, 481], duration=[400, 500], video=browniano sol 2_0
3.800000000000000000e+02 4.810000000000000000e+02
3.800000000000000000e+02 4.810000000000000000e+02
3.800000000000000000e+02 4.810000000000000000e+02
3.810000000000000000e+02 4.810000000000000000e+02
3.800000000000000000e+02 4.810000000000000000e+02
3.810000000000000000e+02 4.820000000000000000e+02
3.810000000000000000e+02 4.830000000000000000e+02
3.810000000000000000e+02 4.820000000000000000e+02
3.810000000000000000e+02 4.820000000000000000e+02
3.810000000000000000e+02 4.820000000000000000e+02
3.820000000000000000e+02 4.810000000000000000e+02
3.810000000000000000e+02 4.800000000000000000e+02
3.820000000000000000e+02 4.810000000000000000e+02
3.820000000000000000e+02 4.820000000000000000e+02
3.820000000000000000e+02 4.820000000000000000e+02
3.830000000000000000e+02 4.800000000000000000e+02
3.830000000000000000e+02 4.810000000000000000e+02
3.830000000000000000e+02 4.800000000000000000e+02
3.830000000000000000e+02 4.800000000000000000e+02
3.830000000000000000e+02 4.780000000000000000e+02
3.840000000000000000e+02 4.790000000000000000e+02
3.840000000000000000e+02 4.800000000000000000e+02
3.850000000000000000e+02 4.800000000000000000e+02
3.870000000000000000e+02 4.800000000000000000e+02
3.870000000000000000e+02 4.800000000000000000e+02
3.880000000000000000e+02 4.810000000000000000e+02
3.880000000000000000e+02 4.820000000000000000e+02
3.870000000000000000e+02 4.820000000000000000e+02
3.880000000000000000e+02 4.810000000000000000e+02
3.870000000000000000e+02 4.810000000000000000e+02
3.880000000000000000e+02 4.810000000000000000e+02
3.880000000000000000e+02 4.820000000000000000e+02
3.880000000000000000e+02 4.810000000000000000e+02
3.890000000000000000e+02 4.800000000000000000e+02
3.880000000000000000e+02 4.810000000000000000e+02
3.890000000000000000e+02 4.800000000000000000e+02
3.900000000000000000e+02 4.810000000000000000e+02
3.900000000000000000e+02 4.810000000000000000e+02
3.900000000000000000e+02 4.820000000000000000e+02
3.900000000000000000e+02 4.830000000000000000e+02
3.900000000000000000e+02 4.820000000000000000e+02
3.900000000000000000e+02 4.820000000000000000e+02
3.910000000000000000e+02 4.830000000000000000e+02
3.920000000000000000e+02 4.830000000000000000e+02
3.920000000000000000e+02 4.830000000000000000e+02
3.920000000000000000e+02 4.830000000000000000e+02
3.920000000000000000e+02 4.840000000000000000e+02
3.920000000000000000e+02 4.830000000000000000e+02
3.930000000000000000e+02 4.830000000000000000e+02
3.930000000000000000e+02 4.840000000000000000e+02
3.940000000000000000e+02 4.840000000000000000e+02
3.950000000000000000e+02 4.840000000000000000e+02
3.950000000000000000e+02 4.830000000000000000e+02
3.940000000000000000e+02 4.820000000000000000e+02
3.930000000000000000e+02 4.830000000000000000e+02
3.930000000000000000e+02 4.840000000000000000e+02
3.930000000000000000e+02 4.830000000000000000e+02
3.920000000000000000e+02 4.830000000000000000e+02
3.910000000000000000e+02 4.840000000000000000e+02
3.930000000000000000e+02 4.840000000000000000e+02
3.930000000000000000e+02 4.830000000000000000e+02
3.940000000000000000e+02 4.840000000000000000e+02
3.940000000000000000e+02 4.840000000000000000e+02
3.940000000000000000e+02 4.850000000000000000e+02
3.940000000000000000e+02 4.850000000000000000e+02
3.940000000000000000e+02 4.850000000000000000e+02
3.940000000000000000e+02 4.850000000000000000e+02
3.940000000000000000e+02 4.850000000000000000e+02
3.950000000000000000e+02 4.840000000000000000e+02
3.950000000000000000e+02 4.840000000000000000e+02
3.940000000000000000e+02 4.850000000000000000e+02
3.940000000000000000e+02 4.860000000000000000e+02
3.950000000000000000e+02 4.860000000000000000e+02
3.940000000000000000e+02 4.870000000000000000e+02
3.930000000000000000e+02 4.860000000000000000e+02
3.930000000000000000e+02 4.870000000000000000e+02
3.930000000000000000e+02 4.870000000000000000e+02
3.940000000000000000e+02 4.860000000000000000e+02
3.940000000000000000e+02 4.870000000000000000e+02
3.950000000000000000e+02 4.880000000000000000e+02
3.940000000000000000e+02 4.890000000000000000e+02
3.940000000000000000e+02 4.890000000000000000e+02
3.930000000000000000e+02 4.880000000000000000e+02
3.930000000000000000e+02 4.880000000000000000e+02
3.930000000000000000e+02 4.870000000000000000e+02
3.930000000000000000e+02 4.870000000000000000e+02
3.940000000000000000e+02 4.860000000000000000e+02
3.920000000000000000e+02 4.860000000000000000e+02
3.910000000000000000e+02 4.860000000000000000e+02
3.920000000000000000e+02 4.850000000000000000e+02
3.910000000000000000e+02 4.840000000000000000e+02
3.910000000000000000e+02 4.840000000000000000e+02
3.910000000000000000e+02 4.840000000000000000e+02
3.900000000000000000e+02 4.840000000000000000e+02
3.910000000000000000e+02 4.830000000000000000e+02
3.910000000000000000e+02 4.850000000000000000e+02
3.920000000000000000e+02 4.850000000000000000e+02
3.930000000000000000e+02 4.860000000000000000e+02
3.920000000000000000e+02 4.850000000000000000e+02
3.930000000000000000e+02 4.860000000000000000e+02
3.940000000000000000e+02 4.870000000000000000e+02
