# frames 101, center=[412, 491], duration=[800, 900], video=browniano sol 2_0
4.120000000000000000e+02 4.910000000000000000e+02
4.120000000000000000e+02 4.910000000000000000e+02
4.120000000000000000e+02 4.910000000000000000e+02
4.130000000000000000e+02 4.900000000000000000e+02
4.130000000000000000e+02 4.910000000000000000e+02
4.130000000000000000e+02 4.900000000000000000e+02
4.130000000000000000e+02 4.900000000000000000e+02
4.130000000000000000e+02 4.900000000000000000e+02
4.130000000000000000e+02 4.910000000000000000e+02
4.130000000000000000e+02 4.910000000000000000e+02
4.120000000000000000e+02 4.910000000000000000e+02
4.100000000000000000e+02 4.900000000000000000e+02
4.110000000000000000e+02 4.920000000000000000e+02
4.110000000000000000e+02 4.920000000000000000e+02
4.100000000000000000e+02 4.920000000000000000e+02
4.100000000000000000e+02 4.930000000000000000e+02
4.100000000000000000e+02 4.930000000000000000e+02
4.100000000000000000e+02 4.940000000000000000e+02
4.110000000000000000e+02 4.940000000000000000e+02
4.110000000000000000e+02 4.940000000000000000e+02
4.120000000000000000e+02 4.940000000000000000e+02
4.120000000000000000e+02 4.930000000000000000e+02
4.120000000000000000e+02 4.940000000000000000e+02
4.120000000000000000e+02 4.950000000000000000e+02
4.110000000000000000e+02 4.950000000000000000e+02
4.110000000000000000e+02 4.940000000000000000e+02
4.120000000000000000e+02 4.950000000000000000e+02
4.110000000000000000e+02 4.940000000000000000e+02
4.110000000000000000e+02 4.940000000000000000e+02
4.110000000000000000e+02 4.960000000000000000e+02
4.110000000000000000e+02 4.960000000000000000e+02
4.100000000000000000e+02 4.950000000000000000e+02
4.100000000000000000e+02 4.960000000000000000e+02
4.110000000000000000e+02 4.960000000000000000e+02
4.110000000000000000e+02 4.970000000000000000e+02
4.090000000000000000e+02 4.960000000000000000e+02
4.090000000000000000e+02 4.970000000000000000e+02
4.090000000000000000e+02 4.980000000000000000e+02
4.090000000000000000e+02 4.980000000000000000e+02
4.090000000000000000e+02 4.990000000000000000e+02
4.080000000000000000e+02 4.970000000000000000e+02
4.070000000000000000e+02 4.950000000000000000e+02
4.070000000000000000e+02 4.960000000000000000e+02
4.070000000000000000e+02 4.970000000000000000e+02
4.080000000000000000e+02 4.970000000000000000e+02
4.080000000000000000e+02 4.970000000000000000e+02
4.050000000000000000e+02 4.970000000000000000e+02
4.040000000000000000e+02 4.970000000000000000e+02
4.050000000000000000e+02 4.980000000000000000e+02
4.040000000000000000e+02 4.980000000000000000e+02
4.050000000000000000e+02 4.980000000000000000e+02
4.050000000000000000e+02 4.970000000000000000e+02
4.040000000000000000e+02 4.970000000000000000e+02
4.030000000000000000e+02 4.970000000000000000e+02
4.030000000000000000e+02 4.970000000000000000e+02
4.030000000000000000e+02 4.980000000000000000e+02
4.030000000000000000e+02 4.970000000000000000e+02
4.030000000000000000e+02 4.960000000000000000e+02
4.000000000000000000e+02 4.960000000000000000e+02
4.000000000000000000e+02 4.960000000000000000e+02
3.980000000000000000e+02 4.950000000000000000e+02
3.970000000000000000e+02 4.940000000000000000e+02
3.970000000000000000e+02 4.940000000000000000e+02
3.970000000000000000e+02 4.950000000000000000e+02
3.980000000000000000e+02 4.940000000000000000e+02
3.990000000000000000e+02 4.950000000000000000e+02
3.980000000000000000e+02 4.940000000000000000e+02
3.980000000000000000e+02 4.930000000000000000e+02
3.980000000000000000e+02 4.930000000000000000e+02
3.980000000000000000e+02 4.930000000000000000e+02
3.980000000000000000e+02 4.930000000000000000e+02
3.980000000000000000e+02 4.930000000000000000e+02
3.980000000000000000e+02 4.930000000000000000e+02
3.980000000000000000e+02 4.920000000000000000e+02
3.970000000000000000e+02 4.910000000000000000e+02
3.980000000000000000e+02 4.910000000000000000e+02
3.970000000000000000e+02 4.910000000000000000e+02
3.980000000000000000e+02 4.910000000000000000e+02
3.980000000000000000e+02 4.910000000000000000e+02
3.990000000000000000e+02 4.900000000000000000e+02
3.990000000000000000e+02 4.890000000000000000e+02
3.980000000000000000e+02 4.890000000000000000e+02
3.980000000000000000e+02 4.890000000000000000e+02
4.000000000000000000e+02 4.900000000000000000e+02
3.990000000000000000e+02 4.900000000000000000e+02
3.990000000000000000e+02 4.900000000000000000e+02
3.990000000000000000e+02 4.890000000000000000e+02
3.980000000000000000e+02 4.890000000000000000e+02
3.970000000000000000e+02 4.890000000000000000e+02
3.990000000000000000e+02 4.900000000000000000e+02
3.990000000000000000e+02 4.890000000000000000e+02
3.980000000000000000e+02 4.900000000000000000e+02
3.990000000000000000e+02 4.910000000000000000e+02
4.000000000000000000e+02 4.930000000000000000e+02
4.000000000000000000e+02 4.940000000000000000e+02
4.000000000000000000e+02 4.940000000000000000e+02
4.000000000000000000e+02 4.950000000000000000e+02
4.000000000000000000e+02 4.950000000000000000e+02
3.990000000000000000e+02 4.960000000000000000e+02
4.010000000000000000e+02 4.950000000000000000e+02
4.000000000000000000e+02 4.950000000000000000e+02
