# frames 101, center=[393, 503], duration=[0, 100], video=browniano sol 2_0
3.930000000000000000e+02 5.030000000000000000e+02
3.930000000000000000e+02 5.030000000000000000e+02
3.930000000000000000e+02 5.030000000000000000e+02
3.930000000000000000e+02 5.030000000000000000e+02
3.930000000000000000e+02 5.010000000000000000e+02
3.930000000000000000e+02 5.010000000000000000e+02
3.930000000000000000e+02 5.020000000000000000e+02
3.940000000000000000e+02 5.010000000000000000e+02
3.930000000000000000e+02 5.000000000000000000e+02
3.930000000000000000e+02 4.990000000000000000e+02
3.910000000000000000e+02 4.990000000000000000e+02
3.890000000000000000e+02 4.980000000000000000e+02
3.890000000000000000e+02 4.970000000000000000e+02
3.900000000000000000e+02 4.990000000000000000e+02
3.900000000000000000e+02 5.000000000000000000e+02
3.900000000000000000e+02 5.000000000000000000e+02
3.910000000000000000e+02 5.000000000000000000e+02
3.920000000000000000e+02 5.000000000000000000e+02
3.920000000000000000e+02 5.010000000000000000e+02
3.920000000000000000e+02 5.020000000000000000e+02
3.920000000000000000e+02 5.010000000000000000e+02
3.930000000000000000e+02 5.030000000000000000e+02
3.930000000000000000e+02 5.030000000000000000e+02
3.930000000000000000e+02 5.030000000000000000e+02
3.920000000000000000e+02 5.040000000000000000e+02
3.930000000000000000e+02 5.040000000000000000e+02
3.930000000000000000e+02 5.050000000000000000e+02
3.920000000000000000e+02 5.040000000000000000e+02
3.910000000000000000e+02 5.040000000000000000e+02
3.900000000000000000e+02 5.050000000000000000e+02
3.900000000000000000e+02 5.040000000000000000e+02
3.900000000000000000e+02 5.040000000000000000e+02
3.900000000000000000e+02 5.040000000000000000e+02
3.910000000000000000e+02 5.050000000000000000e+02
3.910000000000000000e+02 5.050000000000000000e+02
3.910000000000000000e+02 5.050000000000000000e+02
3.900000000000000000e+02 5.040000000000000000e+02
3.910000000000000000e+02 5.050000000000000000e+02
3.910000000000000000e+02 5.050000000000000000e+02
3.930000000000000000e+02 5.040000000000000000e+02
3.940000000000000000e+02 5.030000000000000000e+02
3.930000000000000000e+02 5.030000000000000000e+02
3.930000000000000000e+02 5.020000000000000000e+02
3.930000000000000000e+02 5.020000000000000000e+02
3.940000000000000000e+02 5.000000000000000000e+02
3.930000000000000000e+02 5.000000000000000000e+02
3.940000000000000000e+02 4.990000000000000000e+02
3.940000000000000000e+02 5.000000000000000000e+02
3.940000000000000000e+02 5.000000000000000000e+02
3.940000000000000000e+02 5.020000000000000000e+02
3.940000000000000000e+02 5.010000000000000000e+02
3.930000000000000000e+02 5.010000000000000000e+02
3.930000000000000000e+02 5.010000000000000000e+02
3.930000000000000000e+02 5.010000000000000000e+02
3.930000000000000000e+02 5.010000000000000000e+02
3.940000000000000000e+02 5.020000000000000000e+02
3.940000000000000000e+02 5.020000000000000000e+02
3.940000000000000000e+02 5.020000000000000000e+02
3.940000000000000000e+02 5.040000000000000000e+02
3.950000000000000000e+02 5.040000000000000000e+02
3.960000000000000000e+02 5.040000000000000000e+02
3.960000000000000000e+02 5.030000000000000000e+02
3.960000000000000000e+02 5.040000000000000000e+02
3.960000000000000000e+02 5.040000000000000000e+02
3.950000000000000000e+02 5.040000000000000000e+02
3.940000000000000000e+02 5.040000000000000000e+02
3.940000000000000000e+02 5.040000000000000000e+02
3.950000000000000000e+02 5.050000000000000000e+02
3.950000000000000000e+02 5.040000000000000000e+02
3.940000000000000000e+02 5.040000000000000000e+02
3.950000000000000000e+02 5.040000000000000000e+02
3.950000000000000000e+02 5.040000000000000000e+02
3.960000000000000000e+02 5.040000000000000000e+02
3.960000000000000000e+02 5.040000000000000000e+02
3.960000000000000000e+02 5.040000000000000000e+02
3.950000000000000000e+02 5.050000000000000000e+02
3.950000000000000000e+02 5.050000000000000000e+02
3.950000000000000000e+02 5.050000000000000000e+02
3.960000000000000000e+02 5.060000000000000000e+02
3.960000000000000000e+02 5.060000000000000000e+02
3.960000000000000000e+02 5.050000000000000000e+02
3.950000000000000000e+02 5.050000000000000000e+02
3.960000000000000000e+02 5.040000000000000000e+02
3.970000000000000000e+02 5.040000000000000000e+02
3.970000000000000000e+02 5.040000000000000000e+02
3.970000000000000000e+02 5.040000000000000000e+02
3.970000000000000000e+02 5.050000000000000000e+02
3.960000000000000000e+02 5.040000000000000000e+02
3.960000000000000000e+02 5.040000000000000000e+02
3.960000000000000000e+02 5.040000000000000000e+02
3.970000000000000000e+02 5.030000000000000000e+02
3.960000000000000000e+02 5.030000000000000000e+02
3.970000000000000000e+02 5.050000000000000000e+02
3.970000000000000000e+02 5.040000000000000000e+02
3.980000000000000000e+02 5.040000000000000000e+02
3.980000000000000000e+02 5.040000000000000000e+02
3.990000000000000000e+02 5.030000000000000000e+02
4.000000000000000000e+02 5.030000000000000000e+02
4.000000000000000000e+02 5.030000000000000000e+02
3.990000000000000000e+02 5.030000000000000000e+02
3.990000000000000000e+02 5.040000000000000000e+02
