# frames 101, center=[396, 485], duration=[500, 600], video=browniano sol 2_0
3.960000000000000000e+02 4.850000000000000000e+02
3.960000000000000000e+02 4.850000000000000000e+02
3.960000000000000000e+02 4.850000000000000000e+02
3.960000000000000000e+02 4.840000000000000000e+02
3.960000000000000000e+02 4.830000000000000000e+02
3.970000000000000000e+02 4.830000000000000000e+02
3.960000000000000000e+02 4.840000000000000000e+02
3.960000000000000000e+02 4.850000000000000000e+02
3.960000000000000000e+02 4.850000000000000000e+02
3.960000000000000000e+02 4.850000000000000000e+02
3.960000000000000000e+02 4.840000000000000000e+02
3.970000000000000000e+02 4.850000000000000000e+02
3.970000000000000000e+02 4.850000000000000000e+02
3.970000000000000000e+02 4.860000000000000000e+02
3.970000000000000000e+02 4.870000000000000000e+02
3.980000000000000000e+02 4.860000000000000000e+02
3.980000000000000000e+02 4.870000000000000000e+02
3.980000000000000000e+02 4.870000000000000000e+02
3.970000000000000000e+02 4.870000000000000000e+02
3.970000000000000000e+02 4.880000000000000000e+02
3.970000000000000000e+02 4.880000000000000000e+02
3.960000000000000000e+02 4.870000000000000000e+02
3.970000000000000000e+02 4.870000000000000000e+02
3.960000000000000000e+02 4.870000000000000000e+02
3.960000000000000000e+02 4.880000000000000000e+02
3.970000000000000000e+02 4.880000000000000000e+02
3.970000000000000000e+02 4.880000000000000000e+02
3.980000000000000000e+02 4.880000000000000000e+02
3.980000000000000000e+02 4.880000000000000000e+02
3.980000000000000000e+02 4.880000000000000000e+02
3.980000000000000000e+02 4.870000000000000000e+02
3.970000000000000000e+02 4.870000000000000000e+02
3.970000000000000000e+02 4.870000000000000000e+02
3.980000000000000000e+02 4.870000000000000000e+02
3.980000000000000000e+02 4.870000000000000000e+02
3.980000000000000000e+02 4.870000000000000000e+02
3.990000000000000000e+02 4.870000000000000000e+02
3.980000000000000000e+02 4.870000000000000000e+02
3.980000000000000000e+02 4.880000000000000000e+02
3.990000000000000000e+02 4.880000000000000000e+02
3.990000000000000000e+02 4.880000000000000000e+02
3.980000000000000000e+02 4.870000000000000000e+02
3.980000000000000000e+02 4.860000000000000000e+02
3.980000000000000000e+02 4.870000000000000000e+02
3.970000000000000000e+02 4.870000000000000000e+02
3.980000000000000000e+02 4.880000000000000000e+02
3.980000000000000000e+02 4.880000000000000000e+02
3.980000000000000000e+02 4.890000000000000000e+02
3.990000000000000000e+02 4.890000000000000000e+02
3.980000000000000000e+02 4.880000000000000000e+02
3.990000000000000000e+02 4.880000000000000000e+02
4.000000000000000000e+02 4.870000000000000000e+02
4.000000000000000000e+02 4.890000000000000000e+02
4.010000000000000000e+02 4.900000000000000000e+02
4.010000000000000000e+02 4.900000000000000000e+02
4.010000000000000000e+02 4.900000000000000000e+02
4.000000000000000000e+02 4.890000000000000000e+02
4.000000000000000000e+02 4.890000000000000000e+02
4.000000000000000000e+02 4.890000000000000000e+02
4.010000000000000000e+02 4.890000000000000000e+02
4.000000000000000000e+02 4.890000000000000000e+02
4.010000000000000000e+02 4.890000000000000000e+02
4.020000000000000000e+02 4.890000000000000000e+02
4.030000000000000000e+02 4.900000000000000000e+02
4.020000000000000000e+02 4.910000000000000000e+02
4.030000000000000000e+02 4.920000000000000000e+02
4.030000000000000000e+02 4.920000000000000000e+02
4.040000000000000000e+02 4.920000000000000000e+02
4.030000000000000000e+02 4.910000000000000000e+02
4.030000000000000000e+02 4.910000000000000000e+02
4.030000000000000000e+02 4.900000000000000000e+02
4.030000000000000000e+02 4.900000000000000000e+02
4.040000000000000000e+02 4.900000000000000000e+02
4.050000000000000000e+02 4.900000000000000000e+02
4.060000000000000000e+02 4.890000000000000000e+02
4.050000000000000000e+02 4.890000000000000000e+02
4.050000000000000000e+02 4.890000000000000000e+02
4.050000000000000000e+02 4.900000000000000000e+02
4.050000000000000000e+02 4.900000000000000000e+02
4.040000000000000000e+02 4.890000000000000000e+02
4.040000000000000000e+02 4.890000000000000000e+02
4.040000000000000000e+02 4.880000000000000000e+02
4.030000000000000000e+02 4.880000000000000000e+02
4.040000000000000000e+02 4.880000000000000000e+02
4.050000000000000000e+02 4.890000000000000000e+02
4.040000000000000000e+02 4.890000000000000000e+02
4.050000000000000000e+02 4.870000000000000000e+02
4.050000000000000000e+02 4.860000000000000000e+02
4.050000000000000000e+02 4.860000000000000000e+02
4.040000000000000000e+02 4.860000000000000000e+02
4.040000000000000000e+02 4.860000000000000000e+02
4.040000000000000000e+02 4.850000000000000000e+02
4.050000000000000000e+02 4.850000000000000000e+02
4.060000000000000000e+02 4.840000000000000000e+02
4.060000000000000000e+02 4.850000000000000000e+02
4.070000000000000000e+02 4.860000000000000000e+02
4.070000000000000000e+02 4.870000000000000000e+02
4.080000000000000000e+02 4.870000000000000000e+02
4.080000000000000000e+02 4.880000000000000000e+02
4.090000000000000000e+02 4.880000000000000000e+02
4.090000000000000000e+02 4.870000000000000000e+02
