# frames 101, center=[417, 491], duration=[1100, 1200], video=browniano sol 2_0
4.170000000000000000e+02 4.910000000000000000e+02
4.170000000000000000e+02 4.910000000000000000e+02
4.170000000000000000e+02 4.910000000000000000e+02
4.170000000000000000e+02 4.920000000000000000e+02
4.160000000000000000e+02 4.920000000000000000e+02
4.160000000000000000e+02 4.920000000000000000e+02
4.160000000000000000e+02 4.920000000000000000e+02
4.150000000000000000e+02 4.920000000000000000e+02
4.150000000000000000e+02 4.920000000000000000e+02
4.160000000000000000e+02 4.930000000000000000e+02
4.150000000000000000e+02 4.930000000000000000e+02
4.150000000000000000e+02 4.930000000000000000e+02
4.150000000000000000e+02 4.940000000000000000e+02
4.140000000000000000e+02 4.930000000000000000e+02
4.140000000000000000e+02 4.930000000000000000e+02
4.130000000000000000e+02 4.920000000000000000e+02
4.130000000000000000e+02 4.910000000000000000e+02
4.130000000000000000e+02 4.920000000000000000e+02
4.120000000000000000e+02 4.920000000000000000e+02
4.130000000000000000e+02 4.930000000000000000e+02
4.120000000000000000e+02 4.920000000000000000e+02
4.130000000000000000e+02 4.910000000000000000e+02
4.120000000000000000e+02 4.900000000000000000e+02
4.120000000000000000e+02 4.900000000000000000e+02
4.130000000000000000e+02 4.900000000000000000e+02
4.130000000000000000e+02 4.900000000000000000e+02
4.130000000000000000e+02 4.900000000000000000e+02
4.120000000000000000e+02 4.900000000000000000e+02
4.130000000000000000e+02 4.900000000000000000e+02
4.120000000000000000e+02 4.900000000000000000e+02
4.120000000000000000e+02 4.900000000000000000e+02
4.130000000000000000e+02 4.900000000000000000e+02
4.140000000000000000e+02 4.890000000000000000e+02
4.130000000000000000e+02 4.890000000000000000e+02
4.130000000000000000e+02 4.890000000000000000e+02
4.130000000000000000e+02 4.890000000000000000e+02
4.130000000000000000e+02 4.890000000000000000e+02
4.130000000000000000e+02 4.890000000000000000e+02
4.120000000000000000e+02 4.900000000000000000e+02
4.120000000000000000e+02 4.910000000000000000e+02
4.130000000000000000e+02 4.910000000000000000e+02
4.130000000000000000e+02 4.910000000000000000e+02
4.120000000000000000e+02 4.920000000000000000e+02
4.130000000000000000e+02 4.920000000000000000e+02
4.130000000000000000e+02 4.920000000000000000e+02
4.130000000000000000e+02 4.920000000000000000e+02
4.140000000000000000e+02 4.910000000000000000e+02
4.150000000000000000e+02 4.910000000000000000e+02
4.150000000000000000e+02 4.910000000000000000e+02
4.150000000000000000e+02 4.920000000000000000e+02
4.160000000000000000e+02 4.920000000000000000e+02
4.150000000000000000e+02 4.930000000000000000e+02
4.150000000000000000e+02 4.930000000000000000e+02
4.150000000000000000e+02 4.930000000000000000e+02
4.140000000000000000e+02 4.930000000000000000e+02
4.140000000000000000e+02 4.940000000000000000e+02
4.130000000000000000e+02 4.950000000000000000e+02
4.130000000000000000e+02 4.950000000000000000e+02
4.130000000000000000e+02 4.950000000000000000e+02
4.130000000000000000e+02 4.940000000000000000e+02
4.130000000000000000e+02 4.930000000000000000e+02
4.120000000000000000e+02 4.920000000000000000e+02
4.120000000000000000e+02 4.910000000000000000e+02
4.110000000000000000e+02 4.910000000000000000e+02
4.120000000000000000e+02 4.910000000000000000e+02
4.120000000000000000e+02 4.910000000000000000e+02
4.130000000000000000e+02 4.900000000000000000e+02
4.130000000000000000e+02 4.910000000000000000e+02
4.130000000000000000e+02 4.920000000000000000e+02
4.130000000000000000e+02 4.920000000000000000e+02
4.130000000000000000e+02 4.930000000000000000e+02
4.120000000000000000e+02 4.940000000000000000e+02
4.110000000000000000e+02 4.950000000000000000e+02
4.110000000000000000e+02 4.950000000000000000e+02
4.130000000000000000e+02 4.940000000000000000e+02
4.130000000000000000e+02 4.950000000000000000e+02
4.130000000000000000e+02 4.950000000000000000e+02
4.140000000000000000e+02 4.950000000000000000e+02
4.140000000000000000e+02 4.950000000000000000e+02
4.150000000000000000e+02 4.950000000000000000e+02
4.140000000000000000e+02 4.950000000000000000e+02
4.140000000000000000e+02 4.940000000000000000e+02
4.140000000000000000e+02 4.950000000000000000e+02
4.140000000000000000e+02 4.950000000000000000e+02
4.140000000000000000e+02 4.940000000000000000e+02
4.140000000000000000e+02 4.940000000000000000e+02
4.130000000000000000e+02 4.930000000000000000e+02
4.130000000000000000e+02 4.930000000000000000e+02
4.130000000000000000e+02 4.930000000000000000e+02
4.130000000000000000e+02 4.920000000000000000e+02
4.130000000000000000e+02 4.920000000000000000e+02
4.130000000000000000e+02 4.920000000000000000e+02
4.130000000000000000e+02 4.920000000000000000e+02
4.130000000000000000e+02 4.920000000000000000e+02
4.130000000000000000e+02 4.920000000000000000e+02
4.130000000000000000e+02 4.910000000000000000e+02
4.130000000000000000e+02 4.910000000000000000e+02
4.130000000000000000e+02 4.910000000000000000e+02
4.130000000000000000e+02 4.890000000000000000e+02
4.140000000000000000e+02 4.890000000000000000e+02
4.140000000000000000e+02 4.890000000000000000e+02
