# frames 101, center=[398, 495], duration=[900, 1000], video=browniano sol 2_0
3.980000000000000000e+02 4.950000000000000000e+02
3.980000000000000000e+02 4.950000000000000000e+02
3.980000000000000000e+02 4.950000000000000000e+02
3.980000000000000000e+02 4.940000000000000000e+02
3.970000000000000000e+02 4.960000000000000000e+02
3.970000000000000000e+02 4.960000000000000000e+02
3.980000000000000000e+02 4.970000000000000000e+02
4.000000000000000000e+02 4.970000000000000000e+02
4.000000000000000000e+02 4.950000000000000000e+02
4.000000000000000000e+02 4.950000000000000000e+02
4.010000000000000000e+02 4.960000000000000000e+02
4.030000000000000000e+02 4.940000000000000000e+02
4.020000000000000000e+02 4.940000000000000000e+02
4.020000000000000000e+02 4.950000000000000000e+02
4.020000000000000000e+02 4.940000000000000000e+02
4.020000000000000000e+02 4.940000000000000000e+02
4.010000000000000000e+02 4.940000000000000000e+02
4.010000000000000000e+02 4.940000000000000000e+02
4.020000000000000000e+02 4.940000000000000000e+02
4.020000000000000000e+02 4.950000000000000000e+02
4.020000000000000000e+02 4.950000000000000000e+02
4.020000000000000000e+02 4.950000000000000000e+02
4.010000000000000000e+02 4.940000000000000000e+02
4.020000000000000000e+02 4.930000000000000000e+02
4.010000000000000000e+02 4.930000000000000000e+02
4.030000000000000000e+02 4.950000000000000000e+02
4.030000000000000000e+02 4.950000000000000000e+02
4.040000000000000000e+02 4.970000000000000000e+02
4.020000000000000000e+02 4.970000000000000000e+02
4.010000000000000000e+02 4.980000000000000000e+02
4.010000000000000000e+02 4.980000000000000000e+02
4.020000000000000000e+02 4.990000000000000000e+02
4.020000000000000000e+02 5.000000000000000000e+02
4.020000000000000000e+02 4.990000000000000000e+02
4.030000000000000000e+02 4.980000000000000000e+02
4.030000000000000000e+02 4.980000000000000000e+02
4.050000000000000000e+02 4.970000000000000000e+02
4.040000000000000000e+02 4.960000000000000000e+02
4.040000000000000000e+02 4.960000000000000000e+02
4.040000000000000000e+02 4.950000000000000000e+02
4.040000000000000000e+02 4.950000000000000000e+02
4.030000000000000000e+02 4.940000000000000000e+02
4.030000000000000000e+02 4.930000000000000000e+02
4.030000000000000000e+02 4.950000000000000000e+02
4.020000000000000000e+02 4.950000000000000000e+02
4.010000000000000000e+02 4.960000000000000000e+02
4.020000000000000000e+02 4.950000000000000000e+02
4.020000000000000000e+02 4.950000000000000000e+02
4.030000000000000000e+02 4.940000000000000000e+02
4.030000000000000000e+02 4.940000000000000000e+02
4.040000000000000000e+02 4.960000000000000000e+02
4.040000000000000000e+02 4.950000000000000000e+02
4.040000000000000000e+02 4.940000000000000000e+02
4.030000000000000000e+02 4.940000000000000000e+02
4.030000000000000000e+02 4.940000000000000000e+02
4.030000000000000000e+02 4.950000000000000000e+02
4.030000000000000000e+02 4.950000000000000000e+02
4.030000000000000000e+02 4.940000000000000000e+02
4.020000000000000000e+02 4.950000000000000000e+02
4.020000000000000000e+02 4.960000000000000000e+02
4.030000000000000000e+02 4.960000000000000000e+02
4.030000000000000000e+02 4.940000000000000000e+02
4.030000000000000000e+02 4.920000000000000000e+02
4.020000000000000000e+02 4.920000000000000000e+02
4.030000000000000000e+02 4.910000000000000000e+02
4.030000000000000000e+02 4.920000000000000000e+02
4.030000000000000000e+02 4.920000000000000000e+02
4.030000000000000000e+02 4.920000000000000000e+02
4.030000000000000000e+02 4.910000000000000000e+02
4.030000000000000000e+02 4.910000000000000000e+02
4.030000000000000000e+02 4.920000000000000000e+02
4.040000000000000000e+02 4.920000000000000000e+02
4.040000000000000000e+02 4.910000000000000000e+02
4.040000000000000000e+02 4.910000000000000000e+02
4.050000000000000000e+02 4.910000000000000000e+02
4.050000000000000000e+02 4.900000000000000000e+02
4.060000000000000000e+02 4.900000000000000000e+02
4.060000000000000000e+02 4.890000000000000000e+02
4.070000000000000000e+02 4.880000000000000000e+02
4.070000000000000000e+02 4.880000000000000000e+02
4.070000000000000000e+02 4.880000000000000000e+02
4.070000000000000000e+02 4.880000000000000000e+02
4.060000000000000000e+02 4.870000000000000000e+02
4.060000000000000000e+02 4.870000000000000000e+02
4.060000000000000000e+02 4.880000000000000000e+02
4.070000000000000000e+02 4.870000000000000000e+02
4.080000000000000000e+02 4.880000000000000000e+02
4.070000000000000000e+02 4.880000000000000000e+02
4.080000000000000000e+02 4.880000000000000000e+02
4.070000000000000000e+02 4.880000000000000000e+02
4.070000000000000000e+02 4.900000000000000000e+02
4.070000000000000000e+02 4.900000000000000000e+02
4.070000000000000000e+02 4.900000000000000000e+02
4.070000000000000000e+02 4.910000000000000000e+02
4.080000000000000000e+02 4.910000000000000000e+02
4.080000000000000000e+02 4.900000000000000000e+02
4.080000000000000000e+02 4.890000000000000000e+02
4.060000000000000000e+02 4.890000000000000000e+02
4.070000000000000000e+02 4.880000000000000000e+02
4.070000000000000000e+02 4.890000000000000000e+02
4.070000000000000000e+02 4.900000000000000000e+02
