# frames 101, center=[406, 487], duration=[1000, 1100], video=browniano sol 2_0
4.060000000000000000e+02 4.870000000000000000e+02
4.060000000000000000e+02 4.870000000000000000e+02
4.060000000000000000e+02 4.870000000000000000e+02
4.060000000000000000e+02 4.870000000000000000e+02
4.060000000000000000e+02 4.880000000000000000e+02
4.060000000000000000e+02 4.880000000000000000e+02
4.060000000000000000e+02 4.880000000000000000e+02
4.060000000000000000e+02 4.880000000000000000e+02
4.060000000000000000e+02 4.880000000000000000e+02
4.070000000000000000e+02 4.890000000000000000e+02
4.070000000000000000e+02 4.890000000000000000e+02
4.080000000000000000e+02 4.890000000000000000e+02
4.070000000000000000e+02 4.900000000000000000e+02
4.070000000000000000e+02 4.900000000000000000e+02
4.060000000000000000e+02 4.900000000000000000e+02
4.070000000000000000e+02 4.900000000000000000e+02
4.070000000000000000e+02 4.910000000000000000e+02
4.080000000000000000e+02 4.910000000000000000e+02
4.080000000000000000e+02 4.910000000000000000e+02
4.100000000000000000e+02 4.910000000000000000e+02
4.100000000000000000e+02 4.900000000000000000e+02
4.090000000000000000e+02 4.900000000000000000e+02
4.090000000000000000e+02 4.890000000000000000e+02
4.100000000000000000e+02 4.890000000000000000e+02
4.100000000000000000e+02 4.900000000000000000e+02
4.110000000000000000e+02 4.900000000000000000e+02
4.120000000000000000e+02 4.910000000000000000e+02
4.120000000000000000e+02 4.910000000000000000e+02
4.140000000000000000e+02 4.910000000000000000e+02
4.140000000000000000e+02 4.910000000000000000e+02
4.150000000000000000e+02 4.920000000000000000e+02
4.140000000000000000e+02 4.920000000000000000e+02
4.140000000000000000e+02 4.910000000000000000e+02
4.160000000000000000e+02 4.920000000000000000e+02
4.150000000000000000e+02 4.930000000000000000e+02
4.150000000000000000e+02 4.930000000000000000e+02
4.140000000000000000e+02 4.920000000000000000e+02
4.140000000000000000e+02 4.910000000000000000e+02
4.130000000000000000e+02 4.910000000000000000e+02
4.120000000000000000e+02 4.900000000000000000e+02
4.120000000000000000e+02 4.900000000000000000e+02
4.120000000000000000e+02 4.910000000000000000e+02
4.110000000000000000e+02 4.920000000000000000e+02
4.120000000000000000e+02 4.920000000000000000e+02
4.110000000000000000e+02 4.920000000000000000e+02
4.120000000000000000e+02 4.910000000000000000e+02
4.120000000000000000e+02 4.920000000000000000e+02
4.120000000000000000e+02 4.910000000000000000e+02
4.130000000000000000e+02 4.920000000000000000e+02
4.130000000000000000e+02 4.920000000000000000e+02
4.120000000000000000e+02 4.910000000000000000e+02
4.130000000000000000e+02 4.910000000000000000e+02
4.140000000000000000e+02 4.900000000000000000e+02
4.130000000000000000e+02 4.900000000000000000e+02
4.130000000000000000e+02 4.890000000000000000e+02
4.120000000000000000e+02 4.900000000000000000e+02
4.120000000000000000e+02 4.910000000000000000e+02
4.120000000000000000e+02 4.910000000000000000e+02
4.110000000000000000e+02 4.910000000000000000e+02
4.100000000000000000e+02 4.910000000000000000e+02
4.120000000000000000e+02 4.910000000000000000e+02
4.120000000000000000e+02 4.910000000000000000e+02
4.120000000000000000e+02 4.930000000000000000e+02
4.100000000000000000e+02 4.920000000000000000e+02
4.090000000000000000e+02 4.920000000000000000e+02
4.100000000000000000e+02 4.920000000000000000e+02
4.100000000000000000e+02 4.930000000000000000e+02
4.100000000000000000e+02 4.920000000000000000e+02
4.100000000000000000e+02 4.920000000000000000e+02
4.100000000000000000e+02 4.920000000000000000e+02
4.100000000000000000e+02 4.920000000000000000e+02
4.110000000000000000e+02 4.920000000000000000e+02
4.130000000000000000e+02 4.930000000000000000e+02
4.130000000000000000e+02 4.930000000000000000e+02
4.120000000000000000e+02 4.930000000000000000e+02
4.130000000000000000e+02 4.920000000000000000e+02
4.130000000000000000e+02 4.930000000000000000e+02
4.140000000000000000e+02 4.930000000000000000e+02
4.120000000000000000e+02 4.920000000000000000e+02
4.120000000000000000e+02 4.920000000000000000e+02
4.120000000000000000e+02 4.910000000000000000e+02
4.130000000000000000e+02 4.900000000000000000e+02
4.130000000000000000e+02 4.910000000000000000e+02
4.140000000000000000e+02 4.910000000000000000e+02
4.140000000000000000e+02 4.910000000000000000e+02
4.140000000000000000e+02 4.900000000000000000e+02
4.140000000000000000e+02 4.900000000000000000e+02
4.150000000000000000e+02 4.900000000000000000e+02
4.140000000000000000e+02 4.900000000000000000e+02
4.140000000000000000e+02 4.910000000000000000e+02
4.140000000000000000e+02 4.930000000000000000e+02
4.150000000000000000e+02 4.920000000000000000e+02
4.150000000000000000e+02 4.910000000000000000e+02
4.150000000000000000e+02 4.910000000000000000e+02
4.150000000000000000e+02 4.920000000000000000e+02
4.140000000000000000e+02 4.910000000000000000e+02
4.150000000000000000e+02 4.910000000000000000e+02
4.160000000000000000e+02 4.910000000000000000e+02
4.160000000000000000e+02 4.920000000000000000e+02
4.160000000000000000e+02 4.930000000000000000e+02
4.160000000000000000e+02 4.920000000000000000e+02
