# frames 101, center=[551, 99], duration=[900, 1000], video=browniano sol 2_0
5.510000000000000000e+02 9.900000000000000000e+01
5.510000000000000000e+02 9.900000000000000000e+01
5.510000000000000000e+02 9.900000000000000000e+01
5.500000000000000000e+02 9.900000000000000000e+01
5.510000000000000000e+02 9.900000000000000000e+01
5.500000000000000000e+02 1.000000000000000000e+02
5.490000000000000000e+02 9.900000000000000000e+01
5.490000000000000000e+02 9.900000000000000000e+01
5.490000000000000000e+02 9.900000000000000000e+01
5.500000000000000000e+02 1.000000000000000000e+02
5.500000000000000000e+02 1.000000000000000000e+02
5.510000000000000000e+02 1.000000000000000000e+02
5.510000000000000000e+02 1.000000000000000000e+02
5.520000000000000000e+02 1.010000000000000000e+02
5.520000000000000000e+02 1.020000000000000000e+02
5.520000000000000000e+02 1.020000000000000000e+02
5.520000000000000000e+02 1.020000000000000000e+02
5.510000000000000000e+02 1.010000000000000000e+02
5.530000000000000000e+02 1.020000000000000000e+02
5.530000000000000000e+02 1.020000000000000000e+02
5.530000000000000000e+02 1.020000000000000000e+02
5.540000000000000000e+02 1.020000000000000000e+02
5.530000000000000000e+02 1.030000000000000000e+02
5.540000000000000000e+02 1.020000000000000000e+02
5.540000000000000000e+02 1.020000000000000000e+02
5.550000000000000000e+02 1.020000000000000000e+02
5.550000000000000000e+02 1.020000000000000000e+02
5.560000000000000000e+02 1.010000000000000000e+02
5.550000000000000000e+02 1.010000000000000000e+02
5.540000000000000000e+02 1.020000000000000000e+02
5.550000000000000000e+02 1.010000000000000000e+02
5.560000000000000000e+02 1.010000000000000000e+02
5.570000000000000000e+02 1.010000000000000000e+02
5.570000000000000000e+02 1.010000000000000000e+02
5.570000000000000000e+02 1.020000000000000000e+02
5.580000000000000000e+02 1.020000000000000000e+02
5.580000000000000000e+02 1.020000000000000000e+02
5.590000000000000000e+02 1.020000000000000000e+02
5.590000000000000000e+02 1.020000000000000000e+02
5.600000000000000000e+02 1.030000000000000000e+02
5.600000000000000000e+02 1.020000000000000000e+02
5.590000000000000000e+02 1.030000000000000000e+02
5.590000000000000000e+02 1.020000000000000000e+02
5.600000000000000000e+02 1.010000000000000000e+02
5.600000000000000000e+02 1.010000000000000000e+02
5.600000000000000000e+02 1.000000000000000000e+02
5.600000000000000000e+02 1.010000000000000000e+02
5.610000000000000000e+02 1.010000000000000000e+02
5.610000000000000000e+02 1.010000000000000000e+02
5.610000000000000000e+02 1.010000000000000000e+02
5.610000000000000000e+02 1.010000000000000000e+02
5.610000000000000000e+02 1.010000000000000000e+02
5.600000000000000000e+02 1.010000000000000000e+02
5.600000000000000000e+02 9.900000000000000000e+01
5.600000000000000000e+02 9.900000000000000000e+01
5.600000000000000000e+02 9.800000000000000000e+01
5.600000000000000000e+02 9.800000000000000000e+01
5.600000000000000000e+02 9.800000000000000000e+01
5.600000000000000000e+02 9.700000000000000000e+01
5.600000000000000000e+02 9.700000000000000000e+01
5.590000000000000000e+02 9.700000000000000000e+01
5.600000000000000000e+02 9.700000000000000000e+01
5.600000000000000000e+02 9.600000000000000000e+01
5.600000000000000000e+02 9.600000000000000000e+01
5.600000000000000000e+02 9.600000000000000000e+01
5.600000000000000000e+02 9.700000000000000000e+01
5.600000000000000000e+02 9.800000000000000000e+01
5.600000000000000000e+02 9.800000000000000000e+01
5.590000000000000000e+02 9.800000000000000000e+01
5.590000000000000000e+02 9.800000000000000000e+01
5.590000000000000000e+02 9.900000000000000000e+01
5.590000000000000000e+02 9.900000000000000000e+01
5.590000000000000000e+02 9.800000000000000000e+01
5.590000000000000000e+02 9.700000000000000000e+01
5.590000000000000000e+02 9.700000000000000000e+01
5.610000000000000000e+02 9.500000000000000000e+01
5.600000000000000000e+02 9.600000000000000000e+01
5.600000000000000000e+02 9.500000000000000000e+01
5.600000000000000000e+02 9.400000000000000000e+01
5.580000000000000000e+02 9.400000000000000000e+01
5.580000000000000000e+02 9.300000000000000000e+01
5.590000000000000000e+02 9.400000000000000000e+01
5.590000000000000000e+02 9.300000000000000000e+01
5.600000000000000000e+02 9.400000000000000000e+01
5.600000000000000000e+02 9.400000000000000000e+01
5.590000000000000000e+02 9.300000000000000000e+01
5.590000000000000000e+02 9.400000000000000000e+01
5.600000000000000000e+02 9.400000000000000000e+01
5.600000000000000000e+02 9.400000000000000000e+01
5.600000000000000000e+02 9.400000000000000000e+01
5.620000000000000000e+02 9.300000000000000000e+01
5.620000000000000000e+02 9.400000000000000000e+01
5.600000000000000000e+02 9.400000000000000000e+01
5.600000000000000000e+02 9.300000000000000000e+01
5.590000000000000000e+02 9.300000000000000000e+01
5.590000000000000000e+02 9.300000000000000000e+01
5.580000000000000000e+02 9.300000000000000000e+01
5.590000000000000000e+02 9.200000000000000000e+01
5.580000000000000000e+02 9.300000000000000000e+01
5.580000000000000000e+02 9.400000000000000000e+01
5.590000000000000000e+02 9.400000000000000000e+01
