# frames 101, center=[554, 91], duration=[800, 900], video=browniano sol 2_0
5.540000000000000000e+02 9.100000000000000000e+01
5.540000000000000000e+02 9.100000000000000000e+01
5.540000000000000000e+02 9.100000000000000000e+01
5.540000000000000000e+02 9.100000000000000000e+01
5.550000000000000000e+02 9.200000000000000000e+01
5.560000000000000000e+02 9.300000000000000000e+01
5.550000000000000000e+02 9.300000000000000000e+01
5.540000000000000000e+02 9.400000000000000000e+01
5.550000000000000000e+02 9.500000000000000000e+01
5.530000000000000000e+02 9.500000000000000000e+01
5.520000000000000000e+02 9.500000000000000000e+01
5.520000000000000000e+02 9.500000000000000000e+01
5.520000000000000000e+02 9.500000000000000000e+01
5.520000000000000000e+02 9.600000000000000000e+01
5.520000000000000000e+02 9.600000000000000000e+01
5.520000000000000000e+02 9.700000000000000000e+01
5.530000000000000000e+02 9.700000000000000000e+01
5.540000000000000000e+02 9.800000000000000000e+01
5.530000000000000000e+02 9.700000000000000000e+01
5.530000000000000000e+02 9.700000000000000000e+01
5.530000000000000000e+02 9.700000000000000000e+01
5.530000000000000000e+02 9.600000000000000000e+01
5.540000000000000000e+02 9.700000000000000000e+01
5.530000000000000000e+02 9.800000000000000000e+01
5.530000000000000000e+02 9.900000000000000000e+01
5.530000000000000000e+02 1.000000000000000000e+02
5.530000000000000000e+02 1.000000000000000000e+02
5.520000000000000000e+02 1.010000000000000000e+02
5.520000000000000000e+02 1.010000000000000000e+02
5.520000000000000000e+02 1.010000000000000000e+02
5.510000000000000000e+02 1.020000000000000000e+02
5.520000000000000000e+02 1.010000000000000000e+02
5.520000000000000000e+02 1.010000000000000000e+02
5.520000000000000000e+02 1.010000000000000000e+02
5.520000000000000000e+02 1.010000000000000000e+02
5.510000000000000000e+02 1.000000000000000000e+02
5.510000000000000000e+02 1.000000000000000000e+02
5.510000000000000000e+02 1.020000000000000000e+02
5.520000000000000000e+02 1.010000000000000000e+02
5.510000000000000000e+02 1.000000000000000000e+02
5.510000000000000000e+02 1.000000000000000000e+02
5.520000000000000000e+02 1.000000000000000000e+02
5.520000000000000000e+02 1.010000000000000000e+02
5.520000000000000000e+02 1.010000000000000000e+02
5.530000000000000000e+02 1.010000000000000000e+02
5.530000000000000000e+02 1.010000000000000000e+02
5.530000000000000000e+02 1.020000000000000000e+02
5.520000000000000000e+02 1.010000000000000000e+02
5.530000000000000000e+02 1.010000000000000000e+02
5.540000000000000000e+02 1.010000000000000000e+02
5.530000000000000000e+02 1.010000000000000000e+02
5.530000000000000000e+02 1.010000000000000000e+02
5.530000000000000000e+02 1.010000000000000000e+02
5.540000000000000000e+02 1.000000000000000000e+02
5.540000000000000000e+02 1.000000000000000000e+02
5.540000000000000000e+02 9.900000000000000000e+01
5.540000000000000000e+02 9.900000000000000000e+01
5.530000000000000000e+02 1.000000000000000000e+02
5.530000000000000000e+02 9.900000000000000000e+01
5.520000000000000000e+02 9.900000000000000000e+01
5.530000000000000000e+02 9.800000000000000000e+01
5.520000000000000000e+02 9.900000000000000000e+01
5.510000000000000000e+02 9.900000000000000000e+01
5.520000000000000000e+02 9.900000000000000000e+01
5.520000000000000000e+02 9.900000000000000000e+01
5.520000000000000000e+02 1.000000000000000000e+02
5.510000000000000000e+02 1.000000000000000000e+02
5.500000000000000000e+02 9.900000000000000000e+01
5.520000000000000000e+02 9.900000000000000000e+01
5.520000000000000000e+02 9.900000000000000000e+01
5.520000000000000000e+02 1.000000000000000000e+02
5.520000000000000000e+02 1.000000000000000000e+02
5.520000000000000000e+02 1.000000000000000000e+02
5.520000000000000000e+02 1.020000000000000000e+02
5.520000000000000000e+02 1.020000000000000000e+02
5.530000000000000000e+02 1.020000000000000000e+02
5.520000000000000000e+02 1.010000000000000000e+02
5.520000000000000000e+02 1.010000000000000000e+02
5.510000000000000000e+02 1.020000000000000000e+02
5.500000000000000000e+02 1.010000000000000000e+02
5.500000000000000000e+02 1.010000000000000000e+02
5.500000000000000000e+02 1.000000000000000000e+02
5.500000000000000000e+02 9.900000000000000000e+01
5.500000000000000000e+02 1.000000000000000000e+02
5.510000000000000000e+02 1.010000000000000000e+02
5.510000000000000000e+02 1.000000000000000000e+02
5.500000000000000000e+02 1.000000000000000000e+02
5.500000000000000000e+02 1.000000000000000000e+02
5.500000000000000000e+02 1.010000000000000000e+02
5.500000000000000000e+02 1.010000000000000000e+02
5.500000000000000000e+02 1.010000000000000000e+02
5.500000000000000000e+02 1.010000000000000000e+02
5.500000000000000000e+02 1.000000000000000000e+02
5.510000000000000000e+02 1.000000000000000000e+02
5.510000000000000000e+02 9.900000000000000000e+01
5.500000000000000000e+02 9.900000000000000000e+01
5.510000000000000000e+02 9.900000000000000000e+01
5.510000000000000000e+02 9.900000000000000000e+01
5.520000000000000000e+02 9.900000000000000000e+01
5.510000000000000000e+02 1.000000000000000000e+02
5.500000000000000000e+02 1.000000000000000000e+02
