# frames 101, center=[552, 95], duration=[400, 500], video=browniano sol 2_0
5.520000000000000000e+02 9.500000000000000000e+01
5.520000000000000000e+02 9.500000000000000000e+01
5.520000000000000000e+02 9.500000000000000000e+01
5.520000000000000000e+02 9.500000000000000000e+01
5.510000000000000000e+02 9.600000000000000000e+01
5.500000000000000000e+02 9.500000000000000000e+01
5.500000000000000000e+02 9.600000000000000000e+01
5.500000000000000000e+02 9.400000000000000000e+01
5.510000000000000000e+02 9.400000000000000000e+01
5.510000000000000000e+02 9.500000000000000000e+01
5.520000000000000000e+02 9.400000000000000000e+01
5.530000000000000000e+02 9.400000000000000000e+01
5.530000000000000000e+02 9.500000000000000000e+01
5.530000000000000000e+02 9.400000000000000000e+01
5.540000000000000000e+02 9.500000000000000000e+01
5.540000000000000000e+02 9.500000000000000000e+01
5.540000000000000000e+02 9.400000000000000000e+01
5.530000000000000000e+02 9.400000000000000000e+01
5.540000000000000000e+02 9.300000000000000000e+01
5.520000000000000000e+02 9.300000000000000000e+01
5.530000000000000000e+02 9.400000000000000000e+01
5.520000000000000000e+02 9.300000000000000000e+01
5.520000000000000000e+02 9.300000000000000000e+01
5.530000000000000000e+02 9.400000000000000000e+01
5.540000000000000000e+02 9.400000000000000000e+01
5.540000000000000000e+02 9.400000000000000000e+01
5.540000000000000000e+02 9.300000000000000000e+01
5.530000000000000000e+02 9.300000000000000000e+01
5.530000000000000000e+02 9.200000000000000000e+01
5.540000000000000000e+02 9.200000000000000000e+01
5.540000000000000000e+02 9.100000000000000000e+01
5.550000000000000000e+02 9.300000000000000000e+01
5.550000000000000000e+02 9.300000000000000000e+01
5.540000000000000000e+02 9.200000000000000000e+01
5.540000000000000000e+02 9.200000000000000000e+01
5.550000000000000000e+02 9.300000000000000000e+01
5.550000000000000000e+02 9.300000000000000000e+01
5.550000000000000000e+02 9.300000000000000000e+01
5.540000000000000000e+02 9.300000000000000000e+01
5.540000000000000000e+02 9.300000000000000000e+01
5.530000000000000000e+02 9.400000000000000000e+01
5.530000000000000000e+02 9.300000000000000000e+01
5.530000000000000000e+02 9.300000000000000000e+01
5.510000000000000000e+02 9.200000000000000000e+01
5.510000000000000000e+02 9.200000000000000000e+01
5.520000000000000000e+02 9.300000000000000000e+01
5.530000000000000000e+02 9.400000000000000000e+01
5.530000000000000000e+02 9.300000000000000000e+01
5.530000000000000000e+02 9.200000000000000000e+01
5.530000000000000000e+02 9.300000000000000000e+01
5.530000000000000000e+02 9.300000000000000000e+01
5.530000000000000000e+02 9.300000000000000000e+01
5.530000000000000000e+02 9.200000000000000000e+01
5.530000000000000000e+02 9.200000000000000000e+01
5.530000000000000000e+02 9.100000000000000000e+01
5.520000000000000000e+02 9.200000000000000000e+01
5.520000000000000000e+02 9.100000000000000000e+01
5.520000000000000000e+02 9.100000000000000000e+01
5.510000000000000000e+02 9.200000000000000000e+01
5.510000000000000000e+02 9.200000000000000000e+01
5.510000000000000000e+02 9.300000000000000000e+01
5.500000000000000000e+02 9.300000000000000000e+01
5.510000000000000000e+02 9.200000000000000000e+01
5.510000000000000000e+02 9.200000000000000000e+01
5.510000000000000000e+02 9.200000000000000000e+01
5.510000000000000000e+02 9.200000000000000000e+01
5.500000000000000000e+02 9.300000000000000000e+01
5.500000000000000000e+02 9.200000000000000000e+01
5.490000000000000000e+02 9.300000000000000000e+01
5.490000000000000000e+02 9.300000000000000000e+01
5.490000000000000000e+02 9.300000000000000000e+01
5.490000000000000000e+02 9.400000000000000000e+01
5.490000000000000000e+02 9.400000000000000000e+01
5.500000000000000000e+02 9.300000000000000000e+01
5.500000000000000000e+02 9.300000000000000000e+01
5.510000000000000000e+02 9.200000000000000000e+01
5.510000000000000000e+02 9.300000000000000000e+01
5.520000000000000000e+02 9.300000000000000000e+01
5.510000000000000000e+02 9.500000000000000000e+01
5.510000000000000000e+02 9.500000000000000000e+01
5.510000000000000000e+02 9.400000000000000000e+01
5.500000000000000000e+02 9.400000000000000000e+01
5.500000000000000000e+02 9.500000000000000000e+01
5.510000000000000000e+02 9.500000000000000000e+01
5.510000000000000000e+02 9.400000000000000000e+01
5.510000000000000000e+02 9.400000000000000000e+01
5.510000000000000000e+02 9.400000000000000000e+01
5.500000000000000000e+02 9.300000000000000000e+01
5.510000000000000000e+02 9.400000000000000000e+01
5.510000000000000000e+02 9.300000000000000000e+01
5.510000000000000000e+02 9.300000000000000000e+01
5.500000000000000000e+02 9.300000000000000000e+01
5.510000000000000000e+02 9.200000000000000000e+01
5.510000000000000000e+02 9.200000000000000000e+01
5.520000000000000000e+02 9.200000000000000000e+01
5.520000000000000000e+02 9.100000000000000000e+01
5.520000000000000000e+02 9.100000000000000000e+01
5.530000000000000000e+02 9.100000000000000000e+01
5.520000000000000000e+02 9.100000000000000000e+01
5.520000000000000000e+02 9.200000000000000000e+01
5.510000000000000000e+02 9.100000000000000000e+01
