# frames 101, center=[550, 91], duration=[500, 600], video=browniano sol 2_0
5.500000000000000000e+02 9.100000000000000000e+01
5.500000000000000000e+02 9.100000000000000000e+01
5.500000000000000000e+02 9.100000000000000000e+01
5.500000000000000000e+02 9.000000000000000000e+01
5.480000000000000000e+02 8.900000000000000000e+01
5.490000000000000000e+02 8.900000000000000000e+01
5.500000000000000000e+02 8.900000000000000000e+01
5.490000000000000000e+02 9.000000000000000000e+01
5.490000000000000000e+02 9.000000000000000000e+01
5.490000000000000000e+02 8.900000000000000000e+01
5.480000000000000000e+02 8.900000000000000000e+01
5.490000000000000000e+02 9.000000000000000000e+01
5.480000000000000000e+02 8.900000000000000000e+01
5.480000000000000000e+02 8.900000000000000000e+01
5.470000000000000000e+02 8.900000000000000000e+01
5.470000000000000000e+02 8.900000000000000000e+01
5.470000000000000000e+02 8.900000000000000000e+01
5.480000000000000000e+02 8.900000000000000000e+01
5.480000000000000000e+02 9.000000000000000000e+01
5.490000000000000000e+02 9.000000000000000000e+01
5.490000000000000000e+02 9.100000000000000000e+01
5.500000000000000000e+02 9.100000000000000000e+01
5.500000000000000000e+02 9.100000000000000000e+01
5.500000000000000000e+02 9.000000000000000000e+01
5.500000000000000000e+02 9.000000000000000000e+01
5.510000000000000000e+02 9.100000000000000000e+01
5.510000000000000000e+02 9.100000000000000000e+01
5.520000000000000000e+02 9.100000000000000000e+01
5.520000000000000000e+02 9.100000000000000000e+01
5.520000000000000000e+02 9.100000000000000000e+01
5.530000000000000000e+02 9.200000000000000000e+01
5.540000000000000000e+02 9.100000000000000000e+01
5.540000000000000000e+02 9.100000000000000000e+01
5.540000000000000000e+02 9.100000000000000000e+01
5.530000000000000000e+02 9.100000000000000000e+01
5.530000000000000000e+02 9.000000000000000000e+01
5.530000000000000000e+02 9.100000000000000000e+01
5.540000000000000000e+02 9.200000000000000000e+01
5.550000000000000000e+02 9.300000000000000000e+01
5.550000000000000000e+02 9.300000000000000000e+01
5.540000000000000000e+02 9.300000000000000000e+01
5.540000000000000000e+02 9.300000000000000000e+01
5.550000000000000000e+02 9.400000000000000000e+01
5.550000000000000000e+02 9.300000000000000000e+01
5.540000000000000000e+02 9.300000000000000000e+01
5.550000000000000000e+02 9.300000000000000000e+01
5.530000000000000000e+02 9.500000000000000000e+01
5.530000000000000000e+02 9.500000000000000000e+01
5.520000000000000000e+02 9.500000000000000000e+01
5.520000000000000000e+02 9.300000000000000000e+01
5.510000000000000000e+02 9.300000000000000000e+01
5.500000000000000000e+02 9.300000000000000000e+01
5.500000000000000000e+02 9.300000000000000000e+01
5.500000000000000000e+02 9.400000000000000000e+01
5.520000000000000000e+02 9.300000000000000000e+01
5.510000000000000000e+02 9.200000000000000000e+01
5.520000000000000000e+02 9.200000000000000000e+01
5.530000000000000000e+02 9.200000000000000000e+01
5.510000000000000000e+02 9.300000000000000000e+01
5.520000000000000000e+02 9.200000000000000000e+01
5.510000000000000000e+02 9.300000000000000000e+01
5.520000000000000000e+02 9.300000000000000000e+01
5.540000000000000000e+02 9.400000000000000000e+01
5.540000000000000000e+02 9.300000000000000000e+01
5.540000000000000000e+02 9.300000000000000000e+01
5.540000000000000000e+02 9.300000000000000000e+01
5.540000000000000000e+02 9.300000000000000000e+01
5.540000000000000000e+02 9.400000000000000000e+01
5.540000000000000000e+02 9.300000000000000000e+01
5.540000000000000000e+02 9.200000000000000000e+01
5.540000000000000000e+02 9.300000000000000000e+01
5.540000000000000000e+02 9.400000000000000000e+01
5.530000000000000000e+02 9.400000000000000000e+01
5.540000000000000000e+02 9.500000000000000000e+01
5.540000000000000000e+02 9.300000000000000000e+01
5.540000000000000000e+02 9.300000000000000000e+01
5.550000000000000000e+02 9.200000000000000000e+01
5.550000000000000000e+02 9.300000000000000000e+01
5.550000000000000000e+02 9.300000000000000000e+01
5.560000000000000000e+02 9.400000000000000000e+01
5.540000000000000000e+02 9.400000000000000000e+01
5.550000000000000000e+02 9.400000000000000000e+01
5.540000000000000000e+02 9.400000000000000000e+01
5.530000000000000000e+02 9.300000000000000000e+01
5.530000000000000000e+02 9.400000000000000000e+01
5.530000000000000000e+02 9.400000000000000000e+01
5.550000000000000000e+02 9.400000000000000000e+01
5.550000000000000000e+02 9.400000000000000000e+01
5.550000000000000000e+02 9.400000000000000000e+01
5.550000000000000000e+02 9.400000000000000000e+01
5.550000000000000000e+02 9.400000000000000000e+01
5.560000000000000000e+02 9.400000000000000000e+01
5.570000000000000000e+02 9.400000000000000000e+01
5.570000000000000000e+02 9.400000000000000000e+01
5.580000000000000000e+02 9.400000000000000000e+01
5.580000000000000000e+02 9.500000000000000000e+01
5.580000000000000000e+02 9.500000000000000000e+01
5.580000000000000000e+02 9.500000000000000000e+01
5.580000000000000000e+02 9.500000000000000000e+01
5.570000000000000000e+02 9.500000000000000000e+01
5.560000000000000000e+02 9.500000000000000000e+01
