# frames 101, center=[560, 79], duration=[1100, 1200], video=browniano sol 2_0
5.600000000000000000e+02 7.900000000000000000e+01
5.600000000000000000e+02 7.900000000000000000e+01
5.600000000000000000e+02 7.900000000000000000e+01
5.600000000000000000e+02 7.900000000000000000e+01
5.600000000000000000e+02 7.900000000000000000e+01
5.600000000000000000e+02 7.900000000000000000e+01
5.600000000000000000e+02 7.900000000000000000e+01
5.600000000000000000e+02 7.900000000000000000e+01
5.600000000000000000e+02 7.900000000000000000e+01
5.590000000000000000e+02 7.900000000000000000e+01
5.600000000000000000e+02 7.800000000000000000e+01
5.600000000000000000e+02 7.700000000000000000e+01
5.600000000000000000e+02 7.700000000000000000e+01
5.600000000000000000e+02 7.700000000000000000e+01
5.610000000000000000e+02 7.600000000000000000e+01
5.610000000000000000e+02 7.500000000000000000e+01
5.600000000000000000e+02 7.600000000000000000e+01
5.600000000000000000e+02 7.500000000000000000e+01
5.600000000000000000e+02 7.500000000000000000e+01
5.590000000000000000e+02 7.400000000000000000e+01
5.590000000000000000e+02 7.400000000000000000e+01
5.580000000000000000e+02 7.400000000000000000e+01
5.580000000000000000e+02 7.300000000000000000e+01
5.570000000000000000e+02 7.300000000000000000e+01
5.570000000000000000e+02 7.400000000000000000e+01
5.580000000000000000e+02 7.300000000000000000e+01
5.580000000000000000e+02 7.400000000000000000e+01
5.580000000000000000e+02 7.300000000000000000e+01
5.580000000000000000e+02 7.200000000000000000e+01
5.570000000000000000e+02 7.200000000000000000e+01
5.580000000000000000e+02 7.100000000000000000e+01
5.580000000000000000e+02 7.100000000000000000e+01
5.580000000000000000e+02 7.100000000000000000e+01
5.580000000000000000e+02 7.200000000000000000e+01
5.580000000000000000e+02 7.200000000000000000e+01
5.570000000000000000e+02 7.300000000000000000e+01
5.570000000000000000e+02 7.300000000000000000e+01
5.560000000000000000e+02 7.200000000000000000e+01
5.560000000000000000e+02 7.200000000000000000e+01
5.560000000000000000e+02 7.200000000000000000e+01
5.560000000000000000e+02 7.200000000000000000e+01
5.550000000000000000e+02 7.200000000000000000e+01
5.560000000000000000e+02 7.100000000000000000e+01
5.560000000000000000e+02 7.200000000000000000e+01
5.560000000000000000e+02 7.200000000000000000e+01
5.570000000000000000e+02 7.200000000000000000e+01
5.560000000000000000e+02 7.200000000000000000e+01
5.560000000000000000e+02 7.100000000000000000e+01
5.560000000000000000e+02 7.100000000000000000e+01
5.560000000000000000e+02 7.200000000000000000e+01
5.560000000000000000e+02 7.100000000000000000e+01
5.560000000000000000e+02 7.100000000000000000e+01
5.550000000000000000e+02 7.200000000000000000e+01
5.550000000000000000e+02 7.200000000000000000e+01
5.550000000000000000e+02 7.200000000000000000e+01
5.540000000000000000e+02 7.200000000000000000e+01
5.540000000000000000e+02 7.200000000000000000e+01
5.530000000000000000e+02 7.200000000000000000e+01
5.550000000000000000e+02 7.100000000000000000e+01
5.540000000000000000e+02 7.000000000000000000e+01
5.550000000000000000e+02 6.900000000000000000e+01
5.560000000000000000e+02 6.900000000000000000e+01
5.550000000000000000e+02 6.800000000000000000e+01
5.560000000000000000e+02 6.900000000000000000e+01
5.560000000000000000e+02 6.900000000000000000e+01
5.560000000000000000e+02 6.900000000000000000e+01
5.560000000000000000e+02 7.000000000000000000e+01
5.550000000000000000e+02 7.000000000000000000e+01
5.550000000000000000e+02 7.000000000000000000e+01
5.550000000000000000e+02 6.900000000000000000e+01
5.560000000000000000e+02 6.900000000000000000e+01
5.550000000000000000e+02 7.000000000000000000e+01
5.570000000000000000e+02 7.000000000000000000e+01
5.560000000000000000e+02 6.900000000000000000e+01
5.570000000000000000e+02 6.900000000000000000e+01
5.580000000000000000e+02 6.900000000000000000e+01
5.570000000000000000e+02 7.000000000000000000e+01
5.590000000000000000e+02 7.100000000000000000e+01
5.600000000000000000e+02 7.200000000000000000e+01
5.600000000000000000e+02 7.100000000000000000e+01
5.600000000000000000e+02 7.100000000000000000e+01
5.600000000000000000e+02 7.100000000000000000e+01
5.600000000000000000e+02 7.100000000000000000e+01
5.600000000000000000e+02 7.200000000000000000e+01
5.590000000000000000e+02 7.200000000000000000e+01
5.600000000000000000e+02 7.200000000000000000e+01
5.600000000000000000e+02 7.400000000000000000e+01
5.600000000000000000e+02 7.500000000000000000e+01
5.610000000000000000e+02 7.400000000000000000e+01
5.610000000000000000e+02 7.400000000000000000e+01
5.610000000000000000e+02 7.500000000000000000e+01
5.620000000000000000e+02 7.400000000000000000e+01
5.620000000000000000e+02 7.300000000000000000e+01
5.620000000000000000e+02 7.400000000000000000e+01
5.620000000000000000e+02 7.300000000000000000e+01
5.610000000000000000e+02 7.300000000000000000e+01
5.590000000000000000e+02 7.300000000000000000e+01
5.600000000000000000e+02 7.300000000000000000e+01
5.600000000000000000e+02 7.200000000000000000e+01
5.610000000000000000e+02 7.300000000000000000e+01
5.600000000000000000e+02 7.300000000000000000e+01
