# frames 101, center=[551, 81], duration=[100, 200], video=browniano sol 2_0
5.510000000000000000e+02 8.100000000000000000e+01
5.510000000000000000e+02 8.100000000000000000e+01
5.510000000000000000e+02 8.100000000000000000e+01
5.510000000000000000e+02 8.100000000000000000e+01
5.490000000000000000e+02 8.100000000000000000e+01
5.500000000000000000e+02 8.000000000000000000e+01
5.500000000000000000e+02 8.000000000000000000e+01
5.500000000000000000e+02 7.900000000000000000e+01
5.500000000000000000e+02 7.800000000000000000e+01
5.490000000000000000e+02 7.900000000000000000e+01
5.490000000000000000e+02 7.900000000000000000e+01
5.500000000000000000e+02 7.900000000000000000e+01
5.520000000000000000e+02 7.800000000000000000e+01
5.510000000000000000e+02 7.900000000000000000e+01
5.510000000000000000e+02 7.700000000000000000e+01
5.500000000000000000e+02 7.800000000000000000e+01
5.500000000000000000e+02 7.900000000000000000e+01
5.500000000000000000e+02 8.000000000000000000e+01
5.500000000000000000e+02 8.000000000000000000e+01
5.490000000000000000e+02 8.100000000000000000e+01
5.500000000000000000e+02 8.100000000000000000e+01
5.510000000000000000e+02 8.100000000000000000e+01
5.520000000000000000e+02 8.200000000000000000e+01
5.520000000000000000e+02 8.200000000000000000e+01
5.530000000000000000e+02 8.100000000000000000e+01
5.540000000000000000e+02 8.100000000000000000e+01
5.540000000000000000e+02 8.200000000000000000e+01
5.550000000000000000e+02 8.200000000000000000e+01
5.550000000000000000e+02 8.300000000000000000e+01
5.550000000000000000e+02 8.300000000000000000e+01
5.550000000000000000e+02 8.200000000000000000e+01
5.540000000000000000e+02 8.200000000000000000e+01
5.540000000000000000e+02 8.200000000000000000e+01
5.520000000000000000e+02 8.100000000000000000e+01
5.520000000000000000e+02 8.100000000000000000e+01
5.530000000000000000e+02 8.100000000000000000e+01
5.520000000000000000e+02 8.000000000000000000e+01
5.520000000000000000e+02 8.100000000000000000e+01
5.530000000000000000e+02 8.100000000000000000e+01
5.520000000000000000e+02 8.000000000000000000e+01
5.540000000000000000e+02 8.000000000000000000e+01
5.530000000000000000e+02 8.100000000000000000e+01
5.530000000000000000e+02 8.200000000000000000e+01
5.530000000000000000e+02 8.200000000000000000e+01
5.520000000000000000e+02 8.200000000000000000e+01
5.520000000000000000e+02 8.200000000000000000e+01
5.530000000000000000e+02 8.200000000000000000e+01
5.540000000000000000e+02 8.200000000000000000e+01
5.540000000000000000e+02 8.200000000000000000e+01
5.550000000000000000e+02 8.300000000000000000e+01
5.550000000000000000e+02 8.300000000000000000e+01
5.550000000000000000e+02 8.300000000000000000e+01
5.540000000000000000e+02 8.400000000000000000e+01
5.540000000000000000e+02 8.400000000000000000e+01
5.530000000000000000e+02 8.400000000000000000e+01
5.530000000000000000e+02 8.500000000000000000e+01
5.530000000000000000e+02 8.600000000000000000e+01
5.530000000000000000e+02 8.700000000000000000e+01
5.540000000000000000e+02 8.700000000000000000e+01
5.530000000000000000e+02 8.700000000000000000e+01
5.530000000000000000e+02 8.600000000000000000e+01
5.520000000000000000e+02 8.400000000000000000e+01
5.520000000000000000e+02 8.500000000000000000e+01
5.520000000000000000e+02 8.600000000000000000e+01
5.510000000000000000e+02 8.600000000000000000e+01
5.510000000000000000e+02 8.600000000000000000e+01
5.510000000000000000e+02 8.600000000000000000e+01
5.520000000000000000e+02 8.700000000000000000e+01
5.520000000000000000e+02 8.600000000000000000e+01
5.520000000000000000e+02 8.600000000000000000e+01
5.510000000000000000e+02 8.600000000000000000e+01
5.510000000000000000e+02 8.600000000000000000e+01
5.510000000000000000e+02 8.600000000000000000e+01
5.530000000000000000e+02 8.500000000000000000e+01
5.530000000000000000e+02 8.500000000000000000e+01
5.520000000000000000e+02 8.400000000000000000e+01
5.520000000000000000e+02 8.400000000000000000e+01
5.520000000000000000e+02 8.400000000000000000e+01
5.510000000000000000e+02 8.500000000000000000e+01
5.520000000000000000e+02 8.400000000000000000e+01
5.520000000000000000e+02 8.300000000000000000e+01
5.520000000000000000e+02 8.300000000000000000e+01
5.520000000000000000e+02 8.400000000000000000e+01
5.520000000000000000e+02 8.400000000000000000e+01
5.520000000000000000e+02 8.400000000000000000e+01
5.510000000000000000e+02 8.400000000000000000e+01
5.520000000000000000e+02 8.400000000000000000e+01
5.510000000000000000e+02 8.400000000000000000e+01
5.520000000000000000e+02 8.500000000000000000e+01
5.530000000000000000e+02 8.500000000000000000e+01
5.530000000000000000e+02 8.400000000000000000e+01
5.530000000000000000e+02 8.500000000000000000e+01
5.520000000000000000e+02 8.500000000000000000e+01
5.510000000000000000e+02 8.600000000000000000e+01
5.510000000000000000e+02 8.700000000000000000e+01
5.510000000000000000e+02 8.700000000000000000e+01
5.510000000000000000e+02 8.700000000000000000e+01
5.520000000000000000e+02 8.800000000000000000e+01
5.520000000000000000e+02 8.600000000000000000e+01
5.520000000000000000e+02 8.800000000000000000e+01
5.530000000000000000e+02 8.800000000000000000e+01
