# frames 101, center=[557, 81], duration=[0, 100], video=browniano sol 2_0
5.570000000000000000e+02 8.100000000000000000e+01
5.570000000000000000e+02 8.100000000000000000e+01
5.570000000000000000e+02 8.100000000000000000e+01
5.580000000000000000e+02 8.100000000000000000e+01
5.580000000000000000e+02 8.200000000000000000e+01
5.580000000000000000e+02 8.200000000000000000e+01
5.580000000000000000e+02 8.300000000000000000e+01
5.580000000000000000e+02 8.200000000000000000e+01
5.580000000000000000e+02 8.300000000000000000e+01
5.590000000000000000e+02 8.300000000000000000e+01
5.600000000000000000e+02 8.300000000000000000e+01
5.590000000000000000e+02 8.100000000000000000e+01
5.570000000000000000e+02 8.100000000000000000e+01
5.580000000000000000e+02 8.200000000000000000e+01
5.580000000000000000e+02 8.300000000000000000e+01
5.580000000000000000e+02 8.300000000000000000e+01
5.590000000000000000e+02 8.300000000000000000e+01
5.590000000000000000e+02 8.400000000000000000e+01
5.590000000000000000e+02 8.300000000000000000e+01
5.590000000000000000e+02 8.300000000000000000e+01
5.590000000000000000e+02 8.400000000000000000e+01
5.590000000000000000e+02 8.500000000000000000e+01
5.590000000000000000e+02 8.300000000000000000e+01
5.580000000000000000e+02 8.300000000000000000e+01
5.580000000000000000e+02 8.400000000000000000e+01
5.590000000000000000e+02 8.700000000000000000e+01
5.590000000000000000e+02 8.600000000000000000e+01
5.580000000000000000e+02 8.600000000000000000e+01
5.580000000000000000e+02 8.500000000000000000e+01
5.570000000000000000e+02 8.500000000000000000e+01
5.560000000000000000e+02 8.600000000000000000e+01
5.550000000000000000e+02 8.600000000000000000e+01
5.550000000000000000e+02 8.700000000000000000e+01
5.540000000000000000e+02 8.600000000000000000e+01
5.540000000000000000e+02 8.600000000000000000e+01
5.540000000000000000e+02 8.500000000000000000e+01
5.530000000000000000e+02 8.500000000000000000e+01
5.520000000000000000e+02 8.600000000000000000e+01
5.530000000000000000e+02 8.500000000000000000e+01
5.530000000000000000e+02 8.500000000000000000e+01
5.530000000000000000e+02 8.500000000000000000e+01
5.530000000000000000e+02 8.600000000000000000e+01
5.530000000000000000e+02 8.600000000000000000e+01
5.520000000000000000e+02 8.700000000000000000e+01
5.520000000000000000e+02 8.700000000000000000e+01
5.520000000000000000e+02 8.600000000000000000e+01
5.530000000000000000e+02 8.500000000000000000e+01
5.520000000000000000e+02 8.600000000000000000e+01
5.530000000000000000e+02 8.700000000000000000e+01
5.530000000000000000e+02 8.700000000000000000e+01
5.520000000000000000e+02 8.600000000000000000e+01
5.530000000000000000e+02 8.500000000000000000e+01
5.550000000000000000e+02 8.500000000000000000e+01
5.530000000000000000e+02 8.500000000000000000e+01
5.540000000000000000e+02 8.500000000000000000e+01
5.530000000000000000e+02 8.600000000000000000e+01
5.520000000000000000e+02 8.700000000000000000e+01
5.530000000000000000e+02 8.700000000000000000e+01
5.530000000000000000e+02 8.800000000000000000e+01
5.520000000000000000e+02 8.800000000000000000e+01
5.520000000000000000e+02 8.800000000000000000e+01
5.510000000000000000e+02 8.800000000000000000e+01
5.510000000000000000e+02 8.800000000000000000e+01
5.520000000000000000e+02 8.700000000000000000e+01
5.530000000000000000e+02 8.700000000000000000e+01
5.520000000000000000e+02 8.600000000000000000e+01
5.520000000000000000e+02 8.500000000000000000e+01
5.520000000000000000e+02 8.500000000000000000e+01
5.520000000000000000e+02 8.500000000000000000e+01
5.510000000000000000e+02 8.600000000000000000e+01
5.520000000000000000e+02 8.600000000000000000e+01
5.530000000000000000e+02 8.600000000000000000e+01
5.540000000000000000e+02 8.600000000000000000e+01
5.540000000000000000e+02 8.600000000000000000e+01
5.550000000000000000e+02 8.700000000000000000e+01
5.550000000000000000e+02 8.600000000000000000e+01
5.540000000000000000e+02 8.600000000000000000e+01
5.540000000000000000e+02 8.600000000000000000e+01
5.560000000000000000e+02 8.600000000000000000e+01
5.570000000000000000e+02 8.600000000000000000e+01
5.560000000000000000e+02 8.500000000000000000e+01
5.580000000000000000e+02 8.600000000000000000e+01
5.570000000000000000e+02 8.600000000000000000e+01
5.570000000000000000e+02 8.500000000000000000e+01
5.570000000000000000e+02 8.500000000000000000e+01
5.560000000000000000e+02 8.600000000000000000e+01
5.550000000000000000e+02 8.500000000000000000e+01
5.550000000000000000e+02 8.400000000000000000e+01
5.550000000000000000e+02 8.300000000000000000e+01
5.560000000000000000e+02 8.300000000000000000e+01
5.550000000000000000e+02 8.300000000000000000e+01
5.550000000000000000e+02 8.300000000000000000e+01
5.560000000000000000e+02 8.400000000000000000e+01
5.540000000000000000e+02 8.300000000000000000e+01
5.540000000000000000e+02 8.300000000000000000e+01
5.530000000000000000e+02 8.300000000000000000e+01
5.540000000000000000e+02 8.300000000000000000e+01
5.540000000000000000e+02 8.300000000000000000e+01
5.540000000000000000e+02 8.400000000000000000e+01
5.530000000000000000e+02 8.400000000000000000e+01
5.530000000000000000e+02 8.400000000000000000e+01
