# frames 101, center=[1009, 464], duration=[200, 300], video=videos browniano 1/video browniano 1_0
1.009000000000000000e+03 4.640000000000000000e+02
1.009000000000000000e+03 4.640000000000000000e+02
1.009000000000000000e+03 4.640000000000000000e+02
1.007000000000000000e+03 4.660000000000000000e+02
1.006000000000000000e+03 4.660000000000000000e+02
1.005000000000000000e+03 4.650000000000000000e+02
1.002000000000000000e+03 4.660000000000000000e+02
1.002000000000000000e+03 4.650000000000000000e+02
1.003000000000000000e+03 4.650000000000000000e+02
1.002000000000000000e+03 4.670000000000000000e+02
1.002000000000000000e+03 4.700000000000000000e+02
1.003000000000000000e+03 4.710000000000000000e+02
1.001000000000000000e+03 4.740000000000000000e+02
9.990000000000000000e+02 4.760000000000000000e+02
9.950000000000000000e+02 4.730000000000000000e+02
9.970000000000000000e+02 4.730000000000000000e+02
9.960000000000000000e+02 4.740000000000000000e+02
9.980000000000000000e+02 4.730000000000000000e+02
9.980000000000000000e+02 4.730000000000000000e+02
9.940000000000000000e+02 4.720000000000000000e+02
9.950000000000000000e+02 4.720000000000000000e+02
9.930000000000000000e+02 4.730000000000000000e+02
9.900000000000000000e+02 4.740000000000000000e+02
9.940000000000000000e+02 4.720000000000000000e+02
9.930000000000000000e+02 4.710000000000000000e+02
9.910000000000000000e+02 4.730000000000000000e+02
9.880000000000000000e+02 4.700000000000000000e+02
9.890000000000000000e+02 4.680000000000000000e+02
9.900000000000000000e+02 4.680000000000000000e+02
9.900000000000000000e+02 4.680000000000000000e+02
9.940000000000000000e+02 4.690000000000000000e+02
9.960000000000000000e+02 4.670000000000000000e+02
9.960000000000000000e+02 4.670000000000000000e+02
1.000000000000000000e+03 4.650000000000000000e+02
1.000000000000000000e+03 4.640000000000000000e+02
9.990000000000000000e+02 4.670000000000000000e+02
1.000000000000000000e+03 4.690000000000000000e+02
1.000000000000000000e+03 4.690000000000000000e+02
1.001000000000000000e+03 4.660000000000000000e+02
9.990000000000000000e+02 4.630000000000000000e+02
1.002000000000000000e+03 4.640000000000000000e+02
1.004000000000000000e+03 4.610000000000000000e+02
1.003000000000000000e+03 4.610000000000000000e+02
1.004000000000000000e+03 4.610000000000000000e+02
1.001000000000000000e+03 4.620000000000000000e+02
1.001000000000000000e+03 4.640000000000000000e+02
1.001000000000000000e+03 4.640000000000000000e+02
1.004000000000000000e+03 4.630000000000000000e+02
1.003000000000000000e+03 4.640000000000000000e+02
9.980000000000000000e+02 4.650000000000000000e+02
9.960000000000000000e+02 4.670000000000000000e+02
9.930000000000000000e+02 4.680000000000000000e+02
9.970000000000000000e+02 4.700000000000000000e+02
9.980000000000000000e+02 4.670000000000000000e+02
9.960000000000000000e+02 4.680000000000000000e+02
9.980000000000000000e+02 4.650000000000000000e+02
1.001000000000000000e+03 4.630000000000000000e+02
1.002000000000000000e+03 4.640000000000000000e+02
1.005000000000000000e+03 4.660000000000000000e+02
1.009000000000000000e+03 4.630000000000000000e+02
1.006000000000000000e+03 4.660000000000000000e+02
1.006000000000000000e+03 4.670000000000000000e+02
1.007000000000000000e+03 4.670000000000000000e+02
1.010000000000000000e+03 4.670000000000000000e+02
1.011000000000000000e+03 4.720000000000000000e+02
1.009000000000000000e+03 4.740000000000000000e+02
1.012000000000000000e+03 4.730000000000000000e+02
1.014000000000000000e+03 4.740000000000000000e+02
1.016000000000000000e+03 4.750000000000000000e+02
1.013000000000000000e+03 4.760000000000000000e+02
1.015000000000000000e+03 4.800000000000000000e+02
1.018000000000000000e+03 4.850000000000000000e+02
1.017000000000000000e+03 4.850000000000000000e+02
1.020000000000000000e+03 4.880000000000000000e+02
1.021000000000000000e+03 4.870000000000000000e+02
1.026000000000000000e+03 4.880000000000000000e+02
1.024000000000000000e+03 4.860000000000000000e+02
1.024000000000000000e+03 4.850000000000000000e+02
1.026000000000000000e+03 4.850000000000000000e+02
1.028000000000000000e+03 4.870000000000000000e+02
1.027000000000000000e+03 4.870000000000000000e+02
1.028000000000000000e+03 4.920000000000000000e+02
1.029000000000000000e+03 4.920000000000000000e+02
1.028000000000000000e+03 4.920000000000000000e+02
1.028000000000000000e+03 4.930000000000000000e+02
1.030000000000000000e+03 4.940000000000000000e+02
1.026000000000000000e+03 4.950000000000000000e+02
1.024000000000000000e+03 4.930000000000000000e+02
1.028000000000000000e+03 4.940000000000000000e+02
1.023000000000000000e+03 4.920000000000000000e+02
1.023000000000000000e+03 4.910000000000000000e+02
1.024000000000000000e+03 4.900000000000000000e+02
1.025000000000000000e+03 4.890000000000000000e+02
1.024000000000000000e+03 4.890000000000000000e+02
1.025000000000000000e+03 4.920000000000000000e+02
1.027000000000000000e+03 4.900000000000000000e+02
1.026000000000000000e+03 4.910000000000000000e+02
1.027000000000000000e+03 4.890000000000000000e+02
1.029000000000000000e+03 4.910000000000000000e+02
1.027000000000000000e+03 4.890000000000000000e+02
1.029000000000000000e+03 4.890000000000000000e+02
