# frames 101, center=[1034, 482], duration=[300, 400], video=videos browniano 1/video browniano 1_0
1.034000000000000000e+03 4.820000000000000000e+02
1.034000000000000000e+03 4.820000000000000000e+02
1.034000000000000000e+03 4.820000000000000000e+02
1.036000000000000000e+03 4.820000000000000000e+02
1.035000000000000000e+03 4.810000000000000000e+02
1.032000000000000000e+03 4.800000000000000000e+02
1.029000000000000000e+03 4.800000000000000000e+02
1.027000000000000000e+03 4.830000000000000000e+02
1.028000000000000000e+03 4.830000000000000000e+02
1.027000000000000000e+03 4.850000000000000000e+02
1.029000000000000000e+03 4.860000000000000000e+02
1.031000000000000000e+03 4.870000000000000000e+02
1.033000000000000000e+03 4.890000000000000000e+02
1.034000000000000000e+03 4.880000000000000000e+02
1.032000000000000000e+03 4.860000000000000000e+02
1.035000000000000000e+03 4.870000000000000000e+02
1.034000000000000000e+03 4.870000000000000000e+02
1.032000000000000000e+03 4.900000000000000000e+02
1.031000000000000000e+03 4.930000000000000000e+02
1.030000000000000000e+03 4.920000000000000000e+02
1.031000000000000000e+03 4.930000000000000000e+02
1.025000000000000000e+03 4.920000000000000000e+02
1.024000000000000000e+03 4.930000000000000000e+02
1.024000000000000000e+03 4.960000000000000000e+02
1.027000000000000000e+03 4.990000000000000000e+02
1.027000000000000000e+03 4.990000000000000000e+02
1.024000000000000000e+03 5.010000000000000000e+02
1.022000000000000000e+03 5.010000000000000000e+02
1.022000000000000000e+03 5.010000000000000000e+02
1.020000000000000000e+03 4.990000000000000000e+02
1.011000000000000000e+03 5.140000000000000000e+02
1.011000000000000000e+03 5.080000000000000000e+02
1.011000000000000000e+03 5.080000000000000000e+02
1.008000000000000000e+03 5.080000000000000000e+02
1.011000000000000000e+03 5.090000000000000000e+02
1.014000000000000000e+03 5.080000000000000000e+02
1.014000000000000000e+03 5.130000000000000000e+02
1.015000000000000000e+03 5.150000000000000000e+02
1.013000000000000000e+03 5.130000000000000000e+02
1.013000000000000000e+03 5.130000000000000000e+02
1.012000000000000000e+03 5.130000000000000000e+02
1.009000000000000000e+03 5.130000000000000000e+02
1.011000000000000000e+03 5.100000000000000000e+02
1.010000000000000000e+03 5.090000000000000000e+02
1.007000000000000000e+03 5.090000000000000000e+02
1.006000000000000000e+03 5.090000000000000000e+02
1.008000000000000000e+03 5.120000000000000000e+02
1.008000000000000000e+03 5.160000000000000000e+02
1.007000000000000000e+03 5.150000000000000000e+02
1.008000000000000000e+03 5.130000000000000000e+02
1.011000000000000000e+03 5.130000000000000000e+02
1.010000000000000000e+03 5.140000000000000000e+02
1.013000000000000000e+03 5.110000000000000000e+02
1.011000000000000000e+03 5.070000000000000000e+02
1.012000000000000000e+03 5.040000000000000000e+02
1.011000000000000000e+03 5.090000000000000000e+02
1.011000000000000000e+03 5.080000000000000000e+02
1.010000000000000000e+03 5.090000000000000000e+02
1.007000000000000000e+03 5.100000000000000000e+02
1.007000000000000000e+03 5.120000000000000000e+02
1.010000000000000000e+03 5.120000000000000000e+02
1.006000000000000000e+03 5.090000000000000000e+02
1.005000000000000000e+03 5.110000000000000000e+02
1.006000000000000000e+03 5.090000000000000000e+02
1.007000000000000000e+03 5.100000000000000000e+02
1.007000000000000000e+03 5.140000000000000000e+02
1.002000000000000000e+03 5.110000000000000000e+02
1.002000000000000000e+03 5.080000000000000000e+02
9.950000000000000000e+02 4.990000000000000000e+02
9.980000000000000000e+02 4.900000000000000000e+02
1.001000000000000000e+03 4.900000000000000000e+02
9.980000000000000000e+02 4.890000000000000000e+02
9.990000000000000000e+02 4.900000000000000000e+02
9.980000000000000000e+02 4.920000000000000000e+02
1.001000000000000000e+03 4.910000000000000000e+02
1.000000000000000000e+03 4.920000000000000000e+02
1.000000000000000000e+03 4.920000000000000000e+02
1.002000000000000000e+03 4.940000000000000000e+02
1.004000000000000000e+03 4.960000000000000000e+02
1.011000000000000000e+03 5.130000000000000000e+02
1.011000000000000000e+03 5.150000000000000000e+02
1.007000000000000000e+03 5.130000000000000000e+02
1.008000000000000000e+03 5.190000000000000000e+02
1.009000000000000000e+03 5.210000000000000000e+02
1.008000000000000000e+03 5.220000000000000000e+02
1.009000000000000000e+03 5.230000000000000000e+02
1.009000000000000000e+03 5.270000000000000000e+02
1.010000000000000000e+03 5.270000000000000000e+02
1.010000000000000000e+03 5.270000000000000000e+02
1.010000000000000000e+03 5.290000000000000000e+02
1.013000000000000000e+03 5.310000000000000000e+02
1.013000000000000000e+03 5.300000000000000000e+02
1.011000000000000000e+03 5.300000000000000000e+02
1.013000000000000000e+03 5.320000000000000000e+02
1.013000000000000000e+03 5.320000000000000000e+02
1.011000000000000000e+03 5.300000000000000000e+02
1.009000000000000000e+03 5.260000000000000000e+02
1.010000000000000000e+03 5.270000000000000000e+02
1.013000000000000000e+03 5.270000000000000000e+02
1.013000000000000000e+03 5.250000000000000000e+02
1.015000000000000000e+03 5.240000000000000000e+02
