# frames 101, center=[1029, 477], duration=[100, 200], video=videos browniano 1/video browniano 1_0
1.029000000000000000e+03 4.770000000000000000e+02
1.029000000000000000e+03 4.770000000000000000e+02
1.029000000000000000e+03 4.770000000000000000e+02
1.027000000000000000e+03 4.740000000000000000e+02
1.026000000000000000e+03 4.750000000000000000e+02
1.025000000000000000e+03 4.730000000000000000e+02
1.024000000000000000e+03 4.760000000000000000e+02
1.029000000000000000e+03 4.770000000000000000e+02
1.029000000000000000e+03 4.770000000000000000e+02
1.029000000000000000e+03 4.770000000000000000e+02
1.028000000000000000e+03 4.790000000000000000e+02
1.031000000000000000e+03 4.790000000000000000e+02
1.032000000000000000e+03 4.810000000000000000e+02
1.032000000000000000e+03 4.810000000000000000e+02
1.032000000000000000e+03 4.810000000000000000e+02
1.031000000000000000e+03 4.820000000000000000e+02
1.033000000000000000e+03 4.810000000000000000e+02
1.033000000000000000e+03 4.810000000000000000e+02
1.031000000000000000e+03 4.800000000000000000e+02
1.029000000000000000e+03 4.780000000000000000e+02
1.029000000000000000e+03 4.810000000000000000e+02
1.028000000000000000e+03 4.820000000000000000e+02
1.030000000000000000e+03 4.820000000000000000e+02
1.028000000000000000e+03 4.800000000000000000e+02
1.030000000000000000e+03 4.820000000000000000e+02
1.027000000000000000e+03 4.810000000000000000e+02
1.025000000000000000e+03 4.830000000000000000e+02
1.026000000000000000e+03 4.850000000000000000e+02
1.025000000000000000e+03 4.860000000000000000e+02
1.024000000000000000e+03 4.860000000000000000e+02
1.025000000000000000e+03 4.880000000000000000e+02
1.027000000000000000e+03 4.860000000000000000e+02
1.027000000000000000e+03 4.830000000000000000e+02
1.026000000000000000e+03 4.790000000000000000e+02
1.028000000000000000e+03 4.770000000000000000e+02
1.031000000000000000e+03 4.800000000000000000e+02
1.029000000000000000e+03 4.770000000000000000e+02
1.026000000000000000e+03 4.770000000000000000e+02
1.023000000000000000e+03 4.750000000000000000e+02
1.026000000000000000e+03 4.750000000000000000e+02
1.026000000000000000e+03 4.750000000000000000e+02
1.025000000000000000e+03 4.730000000000000000e+02
1.023000000000000000e+03 4.750000000000000000e+02
1.024000000000000000e+03 4.750000000000000000e+02
1.023000000000000000e+03 4.760000000000000000e+02
1.025000000000000000e+03 4.780000000000000000e+02
1.026000000000000000e+03 4.800000000000000000e+02
1.026000000000000000e+03 4.800000000000000000e+02
1.026000000000000000e+03 4.780000000000000000e+02
1.025000000000000000e+03 4.780000000000000000e+02
1.022000000000000000e+03 4.780000000000000000e+02
1.023000000000000000e+03 4.770000000000000000e+02
1.022000000000000000e+03 4.740000000000000000e+02
1.022000000000000000e+03 4.750000000000000000e+02
1.018000000000000000e+03 4.730000000000000000e+02
1.018000000000000000e+03 4.710000000000000000e+02
1.022000000000000000e+03 4.720000000000000000e+02
1.022000000000000000e+03 4.700000000000000000e+02
1.020000000000000000e+03 4.700000000000000000e+02
1.022000000000000000e+03 4.720000000000000000e+02
1.022000000000000000e+03 4.720000000000000000e+02
1.023000000000000000e+03 4.720000000000000000e+02
1.020000000000000000e+03 4.700000000000000000e+02
1.023000000000000000e+03 4.710000000000000000e+02
1.021000000000000000e+03 4.720000000000000000e+02
1.023000000000000000e+03 4.730000000000000000e+02
1.023000000000000000e+03 4.740000000000000000e+02
1.021000000000000000e+03 4.740000000000000000e+02
1.021000000000000000e+03 4.750000000000000000e+02
1.020000000000000000e+03 4.730000000000000000e+02
1.023000000000000000e+03 4.740000000000000000e+02
1.020000000000000000e+03 4.730000000000000000e+02
1.017000000000000000e+03 4.740000000000000000e+02
1.013000000000000000e+03 4.730000000000000000e+02
1.011000000000000000e+03 4.750000000000000000e+02
1.011000000000000000e+03 4.720000000000000000e+02
1.012000000000000000e+03 4.710000000000000000e+02
1.013000000000000000e+03 4.690000000000000000e+02
1.012000000000000000e+03 4.680000000000000000e+02
1.010000000000000000e+03 4.700000000000000000e+02
1.013000000000000000e+03 4.710000000000000000e+02
1.011000000000000000e+03 4.700000000000000000e+02
1.011000000000000000e+03 4.720000000000000000e+02
1.010000000000000000e+03 4.710000000000000000e+02
1.008000000000000000e+03 4.720000000000000000e+02
1.009000000000000000e+03 4.730000000000000000e+02
1.008000000000000000e+03 4.740000000000000000e+02
1.013000000000000000e+03 4.720000000000000000e+02
1.010000000000000000e+03 4.740000000000000000e+02
1.009000000000000000e+03 4.750000000000000000e+02
1.011000000000000000e+03 4.740000000000000000e+02
1.009000000000000000e+03 4.720000000000000000e+02
1.012000000000000000e+03 4.710000000000000000e+02
1.009000000000000000e+03 4.700000000000000000e+02
1.008000000000000000e+03 4.680000000000000000e+02
1.008000000000000000e+03 4.660000000000000000e+02
1.007000000000000000e+03 4.670000000000000000e+02
1.008000000000000000e+03 4.660000000000000000e+02
1.008000000000000000e+03 4.660000000000000000e+02
1.008000000000000000e+03 4.660000000000000000e+02
1.009000000000000000e+03 4.670000000000000000e+02
