# frames 101, center=[997, 549], duration=[500, 600], video=videos browniano 1/video browniano 1_0
9.970000000000000000e+02 5.490000000000000000e+02
9.970000000000000000e+02 5.490000000000000000e+02
9.970000000000000000e+02 5.490000000000000000e+02
9.950000000000000000e+02 5.510000000000000000e+02
9.990000000000000000e+02 5.530000000000000000e+02
1.002000000000000000e+03 5.560000000000000000e+02
1.004000000000000000e+03 5.550000000000000000e+02
1.004000000000000000e+03 5.570000000000000000e+02
1.004000000000000000e+03 5.550000000000000000e+02
1.004000000000000000e+03 5.520000000000000000e+02
1.006000000000000000e+03 5.520000000000000000e+02
1.004000000000000000e+03 5.500000000000000000e+02
1.007000000000000000e+03 5.500000000000000000e+02
1.004000000000000000e+03 5.500000000000000000e+02
1.004000000000000000e+03 5.490000000000000000e+02
1.002000000000000000e+03 5.500000000000000000e+02
1.001000000000000000e+03 5.500000000000000000e+02
1.002000000000000000e+03 5.490000000000000000e+02
1.002000000000000000e+03 5.530000000000000000e+02
1.001000000000000000e+03 5.550000000000000000e+02
1.001000000000000000e+03 5.560000000000000000e+02
9.990000000000000000e+02 5.580000000000000000e+02
9.980000000000000000e+02 5.590000000000000000e+02
1.000000000000000000e+03 5.620000000000000000e+02
9.980000000000000000e+02 5.620000000000000000e+02
1.000000000000000000e+03 5.620000000000000000e+02
9.990000000000000000e+02 5.590000000000000000e+02
9.980000000000000000e+02 5.610000000000000000e+02
1.000000000000000000e+03 5.610000000000000000e+02
9.960000000000000000e+02 5.600000000000000000e+02
9.950000000000000000e+02 5.630000000000000000e+02
9.930000000000000000e+02 5.660000000000000000e+02
9.940000000000000000e+02 5.630000000000000000e+02
9.940000000000000000e+02 5.660000000000000000e+02
9.910000000000000000e+02 5.640000000000000000e+02
9.920000000000000000e+02 5.660000000000000000e+02
9.920000000000000000e+02 5.650000000000000000e+02
9.910000000000000000e+02 5.620000000000000000e+02
9.910000000000000000e+02 5.610000000000000000e+02
9.930000000000000000e+02 5.590000000000000000e+02
9.910000000000000000e+02 5.600000000000000000e+02
9.910000000000000000e+02 5.600000000000000000e+02
9.910000000000000000e+02 5.590000000000000000e+02
9.950000000000000000e+02 5.570000000000000000e+02
9.930000000000000000e+02 5.560000000000000000e+02
9.920000000000000000e+02 5.570000000000000000e+02
9.910000000000000000e+02 5.600000000000000000e+02
9.920000000000000000e+02 5.580000000000000000e+02
9.940000000000000000e+02 5.620000000000000000e+02
9.950000000000000000e+02 5.620000000000000000e+02
9.970000000000000000e+02 5.620000000000000000e+02
9.970000000000000000e+02 5.610000000000000000e+02
9.930000000000000000e+02 5.600000000000000000e+02
9.940000000000000000e+02 5.650000000000000000e+02
9.950000000000000000e+02 5.670000000000000000e+02
9.960000000000000000e+02 5.680000000000000000e+02
9.970000000000000000e+02 5.660000000000000000e+02
9.940000000000000000e+02 5.660000000000000000e+02
9.960000000000000000e+02 5.680000000000000000e+02
9.940000000000000000e+02 5.700000000000000000e+02
9.930000000000000000e+02 5.700000000000000000e+02
9.930000000000000000e+02 5.720000000000000000e+02
9.920000000000000000e+02 5.670000000000000000e+02
9.950000000000000000e+02 5.650000000000000000e+02
9.930000000000000000e+02 5.670000000000000000e+02
1.000000000000000000e+03 5.690000000000000000e+02
1.000000000000000000e+03 5.680000000000000000e+02
1.001000000000000000e+03 5.630000000000000000e+02
1.003000000000000000e+03 5.650000000000000000e+02
1.002000000000000000e+03 5.620000000000000000e+02
9.990000000000000000e+02 5.590000000000000000e+02
9.980000000000000000e+02 5.580000000000000000e+02
9.960000000000000000e+02 5.530000000000000000e+02
9.930000000000000000e+02 5.550000000000000000e+02
9.970000000000000000e+02 5.560000000000000000e+02
9.960000000000000000e+02 5.550000000000000000e+02
9.990000000000000000e+02 5.560000000000000000e+02
9.970000000000000000e+02 5.550000000000000000e+02
9.980000000000000000e+02 5.560000000000000000e+02
1.000000000000000000e+03 5.550000000000000000e+02
1.000000000000000000e+03 5.570000000000000000e+02
1.000000000000000000e+03 5.570000000000000000e+02
9.990000000000000000e+02 5.550000000000000000e+02
1.001000000000000000e+03 5.550000000000000000e+02
1.000000000000000000e+03 5.560000000000000000e+02
1.003000000000000000e+03 5.550000000000000000e+02
1.000000000000000000e+03 5.550000000000000000e+02
9.970000000000000000e+02 5.570000000000000000e+02
9.990000000000000000e+02 5.590000000000000000e+02
1.001000000000000000e+03 5.630000000000000000e+02
1.000000000000000000e+03 5.610000000000000000e+02
1.002000000000000000e+03 5.610000000000000000e+02
1.001000000000000000e+03 5.600000000000000000e+02
9.980000000000000000e+02 5.620000000000000000e+02
9.980000000000000000e+02 5.590000000000000000e+02
9.950000000000000000e+02 5.610000000000000000e+02
9.950000000000000000e+02 5.630000000000000000e+02
9.910000000000000000e+02 5.610000000000000000e+02
9.890000000000000000e+02 5.640000000000000000e+02
9.910000000000000000e+02 5.650000000000000000e+02
9.900000000000000000e+02 5.670000000000000000e+02
