# frames 101, center=[1013, 520], duration=[400, 500], video=videos browniano 1/video browniano 1_0
1.013000000000000000e+03 5.200000000000000000e+02
1.013000000000000000e+03 5.200000000000000000e+02
1.013000000000000000e+03 5.200000000000000000e+02
1.013000000000000000e+03 5.190000000000000000e+02
1.012000000000000000e+03 5.200000000000000000e+02
1.013000000000000000e+03 5.210000000000000000e+02
1.012000000000000000e+03 5.230000000000000000e+02
1.012000000000000000e+03 5.260000000000000000e+02
1.013000000000000000e+03 5.240000000000000000e+02
1.014000000000000000e+03 5.250000000000000000e+02
1.016000000000000000e+03 5.270000000000000000e+02
1.014000000000000000e+03 5.290000000000000000e+02
1.013000000000000000e+03 5.280000000000000000e+02
1.014000000000000000e+03 5.290000000000000000e+02
1.014000000000000000e+03 5.290000000000000000e+02
1.018000000000000000e+03 5.320000000000000000e+02
1.014000000000000000e+03 5.320000000000000000e+02
1.012000000000000000e+03 5.290000000000000000e+02
1.012000000000000000e+03 5.270000000000000000e+02
1.016000000000000000e+03 5.280000000000000000e+02
1.016000000000000000e+03 5.290000000000000000e+02
1.013000000000000000e+03 5.240000000000000000e+02
1.009000000000000000e+03 5.230000000000000000e+02
1.009000000000000000e+03 5.230000000000000000e+02
1.008000000000000000e+03 5.250000000000000000e+02
1.009000000000000000e+03 5.240000000000000000e+02
1.005000000000000000e+03 5.230000000000000000e+02
1.003000000000000000e+03 5.200000000000000000e+02
1.000000000000000000e+03 5.210000000000000000e+02
9.950000000000000000e+02 5.210000000000000000e+02
9.960000000000000000e+02 5.190000000000000000e+02
9.940000000000000000e+02 5.190000000000000000e+02
9.930000000000000000e+02 5.200000000000000000e+02
9.930000000000000000e+02 5.200000000000000000e+02
9.910000000000000000e+02 5.200000000000000000e+02
9.950000000000000000e+02 5.250000000000000000e+02
9.950000000000000000e+02 5.270000000000000000e+02
9.970000000000000000e+02 5.250000000000000000e+02
1.000000000000000000e+03 5.260000000000000000e+02
1.006000000000000000e+03 5.260000000000000000e+02
1.007000000000000000e+03 5.240000000000000000e+02
1.007000000000000000e+03 5.240000000000000000e+02
1.006000000000000000e+03 5.240000000000000000e+02
1.008000000000000000e+03 5.250000000000000000e+02
1.008000000000000000e+03 5.240000000000000000e+02
1.009000000000000000e+03 5.220000000000000000e+02
1.012000000000000000e+03 5.210000000000000000e+02
1.007000000000000000e+03 5.260000000000000000e+02
1.009000000000000000e+03 5.270000000000000000e+02
1.007000000000000000e+03 5.300000000000000000e+02
1.009000000000000000e+03 5.300000000000000000e+02
1.009000000000000000e+03 5.280000000000000000e+02
1.008000000000000000e+03 5.310000000000000000e+02
1.009000000000000000e+03 5.320000000000000000e+02
1.008000000000000000e+03 5.310000000000000000e+02
1.009000000000000000e+03 5.320000000000000000e+02
1.007000000000000000e+03 5.350000000000000000e+02
1.009000000000000000e+03 5.360000000000000000e+02
1.010000000000000000e+03 5.390000000000000000e+02
1.005000000000000000e+03 5.400000000000000000e+02
1.007000000000000000e+03 5.370000000000000000e+02
1.007000000000000000e+03 5.360000000000000000e+02
1.004000000000000000e+03 5.410000000000000000e+02
1.007000000000000000e+03 5.410000000000000000e+02
1.006000000000000000e+03 5.390000000000000000e+02
1.003000000000000000e+03 5.390000000000000000e+02
1.002000000000000000e+03 5.410000000000000000e+02
9.990000000000000000e+02 5.420000000000000000e+02
9.990000000000000000e+02 5.450000000000000000e+02
9.990000000000000000e+02 5.420000000000000000e+02
9.980000000000000000e+02 5.440000000000000000e+02
9.960000000000000000e+02 5.450000000000000000e+02
9.940000000000000000e+02 5.470000000000000000e+02
9.940000000000000000e+02 5.460000000000000000e+02
9.950000000000000000e+02 5.460000000000000000e+02
9.950000000000000000e+02 5.450000000000000000e+02
9.960000000000000000e+02 5.490000000000000000e+02
9.940000000000000000e+02 5.510000000000000000e+02
9.940000000000000000e+02 5.490000000000000000e+02
9.960000000000000000e+02 5.480000000000000000e+02
9.980000000000000000e+02 5.450000000000000000e+02
9.990000000000000000e+02 5.450000000000000000e+02
9.950000000000000000e+02 5.440000000000000000e+02
9.980000000000000000e+02 5.420000000000000000e+02
1.002000000000000000e+03 5.430000000000000000e+02
9.980000000000000000e+02 5.430000000000000000e+02
1.001000000000000000e+03 5.430000000000000000e+02
9.980000000000000000e+02 5.450000000000000000e+02
9.950000000000000000e+02 5.430000000000000000e+02
9.950000000000000000e+02 5.430000000000000000e+02
9.940000000000000000e+02 5.430000000000000000e+02
9.950000000000000000e+02 5.420000000000000000e+02
9.950000000000000000e+02 5.420000000000000000e+02
9.940000000000000000e+02 5.430000000000000000e+02
9.950000000000000000e+02 5.470000000000000000e+02
9.920000000000000000e+02 5.450000000000000000e+02
9.880000000000000000e+02 5.440000000000000000e+02
9.920000000000000000e+02 5.440000000000000000e+02
9.900000000000000000e+02 5.440000000000000000e+02
9.970000000000000000e+02 5.420000000000000000e+02
9.950000000000000000e+02 5.430000000000000000e+02
