# frames 101, center=[860, 629], duration=[100, 200], video=videos browniano 1/video browniano 1_0
8.600000000000000000e+02 6.290000000000000000e+02
8.600000000000000000e+02 6.290000000000000000e+02
8.600000000000000000e+02 6.290000000000000000e+02
8.580000000000000000e+02 6.290000000000000000e+02
8.580000000000000000e+02 6.270000000000000000e+02
8.580000000000000000e+02 6.270000000000000000e+02
8.570000000000000000e+02 6.270000000000000000e+02
8.600000000000000000e+02 6.270000000000000000e+02
8.600000000000000000e+02 6.280000000000000000e+02
8.580000000000000000e+02 6.290000000000000000e+02
8.580000000000000000e+02 6.280000000000000000e+02
8.600000000000000000e+02 6.280000000000000000e+02
8.640000000000000000e+02 6.280000000000000000e+02
8.630000000000000000e+02 6.300000000000000000e+02
8.630000000000000000e+02 6.290000000000000000e+02
8.660000000000000000e+02 6.310000000000000000e+02
8.670000000000000000e+02 6.310000000000000000e+02
8.680000000000000000e+02 6.310000000000000000e+02
8.660000000000000000e+02 6.300000000000000000e+02
8.660000000000000000e+02 6.280000000000000000e+02
8.660000000000000000e+02 6.290000000000000000e+02
8.650000000000000000e+02 6.300000000000000000e+02
8.660000000000000000e+02 6.290000000000000000e+02
8.660000000000000000e+02 6.290000000000000000e+02
8.670000000000000000e+02 6.280000000000000000e+02
8.690000000000000000e+02 6.280000000000000000e+02
8.670000000000000000e+02 6.290000000000000000e+02
8.670000000000000000e+02 6.290000000000000000e+02
8.670000000000000000e+02 6.290000000000000000e+02
8.660000000000000000e+02 6.310000000000000000e+02
8.670000000000000000e+02 6.320000000000000000e+02
8.670000000000000000e+02 6.320000000000000000e+02
8.680000000000000000e+02 6.330000000000000000e+02
8.670000000000000000e+02 6.320000000000000000e+02
8.680000000000000000e+02 6.290000000000000000e+02
8.690000000000000000e+02 6.300000000000000000e+02
8.690000000000000000e+02 6.300000000000000000e+02
8.700000000000000000e+02 6.310000000000000000e+02
8.710000000000000000e+02 6.300000000000000000e+02
8.690000000000000000e+02 6.310000000000000000e+02
8.690000000000000000e+02 6.330000000000000000e+02
8.680000000000000000e+02 6.320000000000000000e+02
8.690000000000000000e+02 6.300000000000000000e+02
8.680000000000000000e+02 6.280000000000000000e+02
8.670000000000000000e+02 6.270000000000000000e+02
8.670000000000000000e+02 6.290000000000000000e+02
8.660000000000000000e+02 6.300000000000000000e+02
8.670000000000000000e+02 6.290000000000000000e+02
8.690000000000000000e+02 6.280000000000000000e+02
8.670000000000000000e+02 6.290000000000000000e+02
8.660000000000000000e+02 6.280000000000000000e+02
8.680000000000000000e+02 6.270000000000000000e+02
8.700000000000000000e+02 6.270000000000000000e+02
8.710000000000000000e+02 6.280000000000000000e+02
8.690000000000000000e+02 6.270000000000000000e+02
8.690000000000000000e+02 6.290000000000000000e+02
8.700000000000000000e+02 6.300000000000000000e+02
8.690000000000000000e+02 6.290000000000000000e+02
8.690000000000000000e+02 6.300000000000000000e+02
8.680000000000000000e+02 6.300000000000000000e+02
8.670000000000000000e+02 6.290000000000000000e+02
8.690000000000000000e+02 6.290000000000000000e+02
8.680000000000000000e+02 6.280000000000000000e+02
8.690000000000000000e+02 6.280000000000000000e+02
8.690000000000000000e+02 6.300000000000000000e+02
8.700000000000000000e+02 6.280000000000000000e+02
8.690000000000000000e+02 6.280000000000000000e+02
8.710000000000000000e+02 6.290000000000000000e+02
8.700000000000000000e+02 6.310000000000000000e+02
8.690000000000000000e+02 6.300000000000000000e+02
8.670000000000000000e+02 6.300000000000000000e+02
8.670000000000000000e+02 6.300000000000000000e+02
8.680000000000000000e+02 6.320000000000000000e+02
8.670000000000000000e+02 6.310000000000000000e+02
8.680000000000000000e+02 6.320000000000000000e+02
8.690000000000000000e+02 6.310000000000000000e+02
8.710000000000000000e+02 6.300000000000000000e+02
8.710000000000000000e+02 6.320000000000000000e+02
8.700000000000000000e+02 6.320000000000000000e+02
8.700000000000000000e+02 6.330000000000000000e+02
8.700000000000000000e+02 6.330000000000000000e+02
8.700000000000000000e+02 6.320000000000000000e+02
8.690000000000000000e+02 6.310000000000000000e+02
8.700000000000000000e+02 6.330000000000000000e+02
8.690000000000000000e+02 6.320000000000000000e+02
8.700000000000000000e+02 6.330000000000000000e+02
8.680000000000000000e+02 6.350000000000000000e+02
8.690000000000000000e+02 6.330000000000000000e+02
8.690000000000000000e+02 6.320000000000000000e+02
8.700000000000000000e+02 6.330000000000000000e+02
8.690000000000000000e+02 6.330000000000000000e+02
8.690000000000000000e+02 6.320000000000000000e+02
8.680000000000000000e+02 6.310000000000000000e+02
8.690000000000000000e+02 6.330000000000000000e+02
8.680000000000000000e+02 6.340000000000000000e+02
8.680000000000000000e+02 6.340000000000000000e+02
8.670000000000000000e+02 6.330000000000000000e+02
8.660000000000000000e+02 6.330000000000000000e+02
8.670000000000000000e+02 6.340000000000000000e+02
8.670000000000000000e+02 6.360000000000000000e+02
8.680000000000000000e+02 6.360000000000000000e+02
