# frames 101, center=[859, 669], duration=[500, 600], video=videos browniano 1/video browniano 1_0
8.590000000000000000e+02 6.690000000000000000e+02
8.590000000000000000e+02 6.690000000000000000e+02
8.590000000000000000e+02 6.690000000000000000e+02
8.570000000000000000e+02 6.690000000000000000e+02
8.570000000000000000e+02 6.660000000000000000e+02
8.590000000000000000e+02 6.680000000000000000e+02
8.570000000000000000e+02 6.670000000000000000e+02
8.580000000000000000e+02 6.670000000000000000e+02
8.580000000000000000e+02 6.660000000000000000e+02
8.590000000000000000e+02 6.650000000000000000e+02
8.620000000000000000e+02 6.670000000000000000e+02
8.620000000000000000e+02 6.660000000000000000e+02
8.630000000000000000e+02 6.680000000000000000e+02
8.620000000000000000e+02 6.700000000000000000e+02
8.620000000000000000e+02 6.710000000000000000e+02
8.630000000000000000e+02 6.720000000000000000e+02
8.640000000000000000e+02 6.710000000000000000e+02
8.640000000000000000e+02 6.720000000000000000e+02
8.640000000000000000e+02 6.720000000000000000e+02
8.630000000000000000e+02 6.700000000000000000e+02
8.640000000000000000e+02 6.720000000000000000e+02
8.630000000000000000e+02 6.710000000000000000e+02
8.630000000000000000e+02 6.730000000000000000e+02
8.650000000000000000e+02 6.730000000000000000e+02
8.630000000000000000e+02 6.750000000000000000e+02
8.630000000000000000e+02 6.760000000000000000e+02
8.620000000000000000e+02 6.760000000000000000e+02
8.630000000000000000e+02 6.760000000000000000e+02
8.630000000000000000e+02 6.760000000000000000e+02
8.630000000000000000e+02 6.760000000000000000e+02
8.640000000000000000e+02 6.780000000000000000e+02
8.640000000000000000e+02 6.770000000000000000e+02
8.620000000000000000e+02 6.770000000000000000e+02
8.610000000000000000e+02 6.780000000000000000e+02
8.600000000000000000e+02 6.800000000000000000e+02
8.580000000000000000e+02 6.810000000000000000e+02
8.580000000000000000e+02 6.830000000000000000e+02
8.580000000000000000e+02 6.820000000000000000e+02
8.610000000000000000e+02 6.830000000000000000e+02
8.600000000000000000e+02 6.820000000000000000e+02
8.580000000000000000e+02 6.820000000000000000e+02
8.580000000000000000e+02 6.840000000000000000e+02
8.590000000000000000e+02 6.850000000000000000e+02
8.600000000000000000e+02 6.820000000000000000e+02
8.610000000000000000e+02 6.830000000000000000e+02
8.600000000000000000e+02 6.820000000000000000e+02
8.590000000000000000e+02 6.820000000000000000e+02
8.590000000000000000e+02 6.810000000000000000e+02
8.600000000000000000e+02 6.840000000000000000e+02
8.610000000000000000e+02 6.810000000000000000e+02
8.610000000000000000e+02 6.820000000000000000e+02
8.610000000000000000e+02 6.820000000000000000e+02
8.600000000000000000e+02 6.820000000000000000e+02
8.590000000000000000e+02 6.820000000000000000e+02
8.580000000000000000e+02 6.830000000000000000e+02
8.600000000000000000e+02 6.820000000000000000e+02
8.590000000000000000e+02 6.840000000000000000e+02
8.600000000000000000e+02 6.840000000000000000e+02
8.600000000000000000e+02 6.850000000000000000e+02
8.610000000000000000e+02 6.860000000000000000e+02
8.620000000000000000e+02 6.890000000000000000e+02
8.610000000000000000e+02 6.900000000000000000e+02
8.610000000000000000e+02 6.890000000000000000e+02
8.610000000000000000e+02 6.890000000000000000e+02
8.610000000000000000e+02 6.910000000000000000e+02
8.600000000000000000e+02 6.900000000000000000e+02
8.600000000000000000e+02 6.890000000000000000e+02
8.590000000000000000e+02 6.890000000000000000e+02
8.620000000000000000e+02 6.880000000000000000e+02
8.610000000000000000e+02 6.900000000000000000e+02
8.620000000000000000e+02 6.900000000000000000e+02
8.620000000000000000e+02 6.930000000000000000e+02
8.610000000000000000e+02 6.930000000000000000e+02
8.610000000000000000e+02 6.940000000000000000e+02
8.600000000000000000e+02 6.960000000000000000e+02
8.590000000000000000e+02 6.950000000000000000e+02
8.590000000000000000e+02 6.950000000000000000e+02
8.580000000000000000e+02 6.950000000000000000e+02
8.570000000000000000e+02 6.950000000000000000e+02
8.570000000000000000e+02 6.930000000000000000e+02
8.580000000000000000e+02 6.950000000000000000e+02
8.560000000000000000e+02 6.940000000000000000e+02
8.540000000000000000e+02 6.960000000000000000e+02
8.530000000000000000e+02 6.950000000000000000e+02
8.520000000000000000e+02 6.950000000000000000e+02
8.520000000000000000e+02 6.930000000000000000e+02
8.510000000000000000e+02 6.930000000000000000e+02
8.520000000000000000e+02 6.910000000000000000e+02
8.490000000000000000e+02 6.890000000000000000e+02
8.500000000000000000e+02 6.920000000000000000e+02
8.480000000000000000e+02 6.910000000000000000e+02
8.490000000000000000e+02 6.900000000000000000e+02
8.480000000000000000e+02 6.900000000000000000e+02
8.490000000000000000e+02 6.910000000000000000e+02
8.490000000000000000e+02 6.930000000000000000e+02
8.490000000000000000e+02 6.930000000000000000e+02
8.470000000000000000e+02 6.930000000000000000e+02
8.480000000000000000e+02 6.920000000000000000e+02
8.490000000000000000e+02 6.910000000000000000e+02
8.480000000000000000e+02 6.910000000000000000e+02
8.460000000000000000e+02 6.890000000000000000e+02
