# frames 101, center=[857, 667], duration=[400, 500], video=videos browniano 1/video browniano 1_0
8.570000000000000000e+02 6.670000000000000000e+02
8.570000000000000000e+02 6.670000000000000000e+02
8.570000000000000000e+02 6.670000000000000000e+02
8.570000000000000000e+02 6.670000000000000000e+02
8.560000000000000000e+02 6.660000000000000000e+02
8.560000000000000000e+02 6.650000000000000000e+02
8.570000000000000000e+02 6.660000000000000000e+02
8.570000000000000000e+02 6.640000000000000000e+02
8.570000000000000000e+02 6.650000000000000000e+02
8.550000000000000000e+02 6.630000000000000000e+02
8.540000000000000000e+02 6.610000000000000000e+02
8.550000000000000000e+02 6.610000000000000000e+02
8.540000000000000000e+02 6.610000000000000000e+02
8.540000000000000000e+02 6.600000000000000000e+02
8.540000000000000000e+02 6.600000000000000000e+02
8.550000000000000000e+02 6.590000000000000000e+02
8.550000000000000000e+02 6.580000000000000000e+02
8.540000000000000000e+02 6.610000000000000000e+02
8.540000000000000000e+02 6.590000000000000000e+02
8.530000000000000000e+02 6.590000000000000000e+02
8.530000000000000000e+02 6.580000000000000000e+02
8.540000000000000000e+02 6.580000000000000000e+02
8.540000000000000000e+02 6.590000000000000000e+02
8.550000000000000000e+02 6.570000000000000000e+02
8.560000000000000000e+02 6.550000000000000000e+02
8.550000000000000000e+02 6.540000000000000000e+02
8.540000000000000000e+02 6.550000000000000000e+02
8.530000000000000000e+02 6.540000000000000000e+02
8.530000000000000000e+02 6.550000000000000000e+02
8.530000000000000000e+02 6.550000000000000000e+02
8.540000000000000000e+02 6.570000000000000000e+02
8.550000000000000000e+02 6.570000000000000000e+02
8.550000000000000000e+02 6.560000000000000000e+02
8.560000000000000000e+02 6.580000000000000000e+02
8.570000000000000000e+02 6.590000000000000000e+02
8.560000000000000000e+02 6.580000000000000000e+02
8.550000000000000000e+02 6.580000000000000000e+02
8.550000000000000000e+02 6.590000000000000000e+02
8.570000000000000000e+02 6.610000000000000000e+02
8.580000000000000000e+02 6.610000000000000000e+02
8.570000000000000000e+02 6.610000000000000000e+02
8.580000000000000000e+02 6.600000000000000000e+02
8.590000000000000000e+02 6.600000000000000000e+02
8.580000000000000000e+02 6.610000000000000000e+02
8.550000000000000000e+02 6.630000000000000000e+02
8.560000000000000000e+02 6.630000000000000000e+02
8.570000000000000000e+02 6.630000000000000000e+02
8.570000000000000000e+02 6.620000000000000000e+02
8.570000000000000000e+02 6.630000000000000000e+02
8.560000000000000000e+02 6.640000000000000000e+02
8.560000000000000000e+02 6.630000000000000000e+02
8.570000000000000000e+02 6.630000000000000000e+02
8.560000000000000000e+02 6.640000000000000000e+02
8.570000000000000000e+02 6.640000000000000000e+02
8.590000000000000000e+02 6.630000000000000000e+02
8.600000000000000000e+02 6.620000000000000000e+02
8.600000000000000000e+02 6.620000000000000000e+02
8.600000000000000000e+02 6.630000000000000000e+02
8.610000000000000000e+02 6.650000000000000000e+02
8.630000000000000000e+02 6.650000000000000000e+02
8.620000000000000000e+02 6.640000000000000000e+02
8.590000000000000000e+02 6.640000000000000000e+02
8.570000000000000000e+02 6.660000000000000000e+02
8.570000000000000000e+02 6.660000000000000000e+02
8.600000000000000000e+02 6.660000000000000000e+02
8.580000000000000000e+02 6.670000000000000000e+02
8.580000000000000000e+02 6.670000000000000000e+02
8.580000000000000000e+02 6.680000000000000000e+02
8.570000000000000000e+02 6.670000000000000000e+02
8.590000000000000000e+02 6.690000000000000000e+02
8.590000000000000000e+02 6.670000000000000000e+02
8.610000000000000000e+02 6.680000000000000000e+02
8.600000000000000000e+02 6.690000000000000000e+02
8.600000000000000000e+02 6.680000000000000000e+02
8.570000000000000000e+02 6.690000000000000000e+02
8.570000000000000000e+02 6.700000000000000000e+02
8.570000000000000000e+02 6.670000000000000000e+02
8.570000000000000000e+02 6.680000000000000000e+02
8.570000000000000000e+02 6.680000000000000000e+02
8.580000000000000000e+02 6.680000000000000000e+02
8.570000000000000000e+02 6.680000000000000000e+02
8.550000000000000000e+02 6.640000000000000000e+02
8.530000000000000000e+02 6.630000000000000000e+02
8.550000000000000000e+02 6.630000000000000000e+02
8.550000000000000000e+02 6.620000000000000000e+02
8.560000000000000000e+02 6.630000000000000000e+02
8.550000000000000000e+02 6.620000000000000000e+02
8.540000000000000000e+02 6.620000000000000000e+02
8.540000000000000000e+02 6.640000000000000000e+02
8.550000000000000000e+02 6.650000000000000000e+02
8.560000000000000000e+02 6.670000000000000000e+02
8.560000000000000000e+02 6.670000000000000000e+02
8.550000000000000000e+02 6.690000000000000000e+02
8.560000000000000000e+02 6.710000000000000000e+02
8.550000000000000000e+02 6.710000000000000000e+02
8.570000000000000000e+02 6.710000000000000000e+02
8.560000000000000000e+02 6.710000000000000000e+02
8.550000000000000000e+02 6.690000000000000000e+02
8.540000000000000000e+02 6.700000000000000000e+02
8.550000000000000000e+02 6.700000000000000000e+02
8.540000000000000000e+02 6.690000000000000000e+02
