# frames 101, center=[867, 634], duration=[200, 300], video=videos browniano 1/video browniano 1_0
8.670000000000000000e+02 6.340000000000000000e+02
8.670000000000000000e+02 6.340000000000000000e+02
8.670000000000000000e+02 6.340000000000000000e+02
8.670000000000000000e+02 6.340000000000000000e+02
8.700000000000000000e+02 6.330000000000000000e+02
8.690000000000000000e+02 6.360000000000000000e+02
8.700000000000000000e+02 6.350000000000000000e+02
8.700000000000000000e+02 6.350000000000000000e+02
8.710000000000000000e+02 6.340000000000000000e+02
8.730000000000000000e+02 6.350000000000000000e+02
8.750000000000000000e+02 6.350000000000000000e+02
8.770000000000000000e+02 6.340000000000000000e+02
8.760000000000000000e+02 6.330000000000000000e+02
8.770000000000000000e+02 6.340000000000000000e+02
8.770000000000000000e+02 6.320000000000000000e+02
8.800000000000000000e+02 6.320000000000000000e+02
8.780000000000000000e+02 6.330000000000000000e+02
8.780000000000000000e+02 6.330000000000000000e+02
8.780000000000000000e+02 6.330000000000000000e+02
8.790000000000000000e+02 6.330000000000000000e+02
8.780000000000000000e+02 6.330000000000000000e+02
8.780000000000000000e+02 6.320000000000000000e+02
8.770000000000000000e+02 6.330000000000000000e+02
8.790000000000000000e+02 6.340000000000000000e+02
8.790000000000000000e+02 6.340000000000000000e+02
8.790000000000000000e+02 6.340000000000000000e+02
8.790000000000000000e+02 6.330000000000000000e+02
8.810000000000000000e+02 6.340000000000000000e+02
8.800000000000000000e+02 6.330000000000000000e+02
8.790000000000000000e+02 6.340000000000000000e+02
8.790000000000000000e+02 6.330000000000000000e+02
8.800000000000000000e+02 6.320000000000000000e+02
8.780000000000000000e+02 6.330000000000000000e+02
8.760000000000000000e+02 6.320000000000000000e+02
8.740000000000000000e+02 6.330000000000000000e+02
8.720000000000000000e+02 6.330000000000000000e+02
8.720000000000000000e+02 6.330000000000000000e+02
8.700000000000000000e+02 6.340000000000000000e+02
8.680000000000000000e+02 6.340000000000000000e+02
8.670000000000000000e+02 6.340000000000000000e+02
8.660000000000000000e+02 6.330000000000000000e+02
8.640000000000000000e+02 6.330000000000000000e+02
8.630000000000000000e+02 6.340000000000000000e+02
8.630000000000000000e+02 6.330000000000000000e+02
8.620000000000000000e+02 6.340000000000000000e+02
8.610000000000000000e+02 6.350000000000000000e+02
8.610000000000000000e+02 6.340000000000000000e+02
8.600000000000000000e+02 6.350000000000000000e+02
8.620000000000000000e+02 6.380000000000000000e+02
8.610000000000000000e+02 6.380000000000000000e+02
8.610000000000000000e+02 6.370000000000000000e+02
8.590000000000000000e+02 6.360000000000000000e+02
8.590000000000000000e+02 6.370000000000000000e+02
8.590000000000000000e+02 6.390000000000000000e+02
8.590000000000000000e+02 6.390000000000000000e+02
8.610000000000000000e+02 6.420000000000000000e+02
8.610000000000000000e+02 6.420000000000000000e+02
8.610000000000000000e+02 6.430000000000000000e+02
8.600000000000000000e+02 6.450000000000000000e+02
8.610000000000000000e+02 6.440000000000000000e+02
8.610000000000000000e+02 6.440000000000000000e+02
8.620000000000000000e+02 6.430000000000000000e+02
8.620000000000000000e+02 6.430000000000000000e+02
8.630000000000000000e+02 6.440000000000000000e+02
8.630000000000000000e+02 6.450000000000000000e+02
8.630000000000000000e+02 6.420000000000000000e+02
8.630000000000000000e+02 6.430000000000000000e+02
8.620000000000000000e+02 6.410000000000000000e+02
8.630000000000000000e+02 6.420000000000000000e+02
8.620000000000000000e+02 6.410000000000000000e+02
8.620000000000000000e+02 6.410000000000000000e+02
8.620000000000000000e+02 6.400000000000000000e+02
8.620000000000000000e+02 6.390000000000000000e+02
8.630000000000000000e+02 6.390000000000000000e+02
8.630000000000000000e+02 6.400000000000000000e+02
8.640000000000000000e+02 6.380000000000000000e+02
8.650000000000000000e+02 6.400000000000000000e+02
8.640000000000000000e+02 6.390000000000000000e+02
8.630000000000000000e+02 6.400000000000000000e+02
8.630000000000000000e+02 6.400000000000000000e+02
8.610000000000000000e+02 6.410000000000000000e+02
8.650000000000000000e+02 6.410000000000000000e+02
8.630000000000000000e+02 6.440000000000000000e+02
8.650000000000000000e+02 6.450000000000000000e+02
8.630000000000000000e+02 6.460000000000000000e+02
8.630000000000000000e+02 6.460000000000000000e+02
8.640000000000000000e+02 6.480000000000000000e+02
8.650000000000000000e+02 6.480000000000000000e+02
8.650000000000000000e+02 6.480000000000000000e+02
8.640000000000000000e+02 6.490000000000000000e+02
8.610000000000000000e+02 6.490000000000000000e+02
8.590000000000000000e+02 6.490000000000000000e+02
8.610000000000000000e+02 6.500000000000000000e+02
8.600000000000000000e+02 6.500000000000000000e+02
8.590000000000000000e+02 6.500000000000000000e+02
8.570000000000000000e+02 6.520000000000000000e+02
8.580000000000000000e+02 6.550000000000000000e+02
8.590000000000000000e+02 6.560000000000000000e+02
8.570000000000000000e+02 6.570000000000000000e+02
8.570000000000000000e+02 6.590000000000000000e+02
8.570000000000000000e+02 6.570000000000000000e+02
