# frames 101, center=[1049, 656], duration=[400, 500], video=videos browniano 1/video browniano 1_0
1.049000000000000000e+03 6.560000000000000000e+02
1.049000000000000000e+03 6.560000000000000000e+02
1.049000000000000000e+03 6.560000000000000000e+02
1.050000000000000000e+03 6.540000000000000000e+02
1.049000000000000000e+03 6.540000000000000000e+02
1.049000000000000000e+03 6.560000000000000000e+02
1.049000000000000000e+03 6.560000000000000000e+02
1.049000000000000000e+03 6.570000000000000000e+02
1.049000000000000000e+03 6.600000000000000000e+02
1.048000000000000000e+03 6.590000000000000000e+02
1.046000000000000000e+03 6.600000000000000000e+02
1.048000000000000000e+03 6.620000000000000000e+02
1.049000000000000000e+03 6.650000000000000000e+02
1.052000000000000000e+03 6.650000000000000000e+02
1.050000000000000000e+03 6.650000000000000000e+02
1.048000000000000000e+03 6.660000000000000000e+02
1.049000000000000000e+03 6.620000000000000000e+02
1.047000000000000000e+03 6.650000000000000000e+02
1.049000000000000000e+03 6.650000000000000000e+02
1.052000000000000000e+03 6.640000000000000000e+02
1.048000000000000000e+03 6.630000000000000000e+02
1.048000000000000000e+03 6.620000000000000000e+02
1.045000000000000000e+03 6.650000000000000000e+02
1.045000000000000000e+03 6.660000000000000000e+02
1.044000000000000000e+03 6.640000000000000000e+02
1.047000000000000000e+03 6.650000000000000000e+02
1.047000000000000000e+03 6.700000000000000000e+02
1.042000000000000000e+03 6.690000000000000000e+02
1.046000000000000000e+03 6.740000000000000000e+02
1.041000000000000000e+03 6.760000000000000000e+02
1.038000000000000000e+03 6.790000000000000000e+02
1.037000000000000000e+03 6.800000000000000000e+02
1.034000000000000000e+03 6.800000000000000000e+02
1.031000000000000000e+03 6.790000000000000000e+02
1.032000000000000000e+03 6.810000000000000000e+02
1.033000000000000000e+03 6.820000000000000000e+02
1.040000000000000000e+03 6.850000000000000000e+02
1.039000000000000000e+03 6.850000000000000000e+02
1.040000000000000000e+03 6.890000000000000000e+02
1.043000000000000000e+03 6.880000000000000000e+02
1.042000000000000000e+03 6.860000000000000000e+02
1.038000000000000000e+03 6.860000000000000000e+02
1.037000000000000000e+03 6.820000000000000000e+02
1.033000000000000000e+03 6.810000000000000000e+02
1.034000000000000000e+03 6.840000000000000000e+02
1.034000000000000000e+03 6.840000000000000000e+02
1.036000000000000000e+03 6.820000000000000000e+02
1.039000000000000000e+03 6.840000000000000000e+02
1.038000000000000000e+03 6.830000000000000000e+02
1.041000000000000000e+03 6.840000000000000000e+02
1.043000000000000000e+03 6.820000000000000000e+02
1.043000000000000000e+03 6.830000000000000000e+02
1.046000000000000000e+03 6.840000000000000000e+02
1.045000000000000000e+03 6.810000000000000000e+02
1.045000000000000000e+03 6.810000000000000000e+02
1.049000000000000000e+03 6.780000000000000000e+02
1.052000000000000000e+03 6.750000000000000000e+02
1.052000000000000000e+03 6.760000000000000000e+02
1.048000000000000000e+03 6.730000000000000000e+02
1.050000000000000000e+03 6.750000000000000000e+02
1.047000000000000000e+03 6.790000000000000000e+02
1.050000000000000000e+03 6.810000000000000000e+02
1.049000000000000000e+03 6.840000000000000000e+02
1.045000000000000000e+03 6.820000000000000000e+02
1.045000000000000000e+03 6.840000000000000000e+02
1.047000000000000000e+03 6.830000000000000000e+02
1.052000000000000000e+03 6.860000000000000000e+02
1.050000000000000000e+03 6.830000000000000000e+02
1.049000000000000000e+03 6.850000000000000000e+02
1.049000000000000000e+03 6.850000000000000000e+02
1.049000000000000000e+03 6.850000000000000000e+02
1.046000000000000000e+03 6.850000000000000000e+02
1.046000000000000000e+03 6.830000000000000000e+02
1.044000000000000000e+03 6.860000000000000000e+02
1.042000000000000000e+03 6.820000000000000000e+02
1.041000000000000000e+03 6.780000000000000000e+02
1.039000000000000000e+03 6.770000000000000000e+02
1.038000000000000000e+03 6.780000000000000000e+02
1.034000000000000000e+03 6.800000000000000000e+02
1.035000000000000000e+03 6.800000000000000000e+02
1.031000000000000000e+03 6.770000000000000000e+02
1.030000000000000000e+03 6.770000000000000000e+02
1.030000000000000000e+03 6.770000000000000000e+02
1.032000000000000000e+03 6.730000000000000000e+02
1.031000000000000000e+03 6.700000000000000000e+02
1.030000000000000000e+03 6.720000000000000000e+02
1.027000000000000000e+03 6.720000000000000000e+02
1.031000000000000000e+03 6.720000000000000000e+02
1.031000000000000000e+03 6.720000000000000000e+02
1.031000000000000000e+03 6.720000000000000000e+02
1.030000000000000000e+03 6.730000000000000000e+02
1.030000000000000000e+03 6.760000000000000000e+02
1.029000000000000000e+03 6.780000000000000000e+02
1.027000000000000000e+03 6.760000000000000000e+02
1.028000000000000000e+03 6.790000000000000000e+02
1.031000000000000000e+03 6.770000000000000000e+02
1.029000000000000000e+03 6.760000000000000000e+02
1.030000000000000000e+03 6.770000000000000000e+02
1.029000000000000000e+03 6.800000000000000000e+02
1.028000000000000000e+03 6.810000000000000000e+02
1.026000000000000000e+03 6.820000000000000000e+02
