# frames 101, center=[1099, 601], duration=[0, 100], video=videos browniano 1/video browniano 1_0
1.099000000000000000e+03 6.010000000000000000e+02
1.099000000000000000e+03 6.010000000000000000e+02
1.099000000000000000e+03 6.010000000000000000e+02
1.099000000000000000e+03 6.040000000000000000e+02
1.103000000000000000e+03 6.040000000000000000e+02
1.103000000000000000e+03 6.000000000000000000e+02
1.103000000000000000e+03 5.980000000000000000e+02
1.103000000000000000e+03 5.970000000000000000e+02
1.103000000000000000e+03 5.940000000000000000e+02
1.105000000000000000e+03 5.920000000000000000e+02
1.104000000000000000e+03 5.890000000000000000e+02
1.100000000000000000e+03 5.890000000000000000e+02
1.101000000000000000e+03 5.910000000000000000e+02
1.101000000000000000e+03 5.900000000000000000e+02
1.102000000000000000e+03 5.910000000000000000e+02
1.099000000000000000e+03 5.920000000000000000e+02
1.101000000000000000e+03 5.940000000000000000e+02
1.103000000000000000e+03 5.940000000000000000e+02
1.107000000000000000e+03 5.930000000000000000e+02
1.106000000000000000e+03 5.890000000000000000e+02
1.100000000000000000e+03 5.850000000000000000e+02
1.099000000000000000e+03 5.850000000000000000e+02
1.102000000000000000e+03 5.850000000000000000e+02
1.105000000000000000e+03 5.860000000000000000e+02
1.107000000000000000e+03 5.890000000000000000e+02
1.107000000000000000e+03 5.920000000000000000e+02
1.108000000000000000e+03 5.920000000000000000e+02
1.110000000000000000e+03 5.920000000000000000e+02
1.112000000000000000e+03 5.910000000000000000e+02
1.110000000000000000e+03 5.900000000000000000e+02
1.110000000000000000e+03 5.890000000000000000e+02
1.108000000000000000e+03 5.880000000000000000e+02
1.104000000000000000e+03 5.890000000000000000e+02
1.104000000000000000e+03 5.850000000000000000e+02
1.107000000000000000e+03 5.890000000000000000e+02
1.107000000000000000e+03 5.900000000000000000e+02
1.110000000000000000e+03 5.930000000000000000e+02
1.109000000000000000e+03 5.920000000000000000e+02
1.109000000000000000e+03 5.940000000000000000e+02
1.111000000000000000e+03 5.950000000000000000e+02
1.107000000000000000e+03 5.970000000000000000e+02
1.106000000000000000e+03 6.000000000000000000e+02
1.107000000000000000e+03 6.030000000000000000e+02
1.107000000000000000e+03 6.060000000000000000e+02
1.103000000000000000e+03 6.080000000000000000e+02
1.099000000000000000e+03 6.130000000000000000e+02
1.101000000000000000e+03 6.120000000000000000e+02
1.103000000000000000e+03 6.150000000000000000e+02
1.100000000000000000e+03 6.150000000000000000e+02
1.099000000000000000e+03 6.130000000000000000e+02
1.097000000000000000e+03 6.150000000000000000e+02
1.095000000000000000e+03 6.140000000000000000e+02
1.095000000000000000e+03 6.140000000000000000e+02
1.096000000000000000e+03 6.100000000000000000e+02
1.097000000000000000e+03 6.080000000000000000e+02
1.100000000000000000e+03 6.080000000000000000e+02
1.098000000000000000e+03 6.060000000000000000e+02
1.100000000000000000e+03 6.050000000000000000e+02
1.100000000000000000e+03 6.000000000000000000e+02
1.102000000000000000e+03 5.990000000000000000e+02
1.100000000000000000e+03 5.980000000000000000e+02
1.099000000000000000e+03 5.970000000000000000e+02
1.099000000000000000e+03 5.940000000000000000e+02
1.097000000000000000e+03 5.930000000000000000e+02
1.094000000000000000e+03 5.910000000000000000e+02
1.090000000000000000e+03 5.880000000000000000e+02
1.089000000000000000e+03 5.870000000000000000e+02
1.094000000000000000e+03 5.850000000000000000e+02
1.088000000000000000e+03 5.860000000000000000e+02
1.091000000000000000e+03 5.870000000000000000e+02
1.092000000000000000e+03 5.880000000000000000e+02
1.090000000000000000e+03 5.920000000000000000e+02
1.093000000000000000e+03 5.910000000000000000e+02
1.095000000000000000e+03 5.890000000000000000e+02
1.094000000000000000e+03 5.890000000000000000e+02
1.088000000000000000e+03 5.890000000000000000e+02
1.087000000000000000e+03 5.920000000000000000e+02
1.088000000000000000e+03 5.900000000000000000e+02
1.089000000000000000e+03 5.880000000000000000e+02
1.087000000000000000e+03 5.870000000000000000e+02
1.085000000000000000e+03 5.890000000000000000e+02
1.085000000000000000e+03 5.880000000000000000e+02
1.091000000000000000e+03 5.850000000000000000e+02
1.092000000000000000e+03 5.820000000000000000e+02
1.095000000000000000e+03 5.820000000000000000e+02
1.094000000000000000e+03 5.820000000000000000e+02
1.092000000000000000e+03 5.810000000000000000e+02
1.094000000000000000e+03 5.860000000000000000e+02
1.092000000000000000e+03 5.850000000000000000e+02
1.096000000000000000e+03 5.840000000000000000e+02
1.098000000000000000e+03 5.840000000000000000e+02
1.099000000000000000e+03 5.830000000000000000e+02
1.097000000000000000e+03 5.840000000000000000e+02
1.096000000000000000e+03 5.850000000000000000e+02
1.096000000000000000e+03 5.880000000000000000e+02
1.098000000000000000e+03 5.900000000000000000e+02
1.099000000000000000e+03 5.900000000000000000e+02
1.100000000000000000e+03 5.890000000000000000e+02
1.103000000000000000e+03 5.930000000000000000e+02
1.104000000000000000e+03 5.950000000000000000e+02
1.099000000000000000e+03 5.930000000000000000e+02
