# frames 101, center=[1079, 638], duration=[300, 400], video=videos browniano 1/video browniano 1_0
1.079000000000000000e+03 6.380000000000000000e+02
1.079000000000000000e+03 6.380000000000000000e+02
1.079000000000000000e+03 6.380000000000000000e+02
1.079000000000000000e+03 6.370000000000000000e+02
1.081000000000000000e+03 6.400000000000000000e+02
1.077000000000000000e+03 6.410000000000000000e+02
1.079000000000000000e+03 6.380000000000000000e+02
1.077000000000000000e+03 6.360000000000000000e+02
1.073000000000000000e+03 6.370000000000000000e+02
1.073000000000000000e+03 6.370000000000000000e+02
1.070000000000000000e+03 6.370000000000000000e+02
1.069000000000000000e+03 6.340000000000000000e+02
1.070000000000000000e+03 6.380000000000000000e+02
1.071000000000000000e+03 6.380000000000000000e+02
1.072000000000000000e+03 6.390000000000000000e+02
1.069000000000000000e+03 6.380000000000000000e+02
1.072000000000000000e+03 6.430000000000000000e+02
1.070000000000000000e+03 6.460000000000000000e+02
1.072000000000000000e+03 6.430000000000000000e+02
1.070000000000000000e+03 6.490000000000000000e+02
1.070000000000000000e+03 6.490000000000000000e+02
1.066000000000000000e+03 6.540000000000000000e+02
1.066000000000000000e+03 6.510000000000000000e+02
1.066000000000000000e+03 6.500000000000000000e+02
1.067000000000000000e+03 6.510000000000000000e+02
1.067000000000000000e+03 6.550000000000000000e+02
1.066000000000000000e+03 6.520000000000000000e+02
1.068000000000000000e+03 6.520000000000000000e+02
1.065000000000000000e+03 6.480000000000000000e+02
1.067000000000000000e+03 6.490000000000000000e+02
1.071000000000000000e+03 6.440000000000000000e+02
1.067000000000000000e+03 6.460000000000000000e+02
1.066000000000000000e+03 6.430000000000000000e+02
1.066000000000000000e+03 6.420000000000000000e+02
1.066000000000000000e+03 6.420000000000000000e+02
1.061000000000000000e+03 6.420000000000000000e+02
1.061000000000000000e+03 6.440000000000000000e+02
1.060000000000000000e+03 6.490000000000000000e+02
1.060000000000000000e+03 6.520000000000000000e+02
1.057000000000000000e+03 6.500000000000000000e+02
1.059000000000000000e+03 6.500000000000000000e+02
1.056000000000000000e+03 6.500000000000000000e+02
1.056000000000000000e+03 6.480000000000000000e+02
1.052000000000000000e+03 6.450000000000000000e+02
1.056000000000000000e+03 6.430000000000000000e+02
1.058000000000000000e+03 6.440000000000000000e+02
1.057000000000000000e+03 6.440000000000000000e+02
1.058000000000000000e+03 6.440000000000000000e+02
1.062000000000000000e+03 6.470000000000000000e+02
1.058000000000000000e+03 6.450000000000000000e+02
1.059000000000000000e+03 6.460000000000000000e+02
1.057000000000000000e+03 6.500000000000000000e+02
1.058000000000000000e+03 6.570000000000000000e+02
1.060000000000000000e+03 6.550000000000000000e+02
1.058000000000000000e+03 6.520000000000000000e+02
1.056000000000000000e+03 6.540000000000000000e+02
1.055000000000000000e+03 6.560000000000000000e+02
1.056000000000000000e+03 6.600000000000000000e+02
1.056000000000000000e+03 6.600000000000000000e+02
1.055000000000000000e+03 6.590000000000000000e+02
1.056000000000000000e+03 6.580000000000000000e+02
1.054000000000000000e+03 6.550000000000000000e+02
1.055000000000000000e+03 6.550000000000000000e+02
1.056000000000000000e+03 6.530000000000000000e+02
1.058000000000000000e+03 6.500000000000000000e+02
1.058000000000000000e+03 6.550000000000000000e+02
1.056000000000000000e+03 6.550000000000000000e+02
1.055000000000000000e+03 6.520000000000000000e+02
1.053000000000000000e+03 6.580000000000000000e+02
1.054000000000000000e+03 6.550000000000000000e+02
1.056000000000000000e+03 6.510000000000000000e+02
1.057000000000000000e+03 6.520000000000000000e+02
1.052000000000000000e+03 6.490000000000000000e+02
1.055000000000000000e+03 6.470000000000000000e+02
1.059000000000000000e+03 6.450000000000000000e+02
1.058000000000000000e+03 6.460000000000000000e+02
1.057000000000000000e+03 6.480000000000000000e+02
1.057000000000000000e+03 6.490000000000000000e+02
1.060000000000000000e+03 6.480000000000000000e+02
1.065000000000000000e+03 6.500000000000000000e+02
1.064000000000000000e+03 6.510000000000000000e+02
1.063000000000000000e+03 6.530000000000000000e+02
1.062000000000000000e+03 6.480000000000000000e+02
1.064000000000000000e+03 6.490000000000000000e+02
1.063000000000000000e+03 6.520000000000000000e+02
1.065000000000000000e+03 6.500000000000000000e+02
1.064000000000000000e+03 6.570000000000000000e+02
1.064000000000000000e+03 6.560000000000000000e+02
1.062000000000000000e+03 6.570000000000000000e+02
1.062000000000000000e+03 6.620000000000000000e+02
1.059000000000000000e+03 6.630000000000000000e+02
1.051000000000000000e+03 6.660000000000000000e+02
1.051000000000000000e+03 6.670000000000000000e+02
1.051000000000000000e+03 6.680000000000000000e+02
1.052000000000000000e+03 6.690000000000000000e+02
1.047000000000000000e+03 6.690000000000000000e+02
1.052000000000000000e+03 6.680000000000000000e+02
1.051000000000000000e+03 6.680000000000000000e+02
1.053000000000000000e+03 6.660000000000000000e+02
1.052000000000000000e+03 6.640000000000000000e+02
1.054000000000000000e+03 6.620000000000000000e+02
