# frames 101, center=[1109, 638], duration=[200, 300], video=videos browniano 1/video browniano 1_0
1.109000000000000000e+03 6.380000000000000000e+02
1.109000000000000000e+03 6.380000000000000000e+02
1.109000000000000000e+03 6.380000000000000000e+02
1.106000000000000000e+03 6.380000000000000000e+02
1.105000000000000000e+03 6.370000000000000000e+02
1.106000000000000000e+03 6.390000000000000000e+02
1.106000000000000000e+03 6.430000000000000000e+02
1.104000000000000000e+03 6.440000000000000000e+02
1.106000000000000000e+03 6.450000000000000000e+02
1.104000000000000000e+03 6.450000000000000000e+02
1.112000000000000000e+03 6.420000000000000000e+02
1.114000000000000000e+03 6.430000000000000000e+02
1.118000000000000000e+03 6.370000000000000000e+02
1.120000000000000000e+03 6.350000000000000000e+02
1.117000000000000000e+03 6.360000000000000000e+02
1.119000000000000000e+03 6.370000000000000000e+02
1.115000000000000000e+03 6.390000000000000000e+02
1.113000000000000000e+03 6.360000000000000000e+02
1.115000000000000000e+03 6.320000000000000000e+02
1.119000000000000000e+03 6.330000000000000000e+02
1.119000000000000000e+03 6.300000000000000000e+02
1.117000000000000000e+03 6.300000000000000000e+02
1.116000000000000000e+03 6.320000000000000000e+02
1.114000000000000000e+03 6.280000000000000000e+02
1.114000000000000000e+03 6.300000000000000000e+02
1.115000000000000000e+03 6.280000000000000000e+02
1.115000000000000000e+03 6.250000000000000000e+02
1.115000000000000000e+03 6.270000000000000000e+02
1.109000000000000000e+03 6.240000000000000000e+02
1.109000000000000000e+03 6.280000000000000000e+02
1.110000000000000000e+03 6.230000000000000000e+02
1.108000000000000000e+03 6.240000000000000000e+02
1.106000000000000000e+03 6.230000000000000000e+02
1.107000000000000000e+03 6.230000000000000000e+02
1.104000000000000000e+03 6.210000000000000000e+02
1.106000000000000000e+03 6.180000000000000000e+02
1.105000000000000000e+03 6.170000000000000000e+02
1.104000000000000000e+03 6.190000000000000000e+02
1.102000000000000000e+03 6.190000000000000000e+02
1.099000000000000000e+03 6.210000000000000000e+02
1.098000000000000000e+03 6.220000000000000000e+02
1.097000000000000000e+03 6.260000000000000000e+02
1.096000000000000000e+03 6.260000000000000000e+02
1.093000000000000000e+03 6.260000000000000000e+02
1.095000000000000000e+03 6.280000000000000000e+02
1.093000000000000000e+03 6.370000000000000000e+02
1.092000000000000000e+03 6.340000000000000000e+02
1.088000000000000000e+03 6.310000000000000000e+02
1.095000000000000000e+03 6.310000000000000000e+02
1.097000000000000000e+03 6.270000000000000000e+02
1.099000000000000000e+03 6.310000000000000000e+02
1.099000000000000000e+03 6.280000000000000000e+02
1.100000000000000000e+03 6.290000000000000000e+02
1.105000000000000000e+03 6.320000000000000000e+02
1.101000000000000000e+03 6.320000000000000000e+02
1.099000000000000000e+03 6.340000000000000000e+02
1.100000000000000000e+03 6.350000000000000000e+02
1.104000000000000000e+03 6.300000000000000000e+02
1.102000000000000000e+03 6.330000000000000000e+02
1.100000000000000000e+03 6.360000000000000000e+02
1.100000000000000000e+03 6.330000000000000000e+02
1.098000000000000000e+03 6.360000000000000000e+02
1.096000000000000000e+03 6.360000000000000000e+02
1.097000000000000000e+03 6.360000000000000000e+02
1.097000000000000000e+03 6.360000000000000000e+02
1.093000000000000000e+03 6.340000000000000000e+02
1.097000000000000000e+03 6.300000000000000000e+02
1.096000000000000000e+03 6.270000000000000000e+02
1.097000000000000000e+03 6.320000000000000000e+02
1.095000000000000000e+03 6.280000000000000000e+02
1.096000000000000000e+03 6.270000000000000000e+02
1.096000000000000000e+03 6.250000000000000000e+02
1.093000000000000000e+03 6.240000000000000000e+02
1.095000000000000000e+03 6.240000000000000000e+02
1.094000000000000000e+03 6.250000000000000000e+02
1.096000000000000000e+03 6.250000000000000000e+02
1.093000000000000000e+03 6.280000000000000000e+02
1.095000000000000000e+03 6.320000000000000000e+02
1.096000000000000000e+03 6.330000000000000000e+02
1.095000000000000000e+03 6.330000000000000000e+02
1.082000000000000000e+03 6.150000000000000000e+02
1.083000000000000000e+03 6.140000000000000000e+02
1.083000000000000000e+03 6.120000000000000000e+02
1.085000000000000000e+03 6.140000000000000000e+02
1.091000000000000000e+03 6.150000000000000000e+02
1.091000000000000000e+03 6.170000000000000000e+02
1.089000000000000000e+03 6.200000000000000000e+02
1.089000000000000000e+03 6.170000000000000000e+02
1.091000000000000000e+03 6.160000000000000000e+02
1.090000000000000000e+03 6.200000000000000000e+02
1.098000000000000000e+03 6.330000000000000000e+02
1.097000000000000000e+03 6.360000000000000000e+02
1.097000000000000000e+03 6.360000000000000000e+02
1.095000000000000000e+03 6.370000000000000000e+02
1.093000000000000000e+03 6.360000000000000000e+02
1.093000000000000000e+03 6.360000000000000000e+02
1.095000000000000000e+03 6.400000000000000000e+02
1.092000000000000000e+03 6.430000000000000000e+02
1.088000000000000000e+03 6.430000000000000000e+02
1.087000000000000000e+03 6.480000000000000000e+02
1.092000000000000000e+03 6.430000000000000000e+02
