# frames 101, center=[1029, 676], duration=[500, 600], video=videos browniano 1/video browniano 1_0
1.029000000000000000e+03 6.760000000000000000e+02
1.029000000000000000e+03 6.760000000000000000e+02
1.029000000000000000e+03 6.760000000000000000e+02
1.029000000000000000e+03 6.760000000000000000e+02
1.028000000000000000e+03 6.820000000000000000e+02
1.028000000000000000e+03 6.830000000000000000e+02
1.030000000000000000e+03 6.840000000000000000e+02
1.032000000000000000e+03 6.860000000000000000e+02
1.033000000000000000e+03 6.900000000000000000e+02
1.030000000000000000e+03 6.920000000000000000e+02
1.030000000000000000e+03 6.890000000000000000e+02
1.028000000000000000e+03 6.890000000000000000e+02
1.025000000000000000e+03 6.890000000000000000e+02
1.028000000000000000e+03 6.920000000000000000e+02
1.029000000000000000e+03 6.910000000000000000e+02
1.031000000000000000e+03 6.910000000000000000e+02
1.032000000000000000e+03 6.920000000000000000e+02
1.033000000000000000e+03 6.890000000000000000e+02
1.032000000000000000e+03 6.900000000000000000e+02
1.029000000000000000e+03 6.880000000000000000e+02
1.030000000000000000e+03 6.880000000000000000e+02
1.025000000000000000e+03 6.870000000000000000e+02
1.029000000000000000e+03 6.920000000000000000e+02
1.025000000000000000e+03 6.900000000000000000e+02
1.021000000000000000e+03 6.900000000000000000e+02
1.020000000000000000e+03 6.910000000000000000e+02
1.021000000000000000e+03 6.900000000000000000e+02
1.024000000000000000e+03 6.940000000000000000e+02
1.027000000000000000e+03 6.990000000000000000e+02
1.026000000000000000e+03 6.950000000000000000e+02
1.027000000000000000e+03 6.930000000000000000e+02
1.022000000000000000e+03 6.940000000000000000e+02
1.019000000000000000e+03 6.930000000000000000e+02
1.020000000000000000e+03 6.950000000000000000e+02
1.022000000000000000e+03 6.950000000000000000e+02
1.019000000000000000e+03 6.960000000000000000e+02
1.017000000000000000e+03 6.970000000000000000e+02
1.019000000000000000e+03 7.000000000000000000e+02
1.018000000000000000e+03 7.000000000000000000e+02
1.020000000000000000e+03 6.980000000000000000e+02
1.018000000000000000e+03 6.960000000000000000e+02
1.022000000000000000e+03 6.960000000000000000e+02
1.024000000000000000e+03 7.000000000000000000e+02
1.023000000000000000e+03 7.020000000000000000e+02
1.022000000000000000e+03 6.950000000000000000e+02
1.019000000000000000e+03 6.940000000000000000e+02
1.016000000000000000e+03 6.940000000000000000e+02
1.013000000000000000e+03 6.880000000000000000e+02
1.012000000000000000e+03 6.850000000000000000e+02
1.017000000000000000e+03 6.870000000000000000e+02
1.020000000000000000e+03 6.880000000000000000e+02
1.023000000000000000e+03 6.890000000000000000e+02
1.020000000000000000e+03 6.890000000000000000e+02
1.023000000000000000e+03 6.880000000000000000e+02
1.023000000000000000e+03 6.920000000000000000e+02
1.022000000000000000e+03 6.910000000000000000e+02
1.022000000000000000e+03 6.910000000000000000e+02
1.025000000000000000e+03 6.910000000000000000e+02
1.025000000000000000e+03 6.910000000000000000e+02
1.023000000000000000e+03 6.920000000000000000e+02
1.024000000000000000e+03 6.910000000000000000e+02
1.025000000000000000e+03 6.890000000000000000e+02
1.022000000000000000e+03 6.850000000000000000e+02
1.025000000000000000e+03 6.850000000000000000e+02
1.027000000000000000e+03 6.850000000000000000e+02
1.026000000000000000e+03 6.810000000000000000e+02
1.029000000000000000e+03 6.760000000000000000e+02
1.026000000000000000e+03 6.780000000000000000e+02
1.021000000000000000e+03 6.700000000000000000e+02
1.024000000000000000e+03 6.800000000000000000e+02
1.025000000000000000e+03 6.790000000000000000e+02
1.023000000000000000e+03 6.750000000000000000e+02
1.023000000000000000e+03 6.740000000000000000e+02
1.018000000000000000e+03 6.750000000000000000e+02
1.018000000000000000e+03 6.750000000000000000e+02
1.021000000000000000e+03 6.750000000000000000e+02
1.020000000000000000e+03 6.710000000000000000e+02
1.019000000000000000e+03 6.750000000000000000e+02
1.019000000000000000e+03 6.760000000000000000e+02
1.021000000000000000e+03 6.760000000000000000e+02
1.020000000000000000e+03 6.760000000000000000e+02
1.018000000000000000e+03 6.760000000000000000e+02
1.019000000000000000e+03 6.750000000000000000e+02
1.016000000000000000e+03 6.750000000000000000e+02
1.016000000000000000e+03 6.780000000000000000e+02
1.016000000000000000e+03 6.790000000000000000e+02
1.018000000000000000e+03 6.760000000000000000e+02
1.016000000000000000e+03 6.800000000000000000e+02
1.017000000000000000e+03 6.790000000000000000e+02
1.013000000000000000e+03 6.800000000000000000e+02
1.015000000000000000e+03 6.800000000000000000e+02
1.020000000000000000e+03 6.820000000000000000e+02
1.023000000000000000e+03 6.840000000000000000e+02
1.021000000000000000e+03 6.820000000000000000e+02
1.022000000000000000e+03 6.820000000000000000e+02
1.023000000000000000e+03 6.790000000000000000e+02
1.022000000000000000e+03 6.780000000000000000e+02
1.021000000000000000e+03 6.770000000000000000e+02
1.020000000000000000e+03 6.760000000000000000e+02
1.019000000000000000e+03 6.750000000000000000e+02
1.018000000000000000e+03 6.740000000000000000e+02
