# frames 101, center=[1104, 590], duration=[100, 200], video=videos browniano 1/video browniano 1_0
1.104000000000000000e+03 5.900000000000000000e+02
1.104000000000000000e+03 5.900000000000000000e+02
1.104000000000000000e+03 5.900000000000000000e+02
1.107000000000000000e+03 5.880000000000000000e+02
1.110000000000000000e+03 5.860000000000000000e+02
1.108000000000000000e+03 5.860000000000000000e+02
1.110000000000000000e+03 5.860000000000000000e+02
1.107000000000000000e+03 5.890000000000000000e+02
1.108000000000000000e+03 5.900000000000000000e+02
1.109000000000000000e+03 5.870000000000000000e+02
1.110000000000000000e+03 5.920000000000000000e+02
1.113000000000000000e+03 5.880000000000000000e+02
1.114000000000000000e+03 5.890000000000000000e+02
1.116000000000000000e+03 5.920000000000000000e+02
1.117000000000000000e+03 5.930000000000000000e+02
1.119000000000000000e+03 5.900000000000000000e+02
1.120000000000000000e+03 5.900000000000000000e+02
1.123000000000000000e+03 5.880000000000000000e+02
1.121000000000000000e+03 5.850000000000000000e+02
1.121000000000000000e+03 5.860000000000000000e+02
1.122000000000000000e+03 5.870000000000000000e+02
1.121000000000000000e+03 5.920000000000000000e+02
1.124000000000000000e+03 5.920000000000000000e+02
1.123000000000000000e+03 5.930000000000000000e+02
1.125000000000000000e+03 5.950000000000000000e+02
1.129000000000000000e+03 5.960000000000000000e+02
1.129000000000000000e+03 5.970000000000000000e+02
1.129000000000000000e+03 5.990000000000000000e+02
1.130000000000000000e+03 6.010000000000000000e+02
1.128000000000000000e+03 6.010000000000000000e+02
1.129000000000000000e+03 6.040000000000000000e+02
1.132000000000000000e+03 6.060000000000000000e+02
1.135000000000000000e+03 6.090000000000000000e+02
1.135000000000000000e+03 6.110000000000000000e+02
1.132000000000000000e+03 6.120000000000000000e+02
1.131000000000000000e+03 6.120000000000000000e+02
1.130000000000000000e+03 6.120000000000000000e+02
1.130000000000000000e+03 6.130000000000000000e+02
1.127000000000000000e+03 6.160000000000000000e+02
1.127000000000000000e+03 6.190000000000000000e+02
1.128000000000000000e+03 6.190000000000000000e+02
1.125000000000000000e+03 6.230000000000000000e+02
1.122000000000000000e+03 6.260000000000000000e+02
1.126000000000000000e+03 6.290000000000000000e+02
1.128000000000000000e+03 6.280000000000000000e+02
1.130000000000000000e+03 6.280000000000000000e+02
1.131000000000000000e+03 6.260000000000000000e+02
1.130000000000000000e+03 6.280000000000000000e+02
1.130000000000000000e+03 6.290000000000000000e+02
1.130000000000000000e+03 6.270000000000000000e+02
1.130000000000000000e+03 6.290000000000000000e+02
1.131000000000000000e+03 6.290000000000000000e+02
1.130000000000000000e+03 6.280000000000000000e+02
1.126000000000000000e+03 6.300000000000000000e+02
1.128000000000000000e+03 6.300000000000000000e+02
1.126000000000000000e+03 6.300000000000000000e+02
1.126000000000000000e+03 6.320000000000000000e+02
1.123000000000000000e+03 6.300000000000000000e+02
1.123000000000000000e+03 6.320000000000000000e+02
1.119000000000000000e+03 6.320000000000000000e+02
1.115000000000000000e+03 6.330000000000000000e+02
1.115000000000000000e+03 6.320000000000000000e+02
1.112000000000000000e+03 6.360000000000000000e+02
1.109000000000000000e+03 6.340000000000000000e+02
1.105000000000000000e+03 6.370000000000000000e+02
1.101000000000000000e+03 6.350000000000000000e+02
1.099000000000000000e+03 6.370000000000000000e+02
1.099000000000000000e+03 6.350000000000000000e+02
1.096000000000000000e+03 6.340000000000000000e+02
1.096000000000000000e+03 6.330000000000000000e+02
1.099000000000000000e+03 6.310000000000000000e+02
1.101000000000000000e+03 6.390000000000000000e+02
1.102000000000000000e+03 6.380000000000000000e+02
1.101000000000000000e+03 6.390000000000000000e+02
1.104000000000000000e+03 6.340000000000000000e+02
1.105000000000000000e+03 6.350000000000000000e+02
1.102000000000000000e+03 6.360000000000000000e+02
1.103000000000000000e+03 6.380000000000000000e+02
1.101000000000000000e+03 6.410000000000000000e+02
1.101000000000000000e+03 6.400000000000000000e+02
1.105000000000000000e+03 6.380000000000000000e+02
1.106000000000000000e+03 6.380000000000000000e+02
1.105000000000000000e+03 6.410000000000000000e+02
1.106000000000000000e+03 6.390000000000000000e+02
1.107000000000000000e+03 6.410000000000000000e+02
1.113000000000000000e+03 6.520000000000000000e+02
1.104000000000000000e+03 6.570000000000000000e+02
1.105000000000000000e+03 6.580000000000000000e+02
1.109000000000000000e+03 6.570000000000000000e+02
1.103000000000000000e+03 6.580000000000000000e+02
1.102000000000000000e+03 6.580000000000000000e+02
1.095000000000000000e+03 6.480000000000000000e+02
1.095000000000000000e+03 6.490000000000000000e+02
1.096000000000000000e+03 6.500000000000000000e+02
1.094000000000000000e+03 6.510000000000000000e+02
1.096000000000000000e+03 6.480000000000000000e+02
1.100000000000000000e+03 6.500000000000000000e+02
1.096000000000000000e+03 6.490000000000000000e+02
1.095000000000000000e+03 6.490000000000000000e+02
1.094000000000000000e+03 6.490000000000000000e+02
1.096000000000000000e+03 6.480000000000000000e+02
