# frames 101, center=[92, 607], duration=[100, 200], video=videos browniano 1/video browniano 1_0
9.200000000000000000e+01 6.070000000000000000e+02
9.200000000000000000e+01 6.070000000000000000e+02
9.200000000000000000e+01 6.070000000000000000e+02
9.000000000000000000e+01 6.110000000000000000e+02
9.100000000000000000e+01 6.100000000000000000e+02
9.200000000000000000e+01 6.100000000000000000e+02
9.000000000000000000e+01 6.100000000000000000e+02
9.200000000000000000e+01 6.070000000000000000e+02
9.300000000000000000e+01 6.100000000000000000e+02
9.200000000000000000e+01 6.070000000000000000e+02
9.400000000000000000e+01 6.090000000000000000e+02
9.200000000000000000e+01 6.080000000000000000e+02
9.200000000000000000e+01 6.100000000000000000e+02
9.200000000000000000e+01 6.100000000000000000e+02
9.200000000000000000e+01 6.120000000000000000e+02
9.200000000000000000e+01 6.110000000000000000e+02
9.000000000000000000e+01 6.100000000000000000e+02
9.300000000000000000e+01 6.110000000000000000e+02
9.100000000000000000e+01 6.100000000000000000e+02
9.100000000000000000e+01 6.100000000000000000e+02
9.200000000000000000e+01 6.130000000000000000e+02
9.100000000000000000e+01 6.150000000000000000e+02
8.900000000000000000e+01 6.160000000000000000e+02
9.000000000000000000e+01 6.190000000000000000e+02
9.100000000000000000e+01 6.180000000000000000e+02
9.100000000000000000e+01 6.170000000000000000e+02
9.100000000000000000e+01 6.150000000000000000e+02
9.200000000000000000e+01 6.150000000000000000e+02
9.000000000000000000e+01 6.150000000000000000e+02
9.000000000000000000e+01 6.150000000000000000e+02
9.100000000000000000e+01 6.180000000000000000e+02
9.000000000000000000e+01 6.170000000000000000e+02
9.100000000000000000e+01 6.170000000000000000e+02
9.000000000000000000e+01 6.160000000000000000e+02
8.800000000000000000e+01 6.150000000000000000e+02
8.700000000000000000e+01 6.150000000000000000e+02
8.800000000000000000e+01 6.150000000000000000e+02
8.600000000000000000e+01 6.160000000000000000e+02
8.500000000000000000e+01 6.160000000000000000e+02
8.300000000000000000e+01 6.160000000000000000e+02
8.600000000000000000e+01 6.150000000000000000e+02
8.300000000000000000e+01 6.170000000000000000e+02
8.200000000000000000e+01 6.160000000000000000e+02
8.200000000000000000e+01 6.170000000000000000e+02
8.000000000000000000e+01 6.150000000000000000e+02
7.900000000000000000e+01 6.120000000000000000e+02
7.800000000000000000e+01 6.120000000000000000e+02
7.800000000000000000e+01 6.110000000000000000e+02
7.900000000000000000e+01 6.110000000000000000e+02
7.700000000000000000e+01 6.120000000000000000e+02
7.900000000000000000e+01 6.120000000000000000e+02
7.500000000000000000e+01 6.120000000000000000e+02
7.300000000000000000e+01 6.140000000000000000e+02
7.400000000000000000e+01 6.150000000000000000e+02
7.400000000000000000e+01 6.150000000000000000e+02
7.400000000000000000e+01 6.160000000000000000e+02
7.300000000000000000e+01 6.150000000000000000e+02
7.200000000000000000e+01 6.140000000000000000e+02
7.300000000000000000e+01 6.130000000000000000e+02
7.300000000000000000e+01 6.120000000000000000e+02
7.200000000000000000e+01 6.110000000000000000e+02
7.400000000000000000e+01 6.110000000000000000e+02
7.300000000000000000e+01 6.130000000000000000e+02
7.500000000000000000e+01 6.120000000000000000e+02
7.500000000000000000e+01 6.130000000000000000e+02
7.400000000000000000e+01 6.120000000000000000e+02
7.600000000000000000e+01 6.110000000000000000e+02
7.400000000000000000e+01 6.100000000000000000e+02
7.400000000000000000e+01 6.100000000000000000e+02
7.300000000000000000e+01 6.100000000000000000e+02
7.300000000000000000e+01 6.110000000000000000e+02
7.300000000000000000e+01 6.110000000000000000e+02
7.400000000000000000e+01 6.130000000000000000e+02
7.500000000000000000e+01 6.140000000000000000e+02
7.400000000000000000e+01 6.160000000000000000e+02
7.400000000000000000e+01 6.160000000000000000e+02
7.600000000000000000e+01 6.160000000000000000e+02
7.500000000000000000e+01 6.150000000000000000e+02
7.800000000000000000e+01 6.160000000000000000e+02
7.700000000000000000e+01 6.160000000000000000e+02
7.700000000000000000e+01 6.150000000000000000e+02
7.600000000000000000e+01 6.170000000000000000e+02
7.400000000000000000e+01 6.190000000000000000e+02
7.300000000000000000e+01 6.180000000000000000e+02
7.400000000000000000e+01 6.190000000000000000e+02
7.700000000000000000e+01 6.190000000000000000e+02
7.400000000000000000e+01 6.180000000000000000e+02
7.600000000000000000e+01 6.180000000000000000e+02
7.800000000000000000e+01 6.180000000000000000e+02
7.600000000000000000e+01 6.180000000000000000e+02
7.600000000000000000e+01 6.170000000000000000e+02
7.300000000000000000e+01 6.170000000000000000e+02
7.200000000000000000e+01 6.180000000000000000e+02
7.100000000000000000e+01 6.180000000000000000e+02
6.900000000000000000e+01 6.180000000000000000e+02
6.900000000000000000e+01 6.170000000000000000e+02
6.800000000000000000e+01 6.180000000000000000e+02
6.800000000000000000e+01 6.180000000000000000e+02
7.100000000000000000e+01 6.180000000000000000e+02
7.000000000000000000e+01 6.190000000000000000e+02
6.900000000000000000e+01 6.180000000000000000e+02
