# frames 50, center=[68, 619], duration=[200, 300], video=videos browniano 1/video browniano 1_0
6.800000000000000000e+01 6.190000000000000000e+02
6.800000000000000000e+01 6.190000000000000000e+02
6.800000000000000000e+01 6.190000000000000000e+02
7.100000000000000000e+01 6.200000000000000000e+02
7.100000000000000000e+01 6.210000000000000000e+02
7.100000000000000000e+01 6.200000000000000000e+02
7.200000000000000000e+01 6.210000000000000000e+02
7.000000000000000000e+01 6.200000000000000000e+02
7.000000000000000000e+01 6.190000000000000000e+02
7.200000000000000000e+01 6.190000000000000000e+02
7.100000000000000000e+01 6.190000000000000000e+02
7.400000000000000000e+01 6.210000000000000000e+02
7.200000000000000000e+01 6.190000000000000000e+02
7.000000000000000000e+01 6.210000000000000000e+02
7.100000000000000000e+01 6.200000000000000000e+02
7.100000000000000000e+01 6.200000000000000000e+02
7.100000000000000000e+01 6.200000000000000000e+02
6.900000000000000000e+01 6.180000000000000000e+02
6.900000000000000000e+01 6.180000000000000000e+02
6.800000000000000000e+01 6.190000000000000000e+02
6.700000000000000000e+01 6.190000000000000000e+02
6.700000000000000000e+01 6.160000000000000000e+02
6.500000000000000000e+01 6.150000000000000000e+02
6.700000000000000000e+01 6.160000000000000000e+02
6.900000000000000000e+01 6.180000000000000000e+02
6.800000000000000000e+01 6.160000000000000000e+02
6.900000000000000000e+01 6.170000000000000000e+02
6.800000000000000000e+01 6.180000000000000000e+02
6.700000000000000000e+01 6.180000000000000000e+02
6.500000000000000000e+01 6.170000000000000000e+02
6.400000000000000000e+01 6.180000000000000000e+02
6.400000000000000000e+01 6.180000000000000000e+02
6.200000000000000000e+01 6.190000000000000000e+02
6.200000000000000000e+01 6.210000000000000000e+02
6.100000000000000000e+01 6.210000000000000000e+02
6.200000000000000000e+01 6.230000000000000000e+02
6.200000000000000000e+01 6.220000000000000000e+02
6.200000000000000000e+01 6.230000000000000000e+02
6.300000000000000000e+01 6.220000000000000000e+02
6.200000000000000000e+01 6.250000000000000000e+02
6.200000000000000000e+01 6.250000000000000000e+02
6.100000000000000000e+01 6.260000000000000000e+02
6.100000000000000000e+01 6.290000000000000000e+02
6.000000000000000000e+01 6.270000000000000000e+02
5.600000000000000000e+01 6.290000000000000000e+02
5.200000000000000000e+01 6.310000000000000000e+02
4.800000000000000000e+01 6.330000000000000000e+02
4.400000000000000000e+01 6.350000000000000000e+02
4.000000000000000000e+01 6.370000000000000000e+02
3.600000000000000000e+01 6.390000000000000000e+02
