# frames 101, center=[84, 591], duration=[0, 100], video=videos browniano 1/video browniano 1_0
8.400000000000000000e+01 5.910000000000000000e+02
8.400000000000000000e+01 5.910000000000000000e+02
8.400000000000000000e+01 5.910000000000000000e+02
8.300000000000000000e+01 5.920000000000000000e+02
8.300000000000000000e+01 5.910000000000000000e+02
8.300000000000000000e+01 5.910000000000000000e+02
8.500000000000000000e+01 5.940000000000000000e+02
8.700000000000000000e+01 5.920000000000000000e+02
8.600000000000000000e+01 5.910000000000000000e+02
8.600000000000000000e+01 5.910000000000000000e+02
8.400000000000000000e+01 5.910000000000000000e+02
8.300000000000000000e+01 5.920000000000000000e+02
8.200000000000000000e+01 5.940000000000000000e+02
8.200000000000000000e+01 5.950000000000000000e+02
8.500000000000000000e+01 5.930000000000000000e+02
8.600000000000000000e+01 5.940000000000000000e+02
8.800000000000000000e+01 5.940000000000000000e+02
8.800000000000000000e+01 5.940000000000000000e+02
8.700000000000000000e+01 5.950000000000000000e+02
8.800000000000000000e+01 5.940000000000000000e+02
9.000000000000000000e+01 5.940000000000000000e+02
9.100000000000000000e+01 5.960000000000000000e+02
9.000000000000000000e+01 5.970000000000000000e+02
9.100000000000000000e+01 5.960000000000000000e+02
9.100000000000000000e+01 5.960000000000000000e+02
9.200000000000000000e+01 5.970000000000000000e+02
9.300000000000000000e+01 5.970000000000000000e+02
9.200000000000000000e+01 5.960000000000000000e+02
9.000000000000000000e+01 5.940000000000000000e+02
9.100000000000000000e+01 5.940000000000000000e+02
9.000000000000000000e+01 5.930000000000000000e+02
8.900000000000000000e+01 5.930000000000000000e+02
8.700000000000000000e+01 5.940000000000000000e+02
8.600000000000000000e+01 5.930000000000000000e+02
8.500000000000000000e+01 5.940000000000000000e+02
8.400000000000000000e+01 5.940000000000000000e+02
8.300000000000000000e+01 5.960000000000000000e+02
8.600000000000000000e+01 5.980000000000000000e+02
8.400000000000000000e+01 5.970000000000000000e+02
8.400000000000000000e+01 5.960000000000000000e+02
8.600000000000000000e+01 5.950000000000000000e+02
8.900000000000000000e+01 5.940000000000000000e+02
8.900000000000000000e+01 5.970000000000000000e+02
8.900000000000000000e+01 5.960000000000000000e+02
8.900000000000000000e+01 5.980000000000000000e+02
8.900000000000000000e+01 5.970000000000000000e+02
8.800000000000000000e+01 5.960000000000000000e+02
8.800000000000000000e+01 5.960000000000000000e+02
8.500000000000000000e+01 5.940000000000000000e+02
8.400000000000000000e+01 5.920000000000000000e+02
8.400000000000000000e+01 5.920000000000000000e+02
8.500000000000000000e+01 5.910000000000000000e+02
8.600000000000000000e+01 5.910000000000000000e+02
8.400000000000000000e+01 5.930000000000000000e+02
8.400000000000000000e+01 5.910000000000000000e+02
8.400000000000000000e+01 5.910000000000000000e+02
8.600000000000000000e+01 5.870000000000000000e+02
8.700000000000000000e+01 5.900000000000000000e+02
8.800000000000000000e+01 5.890000000000000000e+02
8.900000000000000000e+01 5.900000000000000000e+02
9.200000000000000000e+01 5.890000000000000000e+02
9.200000000000000000e+01 5.910000000000000000e+02
9.000000000000000000e+01 5.920000000000000000e+02
8.900000000000000000e+01 5.920000000000000000e+02
9.000000000000000000e+01 5.930000000000000000e+02
9.100000000000000000e+01 5.920000000000000000e+02
8.800000000000000000e+01 5.900000000000000000e+02
8.900000000000000000e+01 5.900000000000000000e+02
8.900000000000000000e+01 5.930000000000000000e+02
8.700000000000000000e+01 5.950000000000000000e+02
8.900000000000000000e+01 5.950000000000000000e+02
9.000000000000000000e+01 5.930000000000000000e+02
9.300000000000000000e+01 5.930000000000000000e+02
9.400000000000000000e+01 5.950000000000000000e+02
9.600000000000000000e+01 5.950000000000000000e+02
9.700000000000000000e+01 5.940000000000000000e+02
9.700000000000000000e+01 5.950000000000000000e+02
9.500000000000000000e+01 5.970000000000000000e+02
9.700000000000000000e+01 5.970000000000000000e+02
9.900000000000000000e+01 5.990000000000000000e+02
9.800000000000000000e+01 5.970000000000000000e+02
9.800000000000000000e+01 5.970000000000000000e+02
1.000000000000000000e+02 5.990000000000000000e+02
1.000000000000000000e+02 6.000000000000000000e+02
1.020000000000000000e+02 6.010000000000000000e+02
9.900000000000000000e+01 6.020000000000000000e+02
1.010000000000000000e+02 6.050000000000000000e+02
1.030000000000000000e+02 6.100000000000000000e+02
1.020000000000000000e+02 6.090000000000000000e+02
9.900000000000000000e+01 6.100000000000000000e+02
9.900000000000000000e+01 6.100000000000000000e+02
9.900000000000000000e+01 6.120000000000000000e+02
9.800000000000000000e+01 6.100000000000000000e+02
9.600000000000000000e+01 6.100000000000000000e+02
9.500000000000000000e+01 6.090000000000000000e+02
9.500000000000000000e+01 6.090000000000000000e+02
9.500000000000000000e+01 6.100000000000000000e+02
9.700000000000000000e+01 6.060000000000000000e+02
9.600000000000000000e+01 6.080000000000000000e+02
9.500000000000000000e+01 6.100000000000000000e+02
9.400000000000000000e+01 6.070000000000000000e+02
