# frames 101, center=[68, 619], duration=[500, 600], video=videos browniano 1/video browniano 1_0
1.700000000000000000e+01 6.830000000000000000e+02
0.000000000000000000e+00 6.570000000000000000e+02
-1.700000000000000000e+01 6.310000000000000000e+02
-3.400000000000000000e+01 6.050000000000000000e+02
-5.100000000000000000e+01 5.790000000000000000e+02
-6.800000000000000000e+01 5.530000000000000000e+02
-8.500000000000000000e+01 5.270000000000000000e+02
-1.180000000000000000e+02 5.200000000000000000e+02
-1.190000000000000000e+02 5.190000000000000000e+02
-1.170000000000000000e+02 5.200000000000000000e+02
-1.160000000000000000e+02 5.190000000000000000e+02
-1.200000000000000000e+02 5.160000000000000000e+02
-1.170000000000000000e+02 5.190000000000000000e+02
-1.220000000000000000e+02 5.200000000000000000e+02
-1.180000000000000000e+02 5.200000000000000000e+02
-1.200000000000000000e+02 5.210000000000000000e+02
-1.190000000000000000e+02 5.200000000000000000e+02
-8.800000000000000000e+01 5.340000000000000000e+02
-8.900000000000000000e+01 5.380000000000000000e+02
-9.100000000000000000e+01 5.410000000000000000e+02
-8.800000000000000000e+01 5.430000000000000000e+02
-8.800000000000000000e+01 5.370000000000000000e+02
-9.000000000000000000e+01 5.390000000000000000e+02
-9.100000000000000000e+01 5.370000000000000000e+02
-8.800000000000000000e+01 5.380000000000000000e+02
-8.800000000000000000e+01 5.420000000000000000e+02
-9.100000000000000000e+01 5.410000000000000000e+02
-9.200000000000000000e+01 5.430000000000000000e+02
-9.200000000000000000e+01 5.460000000000000000e+02
-9.500000000000000000e+01 5.470000000000000000e+02
-9.300000000000000000e+01 5.510000000000000000e+02
-9.400000000000000000e+01 5.510000000000000000e+02
-9.400000000000000000e+01 5.520000000000000000e+02
-9.400000000000000000e+01 5.520000000000000000e+02
-9.500000000000000000e+01 5.540000000000000000e+02
-9.500000000000000000e+01 5.530000000000000000e+02
-9.900000000000000000e+01 5.560000000000000000e+02
-9.700000000000000000e+01 5.490000000000000000e+02
-9.300000000000000000e+01 5.520000000000000000e+02
-9.600000000000000000e+01 5.520000000000000000e+02
-9.500000000000000000e+01 5.520000000000000000e+02
-9.700000000000000000e+01 5.520000000000000000e+02
-9.700000000000000000e+01 5.520000000000000000e+02
-9.800000000000000000e+01 5.520000000000000000e+02
-9.500000000000000000e+01 5.510000000000000000e+02
-9.500000000000000000e+01 5.510000000000000000e+02
-9.400000000000000000e+01 5.530000000000000000e+02
-9.300000000000000000e+01 5.520000000000000000e+02
-9.200000000000000000e+01 5.530000000000000000e+02
-9.600000000000000000e+01 5.500000000000000000e+02
-9.400000000000000000e+01 5.500000000000000000e+02
-9.200000000000000000e+01 5.480000000000000000e+02
-9.400000000000000000e+01 5.520000000000000000e+02
-9.200000000000000000e+01 5.540000000000000000e+02
-1.240000000000000000e+02 5.400000000000000000e+02
-1.260000000000000000e+02 5.400000000000000000e+02
-1.260000000000000000e+02 5.400000000000000000e+02
-1.240000000000000000e+02 5.370000000000000000e+02
-1.250000000000000000e+02 5.400000000000000000e+02
-1.280000000000000000e+02 5.410000000000000000e+02
-1.270000000000000000e+02 5.410000000000000000e+02
-1.310000000000000000e+02 5.430000000000000000e+02
-1.280000000000000000e+02 5.440000000000000000e+02
-9.900000000000000000e+01 5.520000000000000000e+02
-9.800000000000000000e+01 5.530000000000000000e+02
-9.500000000000000000e+01 5.500000000000000000e+02
-9.800000000000000000e+01 5.520000000000000000e+02
-9.900000000000000000e+01 5.500000000000000000e+02
-9.800000000000000000e+01 5.560000000000000000e+02
-1.010000000000000000e+02 5.570000000000000000e+02
-9.700000000000000000e+01 5.580000000000000000e+02
-9.700000000000000000e+01 5.570000000000000000e+02
-9.800000000000000000e+01 5.570000000000000000e+02
-1.310000000000000000e+02 5.490000000000000000e+02
-1.300000000000000000e+02 5.500000000000000000e+02
-1.320000000000000000e+02 5.500000000000000000e+02
-1.310000000000000000e+02 5.510000000000000000e+02
-1.330000000000000000e+02 5.490000000000000000e+02
-1.320000000000000000e+02 5.480000000000000000e+02
-1.310000000000000000e+02 5.500000000000000000e+02
-1.330000000000000000e+02 5.490000000000000000e+02
-1.340000000000000000e+02 5.470000000000000000e+02
-1.330000000000000000e+02 5.450000000000000000e+02
-1.340000000000000000e+02 5.440000000000000000e+02
-1.280000000000000000e+02 5.440000000000000000e+02
-1.340000000000000000e+02 5.440000000000000000e+02
-1.340000000000000000e+02 5.440000000000000000e+02
-1.340000000000000000e+02 5.660000000000000000e+02
-1.310000000000000000e+02 5.630000000000000000e+02
-1.310000000000000000e+02 5.630000000000000000e+02
-1.310000000000000000e+02 5.640000000000000000e+02
-1.310000000000000000e+02 5.640000000000000000e+02
-1.340000000000000000e+02 5.660000000000000000e+02
-1.340000000000000000e+02 5.660000000000000000e+02
-1.340000000000000000e+02 5.660000000000000000e+02
-1.340000000000000000e+02 5.660000000000000000e+02
-1.340000000000000000e+02 5.660000000000000000e+02
-1.340000000000000000e+02 5.680000000000000000e+02
-1.350000000000000000e+02 5.680000000000000000e+02
-1.370000000000000000e+02 5.680000000000000000e+02
-1.350000000000000000e+02 5.670000000000000000e+02
