# frames 101, center=[96, 382], duration=[500, 600], video=videos browniano 1/video browniano 1_0
1.300000000000000000e+01 4.320000000000000000e+02
-2.000000000000000000e+00 4.410000000000000000e+02
-1.700000000000000000e+01 4.500000000000000000e+02
-3.200000000000000000e+01 4.590000000000000000e+02
-4.700000000000000000e+01 4.680000000000000000e+02
-6.200000000000000000e+01 4.770000000000000000e+02
-8.400000000000000000e+01 5.120000000000000000e+02
-9.600000000000000000e+01 5.400000000000000000e+02
-9.900000000000000000e+01 5.400000000000000000e+02
-9.600000000000000000e+01 5.440000000000000000e+02
-9.300000000000000000e+01 5.430000000000000000e+02
-9.500000000000000000e+01 5.380000000000000000e+02
-9.300000000000000000e+01 5.380000000000000000e+02
-9.500000000000000000e+01 5.360000000000000000e+02
-9.200000000000000000e+01 5.250000000000000000e+02
-9.100000000000000000e+01 5.290000000000000000e+02
-9.300000000000000000e+01 5.370000000000000000e+02
-8.400000000000000000e+01 5.540000000000000000e+02
-9.200000000000000000e+01 5.230000000000000000e+02
-9.500000000000000000e+01 5.260000000000000000e+02
-9.200000000000000000e+01 5.270000000000000000e+02
-9.300000000000000000e+01 5.220000000000000000e+02
-9.500000000000000000e+01 5.260000000000000000e+02
-9.600000000000000000e+01 5.230000000000000000e+02
-9.300000000000000000e+01 5.250000000000000000e+02
-9.200000000000000000e+01 5.280000000000000000e+02
-9.500000000000000000e+01 5.260000000000000000e+02
-9.600000000000000000e+01 5.270000000000000000e+02
-9.600000000000000000e+01 5.300000000000000000e+02
-9.700000000000000000e+01 5.330000000000000000e+02
-9.500000000000000000e+01 5.340000000000000000e+02
-9.500000000000000000e+01 5.340000000000000000e+02
-9.600000000000000000e+01 5.340000000000000000e+02
-9.200000000000000000e+01 5.340000000000000000e+02
-9.500000000000000000e+01 5.340000000000000000e+02
-9.500000000000000000e+01 5.350000000000000000e+02
-9.500000000000000000e+01 5.320000000000000000e+02
-9.500000000000000000e+01 5.340000000000000000e+02
-9.700000000000000000e+01 5.360000000000000000e+02
-9.700000000000000000e+01 5.340000000000000000e+02
-9.800000000000000000e+01 5.340000000000000000e+02
-9.900000000000000000e+01 5.350000000000000000e+02
-9.800000000000000000e+01 5.340000000000000000e+02
-9.500000000000000000e+01 5.310000000000000000e+02
-9.600000000000000000e+01 5.350000000000000000e+02
-9.600000000000000000e+01 5.360000000000000000e+02
-9.500000000000000000e+01 5.350000000000000000e+02
-9.600000000000000000e+01 5.340000000000000000e+02
-9.500000000000000000e+01 5.340000000000000000e+02
-9.800000000000000000e+01 5.330000000000000000e+02
-9.600000000000000000e+01 5.350000000000000000e+02
-9.300000000000000000e+01 5.330000000000000000e+02
-9.500000000000000000e+01 5.340000000000000000e+02
-9.400000000000000000e+01 5.360000000000000000e+02
-9.600000000000000000e+01 5.400000000000000000e+02
-9.500000000000000000e+01 5.340000000000000000e+02
-9.500000000000000000e+01 5.380000000000000000e+02
-9.600000000000000000e+01 5.350000000000000000e+02
-9.700000000000000000e+01 5.370000000000000000e+02
-9.700000000000000000e+01 5.390000000000000000e+02
-9.600000000000000000e+01 5.390000000000000000e+02
-9.900000000000000000e+01 5.380000000000000000e+02
-9.900000000000000000e+01 5.390000000000000000e+02
-9.900000000000000000e+01 5.380000000000000000e+02
-1.030000000000000000e+02 5.370000000000000000e+02
-9.900000000000000000e+01 5.360000000000000000e+02
-1.000000000000000000e+02 5.370000000000000000e+02
-1.040000000000000000e+02 5.350000000000000000e+02
-1.030000000000000000e+02 5.360000000000000000e+02
-1.040000000000000000e+02 5.390000000000000000e+02
-1.020000000000000000e+02 5.370000000000000000e+02
-9.900000000000000000e+01 5.400000000000000000e+02
-1.010000000000000000e+02 5.420000000000000000e+02
-1.010000000000000000e+02 5.400000000000000000e+02
-1.030000000000000000e+02 5.430000000000000000e+02
-1.030000000000000000e+02 5.410000000000000000e+02
-1.010000000000000000e+02 5.440000000000000000e+02
-1.040000000000000000e+02 5.420000000000000000e+02
-1.040000000000000000e+02 5.450000000000000000e+02
-1.020000000000000000e+02 5.420000000000000000e+02
-1.030000000000000000e+02 5.430000000000000000e+02
-1.010000000000000000e+02 5.400000000000000000e+02
-1.030000000000000000e+02 5.410000000000000000e+02
-1.010000000000000000e+02 5.420000000000000000e+02
-9.900000000000000000e+01 5.450000000000000000e+02
-1.030000000000000000e+02 5.420000000000000000e+02
-1.040000000000000000e+02 5.420000000000000000e+02
-1.050000000000000000e+02 5.420000000000000000e+02
-1.040000000000000000e+02 5.410000000000000000e+02
-1.010000000000000000e+02 5.410000000000000000e+02
-1.030000000000000000e+02 5.420000000000000000e+02
-1.010000000000000000e+02 5.450000000000000000e+02
-1.020000000000000000e+02 5.470000000000000000e+02
-1.020000000000000000e+02 5.440000000000000000e+02
-1.010000000000000000e+02 5.430000000000000000e+02
-1.030000000000000000e+02 5.460000000000000000e+02
-1.000000000000000000e+02 5.480000000000000000e+02
-1.040000000000000000e+02 5.420000000000000000e+02
-1.030000000000000000e+02 5.300000000000000000e+02
-1.040000000000000000e+02 5.290000000000000000e+02
-1.040000000000000000e+02 5.280000000000000000e+02
