# frames 101, center=[190, 502], duration=[100, 200], video=videos browniano 1/video browniano 1_0
1.900000000000000000e+02 5.020000000000000000e+02
1.900000000000000000e+02 5.020000000000000000e+02
1.900000000000000000e+02 5.020000000000000000e+02
1.880000000000000000e+02 5.020000000000000000e+02
1.890000000000000000e+02 5.010000000000000000e+02
1.880000000000000000e+02 4.990000000000000000e+02
1.890000000000000000e+02 5.000000000000000000e+02
1.900000000000000000e+02 5.010000000000000000e+02
1.900000000000000000e+02 5.000000000000000000e+02
1.890000000000000000e+02 5.010000000000000000e+02
1.880000000000000000e+02 5.000000000000000000e+02
1.900000000000000000e+02 5.000000000000000000e+02
1.900000000000000000e+02 5.020000000000000000e+02
1.890000000000000000e+02 5.000000000000000000e+02
1.890000000000000000e+02 5.010000000000000000e+02
1.890000000000000000e+02 5.010000000000000000e+02
1.880000000000000000e+02 5.000000000000000000e+02
1.870000000000000000e+02 5.010000000000000000e+02
1.850000000000000000e+02 4.990000000000000000e+02
1.840000000000000000e+02 5.000000000000000000e+02
1.860000000000000000e+02 5.000000000000000000e+02
1.860000000000000000e+02 4.990000000000000000e+02
1.870000000000000000e+02 5.000000000000000000e+02
1.880000000000000000e+02 5.010000000000000000e+02
1.880000000000000000e+02 5.000000000000000000e+02
1.870000000000000000e+02 4.990000000000000000e+02
1.860000000000000000e+02 4.990000000000000000e+02
1.850000000000000000e+02 4.990000000000000000e+02
1.830000000000000000e+02 4.990000000000000000e+02
1.850000000000000000e+02 4.990000000000000000e+02
1.860000000000000000e+02 5.000000000000000000e+02
1.850000000000000000e+02 5.000000000000000000e+02
1.860000000000000000e+02 5.020000000000000000e+02
1.860000000000000000e+02 5.010000000000000000e+02
1.860000000000000000e+02 5.020000000000000000e+02
1.870000000000000000e+02 5.030000000000000000e+02
1.840000000000000000e+02 5.020000000000000000e+02
1.840000000000000000e+02 5.040000000000000000e+02
1.830000000000000000e+02 5.040000000000000000e+02
1.850000000000000000e+02 5.060000000000000000e+02
1.830000000000000000e+02 5.070000000000000000e+02
1.840000000000000000e+02 5.080000000000000000e+02
1.840000000000000000e+02 5.080000000000000000e+02
1.830000000000000000e+02 5.090000000000000000e+02
1.830000000000000000e+02 5.110000000000000000e+02
1.820000000000000000e+02 5.120000000000000000e+02
1.800000000000000000e+02 5.120000000000000000e+02
1.800000000000000000e+02 5.120000000000000000e+02
1.810000000000000000e+02 5.120000000000000000e+02
1.810000000000000000e+02 5.110000000000000000e+02
1.810000000000000000e+02 5.140000000000000000e+02
1.810000000000000000e+02 5.130000000000000000e+02
1.830000000000000000e+02 5.130000000000000000e+02
1.830000000000000000e+02 5.150000000000000000e+02
1.810000000000000000e+02 5.140000000000000000e+02
1.790000000000000000e+02 5.140000000000000000e+02
1.760000000000000000e+02 5.120000000000000000e+02
1.760000000000000000e+02 5.120000000000000000e+02
1.740000000000000000e+02 5.130000000000000000e+02
1.730000000000000000e+02 5.110000000000000000e+02
1.720000000000000000e+02 5.120000000000000000e+02
1.710000000000000000e+02 5.120000000000000000e+02
1.710000000000000000e+02 5.130000000000000000e+02
1.690000000000000000e+02 5.140000000000000000e+02
1.690000000000000000e+02 5.150000000000000000e+02
1.700000000000000000e+02 5.140000000000000000e+02
1.710000000000000000e+02 5.140000000000000000e+02
1.680000000000000000e+02 5.140000000000000000e+02
1.670000000000000000e+02 5.160000000000000000e+02
1.660000000000000000e+02 5.160000000000000000e+02
1.670000000000000000e+02 5.150000000000000000e+02
1.650000000000000000e+02 5.160000000000000000e+02
1.670000000000000000e+02 5.150000000000000000e+02
1.670000000000000000e+02 5.180000000000000000e+02
1.660000000000000000e+02 5.180000000000000000e+02
1.650000000000000000e+02 5.180000000000000000e+02
1.630000000000000000e+02 5.170000000000000000e+02
1.640000000000000000e+02 5.180000000000000000e+02
1.620000000000000000e+02 5.160000000000000000e+02
1.600000000000000000e+02 5.200000000000000000e+02
1.620000000000000000e+02 5.200000000000000000e+02
1.610000000000000000e+02 5.200000000000000000e+02
1.580000000000000000e+02 5.230000000000000000e+02
1.610000000000000000e+02 5.250000000000000000e+02
1.600000000000000000e+02 5.240000000000000000e+02
1.590000000000000000e+02 5.240000000000000000e+02
1.570000000000000000e+02 5.230000000000000000e+02
1.570000000000000000e+02 5.240000000000000000e+02
1.560000000000000000e+02 5.260000000000000000e+02
1.520000000000000000e+02 5.260000000000000000e+02
1.510000000000000000e+02 5.280000000000000000e+02
1.500000000000000000e+02 5.290000000000000000e+02
1.510000000000000000e+02 5.300000000000000000e+02
1.500000000000000000e+02 5.300000000000000000e+02
1.470000000000000000e+02 5.300000000000000000e+02
1.470000000000000000e+02 5.300000000000000000e+02
1.460000000000000000e+02 5.300000000000000000e+02
1.470000000000000000e+02 5.290000000000000000e+02
1.480000000000000000e+02 5.280000000000000000e+02
1.480000000000000000e+02 5.280000000000000000e+02
1.470000000000000000e+02 5.300000000000000000e+02
