# frames 101, center=[133, 574], duration=[400, 500], video=videos browniano 1/video browniano 1_0
1.330000000000000000e+02 5.740000000000000000e+02
1.330000000000000000e+02 5.740000000000000000e+02
1.330000000000000000e+02 5.740000000000000000e+02
1.330000000000000000e+02 5.740000000000000000e+02
1.350000000000000000e+02 5.760000000000000000e+02
1.350000000000000000e+02 5.760000000000000000e+02
1.350000000000000000e+02 5.750000000000000000e+02
1.350000000000000000e+02 5.770000000000000000e+02
1.360000000000000000e+02 5.790000000000000000e+02
1.350000000000000000e+02 5.790000000000000000e+02
1.380000000000000000e+02 5.810000000000000000e+02
1.370000000000000000e+02 5.820000000000000000e+02
1.380000000000000000e+02 5.820000000000000000e+02
1.360000000000000000e+02 5.840000000000000000e+02
1.330000000000000000e+02 5.840000000000000000e+02
1.340000000000000000e+02 5.860000000000000000e+02
1.350000000000000000e+02 5.860000000000000000e+02
1.340000000000000000e+02 5.860000000000000000e+02
1.320000000000000000e+02 5.870000000000000000e+02
1.320000000000000000e+02 5.870000000000000000e+02
1.320000000000000000e+02 5.880000000000000000e+02
1.330000000000000000e+02 5.900000000000000000e+02
1.320000000000000000e+02 5.920000000000000000e+02
1.330000000000000000e+02 5.950000000000000000e+02
1.320000000000000000e+02 5.950000000000000000e+02
1.320000000000000000e+02 5.920000000000000000e+02
1.300000000000000000e+02 5.940000000000000000e+02
1.300000000000000000e+02 5.970000000000000000e+02
1.330000000000000000e+02 5.940000000000000000e+02
1.330000000000000000e+02 5.910000000000000000e+02
1.330000000000000000e+02 5.910000000000000000e+02
1.330000000000000000e+02 5.900000000000000000e+02
1.330000000000000000e+02 5.890000000000000000e+02
1.330000000000000000e+02 5.900000000000000000e+02
1.340000000000000000e+02 5.900000000000000000e+02
1.340000000000000000e+02 5.900000000000000000e+02
1.370000000000000000e+02 5.910000000000000000e+02
1.370000000000000000e+02 5.920000000000000000e+02
1.370000000000000000e+02 5.910000000000000000e+02
1.360000000000000000e+02 5.900000000000000000e+02
1.370000000000000000e+02 5.900000000000000000e+02
1.370000000000000000e+02 5.890000000000000000e+02
1.360000000000000000e+02 5.870000000000000000e+02
1.380000000000000000e+02 5.880000000000000000e+02
1.380000000000000000e+02 5.890000000000000000e+02
1.370000000000000000e+02 5.920000000000000000e+02
1.370000000000000000e+02 5.940000000000000000e+02
1.340000000000000000e+02 5.950000000000000000e+02
1.350000000000000000e+02 5.950000000000000000e+02
1.330000000000000000e+02 5.960000000000000000e+02
1.340000000000000000e+02 5.970000000000000000e+02
1.340000000000000000e+02 5.980000000000000000e+02
1.350000000000000000e+02 6.020000000000000000e+02
1.350000000000000000e+02 6.010000000000000000e+02
1.320000000000000000e+02 6.010000000000000000e+02
1.310000000000000000e+02 5.990000000000000000e+02
1.310000000000000000e+02 6.010000000000000000e+02
1.310000000000000000e+02 6.030000000000000000e+02
1.310000000000000000e+02 6.020000000000000000e+02
1.320000000000000000e+02 6.020000000000000000e+02
1.320000000000000000e+02 6.030000000000000000e+02
1.330000000000000000e+02 6.040000000000000000e+02
1.330000000000000000e+02 6.030000000000000000e+02
1.330000000000000000e+02 6.010000000000000000e+02
1.320000000000000000e+02 6.020000000000000000e+02
1.310000000000000000e+02 6.010000000000000000e+02
1.320000000000000000e+02 6.030000000000000000e+02
1.320000000000000000e+02 6.040000000000000000e+02
1.320000000000000000e+02 6.040000000000000000e+02
1.330000000000000000e+02 6.050000000000000000e+02
1.330000000000000000e+02 6.060000000000000000e+02
1.320000000000000000e+02 6.050000000000000000e+02
1.310000000000000000e+02 6.030000000000000000e+02
1.300000000000000000e+02 6.050000000000000000e+02
1.310000000000000000e+02 6.060000000000000000e+02
1.320000000000000000e+02 6.070000000000000000e+02
1.330000000000000000e+02 6.080000000000000000e+02
1.330000000000000000e+02 6.080000000000000000e+02
1.310000000000000000e+02 6.090000000000000000e+02
1.330000000000000000e+02 6.080000000000000000e+02
1.340000000000000000e+02 6.090000000000000000e+02
1.350000000000000000e+02 6.080000000000000000e+02
1.330000000000000000e+02 6.080000000000000000e+02
1.330000000000000000e+02 6.050000000000000000e+02
1.370000000000000000e+02 6.070000000000000000e+02
1.390000000000000000e+02 6.060000000000000000e+02
1.360000000000000000e+02 6.080000000000000000e+02
1.350000000000000000e+02 6.100000000000000000e+02
1.310000000000000000e+02 6.100000000000000000e+02
1.310000000000000000e+02 6.080000000000000000e+02
1.320000000000000000e+02 6.070000000000000000e+02
1.330000000000000000e+02 6.030000000000000000e+02
1.290000000000000000e+02 6.060000000000000000e+02
1.290000000000000000e+02 6.060000000000000000e+02
1.300000000000000000e+02 6.060000000000000000e+02
1.290000000000000000e+02 6.080000000000000000e+02
1.270000000000000000e+02 6.060000000000000000e+02
1.250000000000000000e+02 6.090000000000000000e+02
1.240000000000000000e+02 6.070000000000000000e+02
1.210000000000000000e+02 6.080000000000000000e+02
1.220000000000000000e+02 6.080000000000000000e+02
