# frames 101, center=[143, 527], duration=[200, 300], video=videos browniano 1/video browniano 1_0
1.430000000000000000e+02 5.270000000000000000e+02
1.430000000000000000e+02 5.270000000000000000e+02
1.430000000000000000e+02 5.270000000000000000e+02
1.440000000000000000e+02 5.280000000000000000e+02
1.440000000000000000e+02 5.270000000000000000e+02
1.450000000000000000e+02 5.270000000000000000e+02
1.460000000000000000e+02 5.270000000000000000e+02
1.450000000000000000e+02 5.280000000000000000e+02
1.460000000000000000e+02 5.280000000000000000e+02
1.450000000000000000e+02 5.290000000000000000e+02
1.450000000000000000e+02 5.290000000000000000e+02
1.450000000000000000e+02 5.300000000000000000e+02
1.430000000000000000e+02 5.310000000000000000e+02
1.440000000000000000e+02 5.300000000000000000e+02
1.430000000000000000e+02 5.300000000000000000e+02
1.430000000000000000e+02 5.300000000000000000e+02
1.440000000000000000e+02 5.320000000000000000e+02
1.430000000000000000e+02 5.340000000000000000e+02
1.450000000000000000e+02 5.350000000000000000e+02
1.420000000000000000e+02 5.330000000000000000e+02
1.430000000000000000e+02 5.330000000000000000e+02
1.450000000000000000e+02 5.340000000000000000e+02
1.430000000000000000e+02 5.340000000000000000e+02
1.450000000000000000e+02 5.350000000000000000e+02
1.480000000000000000e+02 5.360000000000000000e+02
1.500000000000000000e+02 5.350000000000000000e+02
1.500000000000000000e+02 5.360000000000000000e+02
1.510000000000000000e+02 5.370000000000000000e+02
1.500000000000000000e+02 5.390000000000000000e+02
1.510000000000000000e+02 5.390000000000000000e+02
1.520000000000000000e+02 5.390000000000000000e+02
1.540000000000000000e+02 5.380000000000000000e+02
1.520000000000000000e+02 5.380000000000000000e+02
1.510000000000000000e+02 5.410000000000000000e+02
1.510000000000000000e+02 5.430000000000000000e+02
1.490000000000000000e+02 5.430000000000000000e+02
1.490000000000000000e+02 5.440000000000000000e+02
1.490000000000000000e+02 5.450000000000000000e+02
1.520000000000000000e+02 5.440000000000000000e+02
1.510000000000000000e+02 5.450000000000000000e+02
1.520000000000000000e+02 5.450000000000000000e+02
1.510000000000000000e+02 5.460000000000000000e+02
1.530000000000000000e+02 5.510000000000000000e+02
1.520000000000000000e+02 5.510000000000000000e+02
1.520000000000000000e+02 5.530000000000000000e+02
1.520000000000000000e+02 5.540000000000000000e+02
1.520000000000000000e+02 5.540000000000000000e+02
1.530000000000000000e+02 5.550000000000000000e+02
1.520000000000000000e+02 5.560000000000000000e+02
1.490000000000000000e+02 5.550000000000000000e+02
1.500000000000000000e+02 5.550000000000000000e+02
1.490000000000000000e+02 5.530000000000000000e+02
1.490000000000000000e+02 5.540000000000000000e+02
1.490000000000000000e+02 5.550000000000000000e+02
1.490000000000000000e+02 5.540000000000000000e+02
1.490000000000000000e+02 5.530000000000000000e+02
1.490000000000000000e+02 5.520000000000000000e+02
1.500000000000000000e+02 5.520000000000000000e+02
1.510000000000000000e+02 5.520000000000000000e+02
1.510000000000000000e+02 5.530000000000000000e+02
1.520000000000000000e+02 5.520000000000000000e+02
1.510000000000000000e+02 5.540000000000000000e+02
1.520000000000000000e+02 5.540000000000000000e+02
1.530000000000000000e+02 5.520000000000000000e+02
1.510000000000000000e+02 5.500000000000000000e+02
1.490000000000000000e+02 5.500000000000000000e+02
1.490000000000000000e+02 5.510000000000000000e+02
1.470000000000000000e+02 5.500000000000000000e+02
1.470000000000000000e+02 5.480000000000000000e+02
1.470000000000000000e+02 5.480000000000000000e+02
1.480000000000000000e+02 5.500000000000000000e+02
1.480000000000000000e+02 5.490000000000000000e+02
1.450000000000000000e+02 5.510000000000000000e+02
1.450000000000000000e+02 5.520000000000000000e+02
1.440000000000000000e+02 5.520000000000000000e+02
1.450000000000000000e+02 5.530000000000000000e+02
1.440000000000000000e+02 5.540000000000000000e+02
1.450000000000000000e+02 5.520000000000000000e+02
1.450000000000000000e+02 5.520000000000000000e+02
1.430000000000000000e+02 5.500000000000000000e+02
1.430000000000000000e+02 5.490000000000000000e+02
1.460000000000000000e+02 5.500000000000000000e+02
1.470000000000000000e+02 5.500000000000000000e+02
1.500000000000000000e+02 5.530000000000000000e+02
1.500000000000000000e+02 5.530000000000000000e+02
1.490000000000000000e+02 5.520000000000000000e+02
1.480000000000000000e+02 5.510000000000000000e+02
1.480000000000000000e+02 5.490000000000000000e+02
1.490000000000000000e+02 5.510000000000000000e+02
1.460000000000000000e+02 5.510000000000000000e+02
1.450000000000000000e+02 5.490000000000000000e+02
1.450000000000000000e+02 5.490000000000000000e+02
1.460000000000000000e+02 5.480000000000000000e+02
1.460000000000000000e+02 5.480000000000000000e+02
1.450000000000000000e+02 5.470000000000000000e+02
1.460000000000000000e+02 5.460000000000000000e+02
1.490000000000000000e+02 5.460000000000000000e+02
1.480000000000000000e+02 5.460000000000000000e+02
1.470000000000000000e+02 5.440000000000000000e+02
1.450000000000000000e+02 5.450000000000000000e+02
1.430000000000000000e+02 5.460000000000000000e+02
