# frames 101, center=[119, 609], duration=[500, 600], video=videos browniano 1/video browniano 1_0
1.190000000000000000e+02 6.090000000000000000e+02
1.190000000000000000e+02 6.090000000000000000e+02
1.190000000000000000e+02 6.090000000000000000e+02
1.180000000000000000e+02 6.100000000000000000e+02
1.180000000000000000e+02 6.100000000000000000e+02
1.190000000000000000e+02 6.090000000000000000e+02
1.200000000000000000e+02 6.090000000000000000e+02
1.220000000000000000e+02 6.100000000000000000e+02
1.220000000000000000e+02 6.100000000000000000e+02
1.210000000000000000e+02 6.110000000000000000e+02
1.220000000000000000e+02 6.110000000000000000e+02
1.220000000000000000e+02 6.100000000000000000e+02
1.220000000000000000e+02 6.110000000000000000e+02
1.210000000000000000e+02 6.090000000000000000e+02
1.190000000000000000e+02 6.090000000000000000e+02
1.170000000000000000e+02 6.100000000000000000e+02
1.180000000000000000e+02 6.080000000000000000e+02
1.180000000000000000e+02 6.060000000000000000e+02
1.160000000000000000e+02 6.060000000000000000e+02
1.160000000000000000e+02 6.070000000000000000e+02
1.160000000000000000e+02 6.080000000000000000e+02
1.150000000000000000e+02 6.080000000000000000e+02
1.130000000000000000e+02 6.090000000000000000e+02
1.150000000000000000e+02 6.090000000000000000e+02
1.160000000000000000e+02 6.080000000000000000e+02
1.160000000000000000e+02 6.090000000000000000e+02
1.180000000000000000e+02 6.090000000000000000e+02
1.170000000000000000e+02 6.070000000000000000e+02
1.170000000000000000e+02 6.070000000000000000e+02
1.180000000000000000e+02 6.070000000000000000e+02
1.190000000000000000e+02 6.080000000000000000e+02
1.200000000000000000e+02 6.050000000000000000e+02
1.210000000000000000e+02 6.060000000000000000e+02
1.190000000000000000e+02 6.050000000000000000e+02
1.190000000000000000e+02 6.050000000000000000e+02
1.170000000000000000e+02 6.050000000000000000e+02
1.150000000000000000e+02 6.050000000000000000e+02
1.150000000000000000e+02 6.040000000000000000e+02
1.180000000000000000e+02 6.040000000000000000e+02
1.190000000000000000e+02 6.050000000000000000e+02
1.210000000000000000e+02 6.050000000000000000e+02
1.210000000000000000e+02 6.040000000000000000e+02
1.220000000000000000e+02 6.040000000000000000e+02
1.220000000000000000e+02 6.050000000000000000e+02
1.200000000000000000e+02 6.060000000000000000e+02
1.200000000000000000e+02 6.050000000000000000e+02
1.190000000000000000e+02 6.070000000000000000e+02
1.180000000000000000e+02 6.070000000000000000e+02
1.190000000000000000e+02 6.070000000000000000e+02
1.200000000000000000e+02 6.080000000000000000e+02
1.220000000000000000e+02 6.130000000000000000e+02
1.220000000000000000e+02 6.140000000000000000e+02
1.190000000000000000e+02 6.100000000000000000e+02
1.210000000000000000e+02 6.110000000000000000e+02
1.210000000000000000e+02 6.110000000000000000e+02
1.220000000000000000e+02 6.130000000000000000e+02
1.210000000000000000e+02 6.130000000000000000e+02
1.210000000000000000e+02 6.140000000000000000e+02
1.200000000000000000e+02 6.150000000000000000e+02
1.190000000000000000e+02 6.140000000000000000e+02
1.200000000000000000e+02 6.160000000000000000e+02
1.200000000000000000e+02 6.180000000000000000e+02
1.190000000000000000e+02 6.150000000000000000e+02
1.200000000000000000e+02 6.150000000000000000e+02
1.210000000000000000e+02 6.150000000000000000e+02
1.220000000000000000e+02 6.120000000000000000e+02
1.220000000000000000e+02 6.120000000000000000e+02
1.220000000000000000e+02 6.130000000000000000e+02
1.220000000000000000e+02 6.130000000000000000e+02
1.190000000000000000e+02 6.140000000000000000e+02
1.200000000000000000e+02 6.150000000000000000e+02
1.200000000000000000e+02 6.150000000000000000e+02
1.200000000000000000e+02 6.150000000000000000e+02
1.210000000000000000e+02 6.160000000000000000e+02
1.230000000000000000e+02 6.170000000000000000e+02
1.230000000000000000e+02 6.160000000000000000e+02
1.230000000000000000e+02 6.170000000000000000e+02
1.210000000000000000e+02 6.170000000000000000e+02
1.210000000000000000e+02 6.190000000000000000e+02
1.200000000000000000e+02 6.170000000000000000e+02
1.180000000000000000e+02 6.160000000000000000e+02
1.190000000000000000e+02 6.170000000000000000e+02
1.180000000000000000e+02 6.170000000000000000e+02
1.180000000000000000e+02 6.170000000000000000e+02
1.180000000000000000e+02 6.190000000000000000e+02
1.180000000000000000e+02 6.210000000000000000e+02
1.180000000000000000e+02 6.220000000000000000e+02
1.170000000000000000e+02 6.200000000000000000e+02
1.170000000000000000e+02 6.180000000000000000e+02
1.170000000000000000e+02 6.190000000000000000e+02
1.180000000000000000e+02 6.170000000000000000e+02
1.200000000000000000e+02 6.170000000000000000e+02
1.190000000000000000e+02 6.140000000000000000e+02
1.180000000000000000e+02 6.110000000000000000e+02
1.170000000000000000e+02 6.110000000000000000e+02
1.180000000000000000e+02 6.100000000000000000e+02
1.190000000000000000e+02 6.090000000000000000e+02
1.160000000000000000e+02 6.080000000000000000e+02
1.190000000000000000e+02 6.090000000000000000e+02
1.180000000000000000e+02 6.110000000000000000e+02
1.210000000000000000e+02 6.100000000000000000e+02
