# frames 101, center=[141, 546], duration=[300, 400], video=videos browniano 1/video browniano 1_0
1.410000000000000000e+02 5.460000000000000000e+02
1.410000000000000000e+02 5.460000000000000000e+02
1.410000000000000000e+02 5.460000000000000000e+02
1.410000000000000000e+02 5.460000000000000000e+02
1.420000000000000000e+02 5.470000000000000000e+02
1.410000000000000000e+02 5.480000000000000000e+02
1.420000000000000000e+02 5.480000000000000000e+02
1.440000000000000000e+02 5.490000000000000000e+02
1.430000000000000000e+02 5.490000000000000000e+02
1.460000000000000000e+02 5.520000000000000000e+02
1.480000000000000000e+02 5.530000000000000000e+02
1.490000000000000000e+02 5.530000000000000000e+02
1.470000000000000000e+02 5.550000000000000000e+02
1.460000000000000000e+02 5.530000000000000000e+02
1.480000000000000000e+02 5.540000000000000000e+02
1.490000000000000000e+02 5.560000000000000000e+02
1.510000000000000000e+02 5.560000000000000000e+02
1.490000000000000000e+02 5.550000000000000000e+02
1.520000000000000000e+02 5.570000000000000000e+02
1.480000000000000000e+02 5.550000000000000000e+02
1.490000000000000000e+02 5.550000000000000000e+02
1.480000000000000000e+02 5.540000000000000000e+02
1.480000000000000000e+02 5.550000000000000000e+02
1.470000000000000000e+02 5.560000000000000000e+02
1.490000000000000000e+02 5.580000000000000000e+02
1.470000000000000000e+02 5.600000000000000000e+02
1.450000000000000000e+02 5.580000000000000000e+02
1.440000000000000000e+02 5.580000000000000000e+02
1.410000000000000000e+02 5.570000000000000000e+02
1.410000000000000000e+02 5.570000000000000000e+02
1.400000000000000000e+02 5.580000000000000000e+02
1.410000000000000000e+02 5.560000000000000000e+02
1.390000000000000000e+02 5.570000000000000000e+02
1.400000000000000000e+02 5.610000000000000000e+02
1.390000000000000000e+02 5.610000000000000000e+02
1.380000000000000000e+02 5.610000000000000000e+02
1.370000000000000000e+02 5.620000000000000000e+02
1.380000000000000000e+02 5.630000000000000000e+02
1.350000000000000000e+02 5.640000000000000000e+02
1.340000000000000000e+02 5.650000000000000000e+02
1.330000000000000000e+02 5.630000000000000000e+02
1.330000000000000000e+02 5.600000000000000000e+02
1.350000000000000000e+02 5.610000000000000000e+02
1.340000000000000000e+02 5.630000000000000000e+02
1.350000000000000000e+02 5.620000000000000000e+02
1.360000000000000000e+02 5.640000000000000000e+02
1.330000000000000000e+02 5.650000000000000000e+02
1.350000000000000000e+02 5.670000000000000000e+02
1.350000000000000000e+02 5.670000000000000000e+02
1.360000000000000000e+02 5.670000000000000000e+02
1.370000000000000000e+02 5.710000000000000000e+02
1.370000000000000000e+02 5.720000000000000000e+02
1.390000000000000000e+02 5.720000000000000000e+02
1.370000000000000000e+02 5.710000000000000000e+02
1.360000000000000000e+02 5.710000000000000000e+02
1.350000000000000000e+02 5.730000000000000000e+02
1.330000000000000000e+02 5.730000000000000000e+02
1.320000000000000000e+02 5.730000000000000000e+02
1.330000000000000000e+02 5.730000000000000000e+02
1.340000000000000000e+02 5.730000000000000000e+02
1.340000000000000000e+02 5.750000000000000000e+02
1.350000000000000000e+02 5.740000000000000000e+02
1.350000000000000000e+02 5.730000000000000000e+02
1.360000000000000000e+02 5.730000000000000000e+02
1.350000000000000000e+02 5.700000000000000000e+02
1.350000000000000000e+02 5.710000000000000000e+02
1.350000000000000000e+02 5.720000000000000000e+02
1.340000000000000000e+02 5.720000000000000000e+02
1.340000000000000000e+02 5.730000000000000000e+02
1.340000000000000000e+02 5.740000000000000000e+02
1.350000000000000000e+02 5.730000000000000000e+02
1.350000000000000000e+02 5.730000000000000000e+02
1.340000000000000000e+02 5.730000000000000000e+02
1.330000000000000000e+02 5.750000000000000000e+02
1.320000000000000000e+02 5.750000000000000000e+02
1.310000000000000000e+02 5.760000000000000000e+02
1.310000000000000000e+02 5.750000000000000000e+02
1.310000000000000000e+02 5.760000000000000000e+02
1.300000000000000000e+02 5.760000000000000000e+02
1.310000000000000000e+02 5.760000000000000000e+02
1.320000000000000000e+02 5.760000000000000000e+02
1.310000000000000000e+02 5.780000000000000000e+02
1.310000000000000000e+02 5.770000000000000000e+02
1.300000000000000000e+02 5.780000000000000000e+02
1.300000000000000000e+02 5.770000000000000000e+02
1.300000000000000000e+02 5.790000000000000000e+02
1.300000000000000000e+02 5.790000000000000000e+02
1.290000000000000000e+02 5.780000000000000000e+02
1.290000000000000000e+02 5.800000000000000000e+02
1.270000000000000000e+02 5.790000000000000000e+02
1.280000000000000000e+02 5.790000000000000000e+02
1.300000000000000000e+02 5.790000000000000000e+02
1.290000000000000000e+02 5.780000000000000000e+02
1.300000000000000000e+02 5.760000000000000000e+02
1.280000000000000000e+02 5.770000000000000000e+02
1.250000000000000000e+02 5.760000000000000000e+02
1.260000000000000000e+02 5.760000000000000000e+02
1.270000000000000000e+02 5.740000000000000000e+02
1.280000000000000000e+02 5.750000000000000000e+02
1.260000000000000000e+02 5.740000000000000000e+02
1.230000000000000000e+02 5.720000000000000000e+02
