# frames 101, center=[247, 553], duration=[300, 400], video=videos browniano 1/video browniano 1_0
2.470000000000000000e+02 5.530000000000000000e+02
2.470000000000000000e+02 5.530000000000000000e+02
2.470000000000000000e+02 5.530000000000000000e+02
2.470000000000000000e+02 5.530000000000000000e+02
2.470000000000000000e+02 5.550000000000000000e+02
2.450000000000000000e+02 5.570000000000000000e+02
2.470000000000000000e+02 5.560000000000000000e+02
2.460000000000000000e+02 5.570000000000000000e+02
2.460000000000000000e+02 5.580000000000000000e+02
2.470000000000000000e+02 5.590000000000000000e+02
2.470000000000000000e+02 5.610000000000000000e+02
2.490000000000000000e+02 5.630000000000000000e+02
2.510000000000000000e+02 5.630000000000000000e+02
2.510000000000000000e+02 5.630000000000000000e+02
2.530000000000000000e+02 5.630000000000000000e+02
2.540000000000000000e+02 5.630000000000000000e+02
2.540000000000000000e+02 5.650000000000000000e+02
2.510000000000000000e+02 5.620000000000000000e+02
2.500000000000000000e+02 5.630000000000000000e+02
2.470000000000000000e+02 5.620000000000000000e+02
2.470000000000000000e+02 5.610000000000000000e+02
2.430000000000000000e+02 5.600000000000000000e+02
2.450000000000000000e+02 5.600000000000000000e+02
2.430000000000000000e+02 5.590000000000000000e+02
2.440000000000000000e+02 5.590000000000000000e+02
2.450000000000000000e+02 5.580000000000000000e+02
2.430000000000000000e+02 5.580000000000000000e+02
2.420000000000000000e+02 5.590000000000000000e+02
2.390000000000000000e+02 5.590000000000000000e+02
2.380000000000000000e+02 5.610000000000000000e+02
2.370000000000000000e+02 5.600000000000000000e+02
2.380000000000000000e+02 5.600000000000000000e+02
2.400000000000000000e+02 5.620000000000000000e+02
2.390000000000000000e+02 5.600000000000000000e+02
2.370000000000000000e+02 5.610000000000000000e+02
2.380000000000000000e+02 5.610000000000000000e+02
2.390000000000000000e+02 5.640000000000000000e+02
2.400000000000000000e+02 5.640000000000000000e+02
2.390000000000000000e+02 5.630000000000000000e+02
2.380000000000000000e+02 5.630000000000000000e+02
2.360000000000000000e+02 5.630000000000000000e+02
2.370000000000000000e+02 5.620000000000000000e+02
2.400000000000000000e+02 5.600000000000000000e+02
2.390000000000000000e+02 5.610000000000000000e+02
2.400000000000000000e+02 5.640000000000000000e+02
2.390000000000000000e+02 5.660000000000000000e+02
2.390000000000000000e+02 5.670000000000000000e+02
2.400000000000000000e+02 5.680000000000000000e+02
2.390000000000000000e+02 5.700000000000000000e+02
2.420000000000000000e+02 5.700000000000000000e+02
2.440000000000000000e+02 5.710000000000000000e+02
2.410000000000000000e+02 5.710000000000000000e+02
2.410000000000000000e+02 5.710000000000000000e+02
2.420000000000000000e+02 5.690000000000000000e+02
2.440000000000000000e+02 5.690000000000000000e+02
2.430000000000000000e+02 5.700000000000000000e+02
2.420000000000000000e+02 5.680000000000000000e+02
2.420000000000000000e+02 5.690000000000000000e+02
2.410000000000000000e+02 5.710000000000000000e+02
2.420000000000000000e+02 5.710000000000000000e+02
2.410000000000000000e+02 5.700000000000000000e+02
2.420000000000000000e+02 5.690000000000000000e+02
2.430000000000000000e+02 5.700000000000000000e+02
2.410000000000000000e+02 5.700000000000000000e+02
2.410000000000000000e+02 5.710000000000000000e+02
2.420000000000000000e+02 5.740000000000000000e+02
2.400000000000000000e+02 5.730000000000000000e+02
2.410000000000000000e+02 5.750000000000000000e+02
2.410000000000000000e+02 5.760000000000000000e+02
2.390000000000000000e+02 5.750000000000000000e+02
2.390000000000000000e+02 5.750000000000000000e+02
2.380000000000000000e+02 5.760000000000000000e+02
2.380000000000000000e+02 5.760000000000000000e+02
2.380000000000000000e+02 5.780000000000000000e+02
2.370000000000000000e+02 5.770000000000000000e+02
2.370000000000000000e+02 5.770000000000000000e+02
2.360000000000000000e+02 5.760000000000000000e+02
2.380000000000000000e+02 5.770000000000000000e+02
2.380000000000000000e+02 5.800000000000000000e+02
2.380000000000000000e+02 5.780000000000000000e+02
2.380000000000000000e+02 5.780000000000000000e+02
2.370000000000000000e+02 5.790000000000000000e+02
2.380000000000000000e+02 5.780000000000000000e+02
2.390000000000000000e+02 5.790000000000000000e+02
2.360000000000000000e+02 5.780000000000000000e+02
2.360000000000000000e+02 5.780000000000000000e+02
2.350000000000000000e+02 5.780000000000000000e+02
2.340000000000000000e+02 5.760000000000000000e+02
2.320000000000000000e+02 5.760000000000000000e+02
2.310000000000000000e+02 5.760000000000000000e+02
2.300000000000000000e+02 5.750000000000000000e+02
2.310000000000000000e+02 5.750000000000000000e+02
2.310000000000000000e+02 5.730000000000000000e+02
2.290000000000000000e+02 5.730000000000000000e+02
2.310000000000000000e+02 5.730000000000000000e+02
2.300000000000000000e+02 5.720000000000000000e+02
2.300000000000000000e+02 5.700000000000000000e+02
2.320000000000000000e+02 5.700000000000000000e+02
2.300000000000000000e+02 5.690000000000000000e+02
2.300000000000000000e+02 5.710000000000000000e+02
2.320000000000000000e+02 5.720000000000000000e+02
