# frames 101, center=[528, 636], duration=[500, 600], video=videos browniano 1/video browniano 1_0
5.280000000000000000e+02 6.360000000000000000e+02
5.280000000000000000e+02 6.360000000000000000e+02
5.280000000000000000e+02 6.360000000000000000e+02
5.280000000000000000e+02 6.370000000000000000e+02
5.290000000000000000e+02 6.390000000000000000e+02
5.290000000000000000e+02 6.400000000000000000e+02
5.280000000000000000e+02 6.370000000000000000e+02
5.280000000000000000e+02 6.400000000000000000e+02
5.260000000000000000e+02 6.390000000000000000e+02
5.250000000000000000e+02 6.410000000000000000e+02
5.260000000000000000e+02 6.430000000000000000e+02
5.240000000000000000e+02 6.430000000000000000e+02
5.250000000000000000e+02 6.430000000000000000e+02
5.270000000000000000e+02 6.440000000000000000e+02
5.220000000000000000e+02 6.420000000000000000e+02
5.230000000000000000e+02 6.430000000000000000e+02
5.230000000000000000e+02 6.450000000000000000e+02
5.230000000000000000e+02 6.440000000000000000e+02
5.230000000000000000e+02 6.450000000000000000e+02
5.230000000000000000e+02 6.440000000000000000e+02
5.210000000000000000e+02 6.450000000000000000e+02
5.190000000000000000e+02 6.450000000000000000e+02
5.190000000000000000e+02 6.450000000000000000e+02
5.160000000000000000e+02 6.460000000000000000e+02
5.140000000000000000e+02 6.450000000000000000e+02
5.150000000000000000e+02 6.440000000000000000e+02
5.150000000000000000e+02 6.420000000000000000e+02
5.150000000000000000e+02 6.420000000000000000e+02
5.160000000000000000e+02 6.430000000000000000e+02
5.130000000000000000e+02 6.420000000000000000e+02
5.120000000000000000e+02 6.420000000000000000e+02
5.120000000000000000e+02 6.420000000000000000e+02
5.100000000000000000e+02 6.430000000000000000e+02
5.080000000000000000e+02 6.430000000000000000e+02
5.100000000000000000e+02 6.430000000000000000e+02
5.100000000000000000e+02 6.410000000000000000e+02
5.080000000000000000e+02 6.410000000000000000e+02
5.080000000000000000e+02 6.430000000000000000e+02
5.070000000000000000e+02 6.450000000000000000e+02
5.070000000000000000e+02 6.460000000000000000e+02
5.080000000000000000e+02 6.440000000000000000e+02
5.070000000000000000e+02 6.450000000000000000e+02
5.030000000000000000e+02 6.430000000000000000e+02
5.040000000000000000e+02 6.420000000000000000e+02
5.080000000000000000e+02 6.420000000000000000e+02
5.060000000000000000e+02 6.430000000000000000e+02
5.070000000000000000e+02 6.440000000000000000e+02
5.060000000000000000e+02 6.440000000000000000e+02
5.040000000000000000e+02 6.440000000000000000e+02
5.050000000000000000e+02 6.450000000000000000e+02
5.070000000000000000e+02 6.440000000000000000e+02
5.070000000000000000e+02 6.440000000000000000e+02
5.050000000000000000e+02 6.420000000000000000e+02
5.060000000000000000e+02 6.430000000000000000e+02
5.040000000000000000e+02 6.410000000000000000e+02
5.060000000000000000e+02 6.420000000000000000e+02
5.060000000000000000e+02 6.390000000000000000e+02
5.050000000000000000e+02 6.400000000000000000e+02
5.080000000000000000e+02 6.410000000000000000e+02
5.090000000000000000e+02 6.410000000000000000e+02
5.080000000000000000e+02 6.410000000000000000e+02
5.090000000000000000e+02 6.410000000000000000e+02
5.100000000000000000e+02 6.430000000000000000e+02
5.110000000000000000e+02 6.460000000000000000e+02
5.130000000000000000e+02 6.440000000000000000e+02
5.140000000000000000e+02 6.440000000000000000e+02
5.150000000000000000e+02 6.450000000000000000e+02
5.140000000000000000e+02 6.460000000000000000e+02
5.140000000000000000e+02 6.460000000000000000e+02
5.120000000000000000e+02 6.470000000000000000e+02
5.110000000000000000e+02 6.440000000000000000e+02
5.130000000000000000e+02 6.450000000000000000e+02
5.120000000000000000e+02 6.480000000000000000e+02
5.100000000000000000e+02 6.460000000000000000e+02
5.090000000000000000e+02 6.480000000000000000e+02
5.090000000000000000e+02 6.480000000000000000e+02
5.120000000000000000e+02 6.490000000000000000e+02
5.120000000000000000e+02 6.480000000000000000e+02
5.100000000000000000e+02 6.460000000000000000e+02
5.120000000000000000e+02 6.480000000000000000e+02
5.130000000000000000e+02 6.470000000000000000e+02
5.120000000000000000e+02 6.460000000000000000e+02
5.110000000000000000e+02 6.460000000000000000e+02
5.100000000000000000e+02 6.450000000000000000e+02
5.110000000000000000e+02 6.470000000000000000e+02
5.090000000000000000e+02 6.470000000000000000e+02
5.130000000000000000e+02 6.460000000000000000e+02
5.110000000000000000e+02 6.460000000000000000e+02
5.080000000000000000e+02 6.440000000000000000e+02
5.100000000000000000e+02 6.460000000000000000e+02
5.080000000000000000e+02 6.470000000000000000e+02
5.080000000000000000e+02 6.470000000000000000e+02
5.070000000000000000e+02 6.470000000000000000e+02
5.060000000000000000e+02 6.480000000000000000e+02
5.060000000000000000e+02 6.490000000000000000e+02
5.050000000000000000e+02 6.520000000000000000e+02
5.040000000000000000e+02 6.510000000000000000e+02
5.040000000000000000e+02 6.530000000000000000e+02
5.040000000000000000e+02 6.530000000000000000e+02
5.030000000000000000e+02 6.530000000000000000e+02
5.010000000000000000e+02 6.520000000000000000e+02
