# frames 101, center=[536, 632], duration=[400, 500], video=videos browniano 1/video browniano 1_0
5.360000000000000000e+02 6.320000000000000000e+02
5.360000000000000000e+02 6.320000000000000000e+02
5.360000000000000000e+02 6.320000000000000000e+02
5.360000000000000000e+02 6.320000000000000000e+02
5.370000000000000000e+02 6.320000000000000000e+02
5.380000000000000000e+02 6.330000000000000000e+02
5.360000000000000000e+02 6.340000000000000000e+02
5.380000000000000000e+02 6.300000000000000000e+02
5.390000000000000000e+02 6.310000000000000000e+02
5.370000000000000000e+02 6.310000000000000000e+02
5.370000000000000000e+02 6.330000000000000000e+02
5.360000000000000000e+02 6.330000000000000000e+02
5.360000000000000000e+02 6.340000000000000000e+02
5.370000000000000000e+02 6.350000000000000000e+02
5.350000000000000000e+02 6.330000000000000000e+02
5.380000000000000000e+02 6.320000000000000000e+02
5.370000000000000000e+02 6.310000000000000000e+02
5.360000000000000000e+02 6.320000000000000000e+02
5.390000000000000000e+02 6.320000000000000000e+02
5.380000000000000000e+02 6.330000000000000000e+02
5.380000000000000000e+02 6.320000000000000000e+02
5.390000000000000000e+02 6.320000000000000000e+02
5.380000000000000000e+02 6.330000000000000000e+02
5.400000000000000000e+02 6.330000000000000000e+02
5.400000000000000000e+02 6.330000000000000000e+02
5.390000000000000000e+02 6.330000000000000000e+02
5.400000000000000000e+02 6.360000000000000000e+02
5.400000000000000000e+02 6.340000000000000000e+02
5.410000000000000000e+02 6.360000000000000000e+02
5.390000000000000000e+02 6.360000000000000000e+02
5.400000000000000000e+02 6.370000000000000000e+02
5.410000000000000000e+02 6.360000000000000000e+02
5.380000000000000000e+02 6.360000000000000000e+02
5.380000000000000000e+02 6.370000000000000000e+02
5.390000000000000000e+02 6.370000000000000000e+02
5.370000000000000000e+02 6.370000000000000000e+02
5.360000000000000000e+02 6.380000000000000000e+02
5.350000000000000000e+02 6.360000000000000000e+02
5.360000000000000000e+02 6.370000000000000000e+02
5.350000000000000000e+02 6.370000000000000000e+02
5.340000000000000000e+02 6.380000000000000000e+02
5.370000000000000000e+02 6.390000000000000000e+02
5.350000000000000000e+02 6.390000000000000000e+02
5.340000000000000000e+02 6.390000000000000000e+02
5.350000000000000000e+02 6.410000000000000000e+02
5.350000000000000000e+02 6.400000000000000000e+02
5.360000000000000000e+02 6.400000000000000000e+02
5.340000000000000000e+02 6.410000000000000000e+02
5.340000000000000000e+02 6.410000000000000000e+02
5.340000000000000000e+02 6.410000000000000000e+02
5.330000000000000000e+02 6.410000000000000000e+02
5.320000000000000000e+02 6.410000000000000000e+02
5.310000000000000000e+02 6.430000000000000000e+02
5.280000000000000000e+02 6.420000000000000000e+02
5.280000000000000000e+02 6.430000000000000000e+02
5.270000000000000000e+02 6.430000000000000000e+02
5.260000000000000000e+02 6.430000000000000000e+02
5.260000000000000000e+02 6.430000000000000000e+02
5.240000000000000000e+02 6.420000000000000000e+02
5.240000000000000000e+02 6.410000000000000000e+02
5.250000000000000000e+02 6.420000000000000000e+02
5.220000000000000000e+02 6.430000000000000000e+02
5.210000000000000000e+02 6.440000000000000000e+02
5.200000000000000000e+02 6.410000000000000000e+02
5.200000000000000000e+02 6.420000000000000000e+02
5.170000000000000000e+02 6.400000000000000000e+02
5.180000000000000000e+02 6.410000000000000000e+02
5.170000000000000000e+02 6.420000000000000000e+02
5.150000000000000000e+02 6.420000000000000000e+02
5.160000000000000000e+02 6.430000000000000000e+02
5.130000000000000000e+02 6.430000000000000000e+02
5.130000000000000000e+02 6.410000000000000000e+02
5.140000000000000000e+02 6.440000000000000000e+02
5.140000000000000000e+02 6.450000000000000000e+02
5.140000000000000000e+02 6.460000000000000000e+02
5.150000000000000000e+02 6.450000000000000000e+02
5.150000000000000000e+02 6.440000000000000000e+02
5.140000000000000000e+02 6.460000000000000000e+02
5.130000000000000000e+02 6.420000000000000000e+02
5.170000000000000000e+02 6.440000000000000000e+02
5.140000000000000000e+02 6.470000000000000000e+02
5.130000000000000000e+02 6.470000000000000000e+02
5.150000000000000000e+02 6.480000000000000000e+02
5.150000000000000000e+02 6.480000000000000000e+02
5.140000000000000000e+02 6.450000000000000000e+02
5.170000000000000000e+02 6.450000000000000000e+02
5.180000000000000000e+02 6.440000000000000000e+02
5.200000000000000000e+02 6.450000000000000000e+02
5.200000000000000000e+02 6.430000000000000000e+02
5.210000000000000000e+02 6.430000000000000000e+02
5.210000000000000000e+02 6.410000000000000000e+02
5.230000000000000000e+02 6.380000000000000000e+02
5.250000000000000000e+02 6.390000000000000000e+02
5.250000000000000000e+02 6.390000000000000000e+02
5.240000000000000000e+02 6.380000000000000000e+02
5.230000000000000000e+02 6.400000000000000000e+02
5.240000000000000000e+02 6.410000000000000000e+02
5.230000000000000000e+02 6.410000000000000000e+02
5.230000000000000000e+02 6.400000000000000000e+02
5.260000000000000000e+02 6.420000000000000000e+02
5.240000000000000000e+02 6.420000000000000000e+02
