# frames 101, center=[620, 537], duration=[0, 100], video=videos browniano 1/video browniano 1_0
6.200000000000000000e+02 5.370000000000000000e+02
6.200000000000000000e+02 5.370000000000000000e+02
6.200000000000000000e+02 5.370000000000000000e+02
6.190000000000000000e+02 5.380000000000000000e+02
6.190000000000000000e+02 5.390000000000000000e+02
6.210000000000000000e+02 5.400000000000000000e+02
6.210000000000000000e+02 5.410000000000000000e+02
6.210000000000000000e+02 5.410000000000000000e+02
6.230000000000000000e+02 5.420000000000000000e+02
6.230000000000000000e+02 5.410000000000000000e+02
6.220000000000000000e+02 5.410000000000000000e+02
6.210000000000000000e+02 5.400000000000000000e+02
6.190000000000000000e+02 5.380000000000000000e+02
6.210000000000000000e+02 5.370000000000000000e+02
6.210000000000000000e+02 5.370000000000000000e+02
6.190000000000000000e+02 5.360000000000000000e+02
6.180000000000000000e+02 5.380000000000000000e+02
6.180000000000000000e+02 5.370000000000000000e+02
6.180000000000000000e+02 5.360000000000000000e+02
6.190000000000000000e+02 5.370000000000000000e+02
6.180000000000000000e+02 5.360000000000000000e+02
6.200000000000000000e+02 5.360000000000000000e+02
6.170000000000000000e+02 5.360000000000000000e+02
6.160000000000000000e+02 5.370000000000000000e+02
6.170000000000000000e+02 5.390000000000000000e+02
6.160000000000000000e+02 5.390000000000000000e+02
6.140000000000000000e+02 5.390000000000000000e+02
6.160000000000000000e+02 5.370000000000000000e+02
6.150000000000000000e+02 5.390000000000000000e+02
6.150000000000000000e+02 5.400000000000000000e+02
6.150000000000000000e+02 5.400000000000000000e+02
6.150000000000000000e+02 5.400000000000000000e+02
6.150000000000000000e+02 5.400000000000000000e+02
6.140000000000000000e+02 5.430000000000000000e+02
6.140000000000000000e+02 5.440000000000000000e+02
6.130000000000000000e+02 5.430000000000000000e+02
6.110000000000000000e+02 5.430000000000000000e+02
6.110000000000000000e+02 5.430000000000000000e+02
6.100000000000000000e+02 5.410000000000000000e+02
6.100000000000000000e+02 5.380000000000000000e+02
6.080000000000000000e+02 5.390000000000000000e+02
6.080000000000000000e+02 5.380000000000000000e+02
6.090000000000000000e+02 5.370000000000000000e+02
6.050000000000000000e+02 5.380000000000000000e+02
6.050000000000000000e+02 5.380000000000000000e+02
6.040000000000000000e+02 5.390000000000000000e+02
6.050000000000000000e+02 5.400000000000000000e+02
6.080000000000000000e+02 5.410000000000000000e+02
6.060000000000000000e+02 5.410000000000000000e+02
6.070000000000000000e+02 5.380000000000000000e+02
6.080000000000000000e+02 5.370000000000000000e+02
6.090000000000000000e+02 5.360000000000000000e+02
6.070000000000000000e+02 5.370000000000000000e+02
6.070000000000000000e+02 5.370000000000000000e+02
6.060000000000000000e+02 5.370000000000000000e+02
6.040000000000000000e+02 5.370000000000000000e+02
6.030000000000000000e+02 5.380000000000000000e+02
6.020000000000000000e+02 5.390000000000000000e+02
6.010000000000000000e+02 5.380000000000000000e+02
5.990000000000000000e+02 5.380000000000000000e+02
5.990000000000000000e+02 5.390000000000000000e+02
5.990000000000000000e+02 5.400000000000000000e+02
5.950000000000000000e+02 5.380000000000000000e+02
5.930000000000000000e+02 5.360000000000000000e+02
5.930000000000000000e+02 5.370000000000000000e+02
5.930000000000000000e+02 5.390000000000000000e+02
5.920000000000000000e+02 5.410000000000000000e+02
5.920000000000000000e+02 5.430000000000000000e+02
5.900000000000000000e+02 5.430000000000000000e+02
5.910000000000000000e+02 5.420000000000000000e+02
5.910000000000000000e+02 5.410000000000000000e+02
5.890000000000000000e+02 5.420000000000000000e+02
5.870000000000000000e+02 5.430000000000000000e+02
5.860000000000000000e+02 5.420000000000000000e+02
5.880000000000000000e+02 5.420000000000000000e+02
5.870000000000000000e+02 5.420000000000000000e+02
5.870000000000000000e+02 5.410000000000000000e+02
5.850000000000000000e+02 5.400000000000000000e+02
5.830000000000000000e+02 5.370000000000000000e+02
5.860000000000000000e+02 5.370000000000000000e+02
5.860000000000000000e+02 5.350000000000000000e+02
5.850000000000000000e+02 5.360000000000000000e+02
5.830000000000000000e+02 5.380000000000000000e+02
5.820000000000000000e+02 5.400000000000000000e+02
5.840000000000000000e+02 5.390000000000000000e+02
5.830000000000000000e+02 5.420000000000000000e+02
5.830000000000000000e+02 5.440000000000000000e+02
5.830000000000000000e+02 5.460000000000000000e+02
5.840000000000000000e+02 5.440000000000000000e+02
5.810000000000000000e+02 5.430000000000000000e+02
5.820000000000000000e+02 5.470000000000000000e+02
5.820000000000000000e+02 5.450000000000000000e+02
5.830000000000000000e+02 5.460000000000000000e+02
5.830000000000000000e+02 5.450000000000000000e+02
5.820000000000000000e+02 5.460000000000000000e+02
5.830000000000000000e+02 5.460000000000000000e+02
5.850000000000000000e+02 5.490000000000000000e+02
5.850000000000000000e+02 5.480000000000000000e+02
5.860000000000000000e+02 5.470000000000000000e+02
5.860000000000000000e+02 5.480000000000000000e+02
5.840000000000000000e+02 5.480000000000000000e+02
