# frames 101, center=[557, 606], duration=[300, 400], video=videos browniano 1/video browniano 1_0
5.570000000000000000e+02 6.060000000000000000e+02
5.570000000000000000e+02 6.060000000000000000e+02
5.570000000000000000e+02 6.060000000000000000e+02
5.570000000000000000e+02 6.060000000000000000e+02
5.590000000000000000e+02 6.080000000000000000e+02
5.580000000000000000e+02 6.060000000000000000e+02
5.560000000000000000e+02 6.060000000000000000e+02
5.530000000000000000e+02 6.060000000000000000e+02
5.520000000000000000e+02 6.050000000000000000e+02
5.530000000000000000e+02 6.070000000000000000e+02
5.520000000000000000e+02 6.060000000000000000e+02
5.520000000000000000e+02 6.070000000000000000e+02
5.500000000000000000e+02 6.060000000000000000e+02
5.520000000000000000e+02 6.050000000000000000e+02
5.540000000000000000e+02 6.060000000000000000e+02
5.550000000000000000e+02 6.050000000000000000e+02
5.570000000000000000e+02 6.060000000000000000e+02
5.540000000000000000e+02 6.050000000000000000e+02
5.580000000000000000e+02 6.030000000000000000e+02
5.560000000000000000e+02 6.040000000000000000e+02
5.560000000000000000e+02 6.020000000000000000e+02
5.540000000000000000e+02 6.040000000000000000e+02
5.570000000000000000e+02 6.000000000000000000e+02
5.560000000000000000e+02 6.010000000000000000e+02
5.560000000000000000e+02 6.040000000000000000e+02
5.560000000000000000e+02 6.040000000000000000e+02
5.550000000000000000e+02 6.050000000000000000e+02
5.550000000000000000e+02 6.050000000000000000e+02
5.550000000000000000e+02 6.050000000000000000e+02
5.550000000000000000e+02 6.060000000000000000e+02
5.530000000000000000e+02 6.060000000000000000e+02
5.520000000000000000e+02 6.080000000000000000e+02
5.550000000000000000e+02 6.100000000000000000e+02
5.540000000000000000e+02 6.080000000000000000e+02
5.520000000000000000e+02 6.070000000000000000e+02
5.540000000000000000e+02 6.100000000000000000e+02
5.520000000000000000e+02 6.110000000000000000e+02
5.540000000000000000e+02 6.100000000000000000e+02
5.540000000000000000e+02 6.100000000000000000e+02
5.550000000000000000e+02 6.090000000000000000e+02
5.540000000000000000e+02 6.130000000000000000e+02
5.540000000000000000e+02 6.120000000000000000e+02
5.540000000000000000e+02 6.150000000000000000e+02
5.510000000000000000e+02 6.150000000000000000e+02
5.500000000000000000e+02 6.160000000000000000e+02
5.460000000000000000e+02 6.170000000000000000e+02
5.480000000000000000e+02 6.170000000000000000e+02
5.470000000000000000e+02 6.180000000000000000e+02
5.450000000000000000e+02 6.180000000000000000e+02
5.450000000000000000e+02 6.150000000000000000e+02
5.440000000000000000e+02 6.140000000000000000e+02
5.420000000000000000e+02 6.100000000000000000e+02
5.410000000000000000e+02 6.120000000000000000e+02
5.410000000000000000e+02 6.150000000000000000e+02
5.400000000000000000e+02 6.150000000000000000e+02
5.430000000000000000e+02 6.150000000000000000e+02
5.410000000000000000e+02 6.150000000000000000e+02
5.430000000000000000e+02 6.170000000000000000e+02
5.470000000000000000e+02 6.180000000000000000e+02
5.470000000000000000e+02 6.160000000000000000e+02
5.470000000000000000e+02 6.160000000000000000e+02
5.470000000000000000e+02 6.170000000000000000e+02
5.470000000000000000e+02 6.180000000000000000e+02
5.460000000000000000e+02 6.180000000000000000e+02
5.450000000000000000e+02 6.190000000000000000e+02
5.420000000000000000e+02 6.150000000000000000e+02
5.430000000000000000e+02 6.190000000000000000e+02
5.390000000000000000e+02 6.120000000000000000e+02
5.440000000000000000e+02 6.190000000000000000e+02
5.430000000000000000e+02 6.200000000000000000e+02
5.440000000000000000e+02 6.180000000000000000e+02
5.400000000000000000e+02 6.120000000000000000e+02
5.410000000000000000e+02 6.150000000000000000e+02
5.460000000000000000e+02 6.200000000000000000e+02
5.460000000000000000e+02 6.210000000000000000e+02
5.470000000000000000e+02 6.210000000000000000e+02
5.490000000000000000e+02 6.220000000000000000e+02
5.480000000000000000e+02 6.220000000000000000e+02
5.500000000000000000e+02 6.230000000000000000e+02
5.490000000000000000e+02 6.230000000000000000e+02
5.490000000000000000e+02 6.220000000000000000e+02
5.480000000000000000e+02 6.230000000000000000e+02
5.460000000000000000e+02 6.230000000000000000e+02
5.470000000000000000e+02 6.240000000000000000e+02
5.470000000000000000e+02 6.230000000000000000e+02
5.450000000000000000e+02 6.220000000000000000e+02
5.450000000000000000e+02 6.230000000000000000e+02
5.460000000000000000e+02 6.230000000000000000e+02
5.460000000000000000e+02 6.250000000000000000e+02
5.470000000000000000e+02 6.250000000000000000e+02
5.470000000000000000e+02 6.230000000000000000e+02
5.470000000000000000e+02 6.240000000000000000e+02
5.480000000000000000e+02 6.240000000000000000e+02
5.490000000000000000e+02 6.220000000000000000e+02
5.470000000000000000e+02 6.240000000000000000e+02
5.460000000000000000e+02 6.270000000000000000e+02
5.420000000000000000e+02 6.300000000000000000e+02
5.420000000000000000e+02 6.300000000000000000e+02
5.410000000000000000e+02 6.300000000000000000e+02
5.410000000000000000e+02 6.330000000000000000e+02
5.420000000000000000e+02 6.340000000000000000e+02
