# frames 101, center=[573, 389], duration=[400, 500], video=videos browniano 1/video browniano 1_0
5.730000000000000000e+02 3.890000000000000000e+02
5.730000000000000000e+02 3.890000000000000000e+02
5.730000000000000000e+02 3.890000000000000000e+02
5.730000000000000000e+02 3.870000000000000000e+02
5.730000000000000000e+02 3.880000000000000000e+02
5.740000000000000000e+02 3.900000000000000000e+02
5.740000000000000000e+02 3.920000000000000000e+02
5.750000000000000000e+02 3.920000000000000000e+02
5.750000000000000000e+02 3.920000000000000000e+02
5.750000000000000000e+02 3.890000000000000000e+02
5.750000000000000000e+02 3.890000000000000000e+02
5.760000000000000000e+02 3.900000000000000000e+02
5.760000000000000000e+02 3.920000000000000000e+02
5.750000000000000000e+02 3.930000000000000000e+02
5.760000000000000000e+02 3.960000000000000000e+02
5.750000000000000000e+02 3.960000000000000000e+02
5.780000000000000000e+02 3.960000000000000000e+02
5.780000000000000000e+02 3.950000000000000000e+02
5.770000000000000000e+02 3.950000000000000000e+02
5.770000000000000000e+02 3.950000000000000000e+02
5.750000000000000000e+02 3.950000000000000000e+02
5.760000000000000000e+02 3.930000000000000000e+02
5.800000000000000000e+02 3.920000000000000000e+02
5.780000000000000000e+02 3.920000000000000000e+02
5.780000000000000000e+02 3.900000000000000000e+02
5.780000000000000000e+02 3.910000000000000000e+02
5.780000000000000000e+02 3.920000000000000000e+02
5.800000000000000000e+02 3.920000000000000000e+02
5.810000000000000000e+02 3.930000000000000000e+02
5.810000000000000000e+02 3.930000000000000000e+02
5.810000000000000000e+02 3.930000000000000000e+02
5.790000000000000000e+02 3.940000000000000000e+02
5.770000000000000000e+02 3.970000000000000000e+02
5.780000000000000000e+02 3.960000000000000000e+02
5.760000000000000000e+02 3.960000000000000000e+02
5.790000000000000000e+02 3.960000000000000000e+02
5.780000000000000000e+02 3.950000000000000000e+02
5.770000000000000000e+02 3.940000000000000000e+02
5.760000000000000000e+02 3.950000000000000000e+02
5.760000000000000000e+02 3.940000000000000000e+02
5.780000000000000000e+02 3.950000000000000000e+02
5.760000000000000000e+02 3.940000000000000000e+02
5.770000000000000000e+02 3.950000000000000000e+02
5.760000000000000000e+02 3.940000000000000000e+02
5.770000000000000000e+02 3.930000000000000000e+02
5.770000000000000000e+02 3.950000000000000000e+02
5.760000000000000000e+02 3.960000000000000000e+02
5.760000000000000000e+02 3.960000000000000000e+02
5.780000000000000000e+02 3.980000000000000000e+02
5.770000000000000000e+02 3.990000000000000000e+02
5.750000000000000000e+02 3.970000000000000000e+02
5.730000000000000000e+02 3.990000000000000000e+02
5.710000000000000000e+02 3.990000000000000000e+02
5.720000000000000000e+02 3.990000000000000000e+02
5.740000000000000000e+02 4.000000000000000000e+02
5.740000000000000000e+02 4.020000000000000000e+02
5.740000000000000000e+02 4.000000000000000000e+02
5.740000000000000000e+02 4.000000000000000000e+02
5.740000000000000000e+02 4.020000000000000000e+02
5.730000000000000000e+02 4.010000000000000000e+02
5.740000000000000000e+02 4.000000000000000000e+02
5.720000000000000000e+02 3.980000000000000000e+02
5.720000000000000000e+02 3.990000000000000000e+02
5.720000000000000000e+02 3.980000000000000000e+02
5.720000000000000000e+02 4.000000000000000000e+02
5.730000000000000000e+02 3.990000000000000000e+02
5.720000000000000000e+02 3.990000000000000000e+02
5.730000000000000000e+02 3.970000000000000000e+02
5.740000000000000000e+02 3.980000000000000000e+02
5.730000000000000000e+02 3.990000000000000000e+02
5.740000000000000000e+02 3.980000000000000000e+02
5.740000000000000000e+02 4.000000000000000000e+02
5.740000000000000000e+02 4.010000000000000000e+02
5.720000000000000000e+02 4.020000000000000000e+02
5.720000000000000000e+02 4.010000000000000000e+02
5.700000000000000000e+02 4.000000000000000000e+02
5.700000000000000000e+02 4.020000000000000000e+02
5.690000000000000000e+02 4.010000000000000000e+02
5.680000000000000000e+02 4.000000000000000000e+02
5.680000000000000000e+02 4.010000000000000000e+02
5.680000000000000000e+02 4.020000000000000000e+02
5.720000000000000000e+02 4.030000000000000000e+02
5.730000000000000000e+02 4.000000000000000000e+02
5.740000000000000000e+02 4.020000000000000000e+02
5.720000000000000000e+02 4.010000000000000000e+02
5.720000000000000000e+02 3.990000000000000000e+02
5.730000000000000000e+02 4.020000000000000000e+02
5.740000000000000000e+02 4.010000000000000000e+02
5.730000000000000000e+02 4.000000000000000000e+02
5.760000000000000000e+02 4.020000000000000000e+02
5.760000000000000000e+02 4.020000000000000000e+02
5.780000000000000000e+02 4.010000000000000000e+02
5.750000000000000000e+02 4.010000000000000000e+02
5.760000000000000000e+02 4.010000000000000000e+02
5.750000000000000000e+02 4.030000000000000000e+02
5.740000000000000000e+02 4.040000000000000000e+02
5.750000000000000000e+02 4.050000000000000000e+02
5.750000000000000000e+02 4.040000000000000000e+02
5.730000000000000000e+02 4.030000000000000000e+02
5.730000000000000000e+02 4.030000000000000000e+02
5.730000000000000000e+02 4.030000000000000000e+02
