# frames 101, center=[561, 408], duration=[500, 600], video=videos browniano 1/video browniano 1_0
5.610000000000000000e+02 4.080000000000000000e+02
5.610000000000000000e+02 4.080000000000000000e+02
5.610000000000000000e+02 4.080000000000000000e+02
5.610000000000000000e+02 4.080000000000000000e+02
5.590000000000000000e+02 4.080000000000000000e+02
5.580000000000000000e+02 4.090000000000000000e+02
5.580000000000000000e+02 4.110000000000000000e+02
5.560000000000000000e+02 4.110000000000000000e+02
5.540000000000000000e+02 4.130000000000000000e+02
5.530000000000000000e+02 4.140000000000000000e+02
5.510000000000000000e+02 4.140000000000000000e+02
5.550000000000000000e+02 4.140000000000000000e+02
5.550000000000000000e+02 4.120000000000000000e+02
5.550000000000000000e+02 4.140000000000000000e+02
5.560000000000000000e+02 4.130000000000000000e+02
5.560000000000000000e+02 4.140000000000000000e+02
5.560000000000000000e+02 4.160000000000000000e+02
5.560000000000000000e+02 4.160000000000000000e+02
5.560000000000000000e+02 4.160000000000000000e+02
5.560000000000000000e+02 4.150000000000000000e+02
5.530000000000000000e+02 4.160000000000000000e+02
5.530000000000000000e+02 4.160000000000000000e+02
5.510000000000000000e+02 4.170000000000000000e+02
5.490000000000000000e+02 4.160000000000000000e+02
5.490000000000000000e+02 4.170000000000000000e+02
5.460000000000000000e+02 4.170000000000000000e+02
5.470000000000000000e+02 4.180000000000000000e+02
5.480000000000000000e+02 4.190000000000000000e+02
5.490000000000000000e+02 4.190000000000000000e+02
5.500000000000000000e+02 4.190000000000000000e+02
5.510000000000000000e+02 4.190000000000000000e+02
5.530000000000000000e+02 4.200000000000000000e+02
5.570000000000000000e+02 4.200000000000000000e+02
5.570000000000000000e+02 4.200000000000000000e+02
5.570000000000000000e+02 4.200000000000000000e+02
5.570000000000000000e+02 4.180000000000000000e+02
5.570000000000000000e+02 4.160000000000000000e+02
5.570000000000000000e+02 4.150000000000000000e+02
5.560000000000000000e+02 4.170000000000000000e+02
5.570000000000000000e+02 4.170000000000000000e+02
5.580000000000000000e+02 4.180000000000000000e+02
5.580000000000000000e+02 4.170000000000000000e+02
5.580000000000000000e+02 4.160000000000000000e+02
5.580000000000000000e+02 4.190000000000000000e+02
5.560000000000000000e+02 4.190000000000000000e+02
5.600000000000000000e+02 4.190000000000000000e+02
5.590000000000000000e+02 4.180000000000000000e+02
5.600000000000000000e+02 4.200000000000000000e+02
5.590000000000000000e+02 4.180000000000000000e+02
5.580000000000000000e+02 4.170000000000000000e+02
5.590000000000000000e+02 4.200000000000000000e+02
5.570000000000000000e+02 4.200000000000000000e+02
5.570000000000000000e+02 4.200000000000000000e+02
5.560000000000000000e+02 4.200000000000000000e+02
5.560000000000000000e+02 4.190000000000000000e+02
5.550000000000000000e+02 4.180000000000000000e+02
5.550000000000000000e+02 4.190000000000000000e+02
5.530000000000000000e+02 4.200000000000000000e+02
5.520000000000000000e+02 4.210000000000000000e+02
5.500000000000000000e+02 4.210000000000000000e+02
5.510000000000000000e+02 4.200000000000000000e+02
5.510000000000000000e+02 4.180000000000000000e+02
5.490000000000000000e+02 4.180000000000000000e+02
5.500000000000000000e+02 4.190000000000000000e+02
5.480000000000000000e+02 4.190000000000000000e+02
5.470000000000000000e+02 4.210000000000000000e+02
5.470000000000000000e+02 4.200000000000000000e+02
5.470000000000000000e+02 4.210000000000000000e+02
5.460000000000000000e+02 4.240000000000000000e+02
5.470000000000000000e+02 4.240000000000000000e+02
5.460000000000000000e+02 4.240000000000000000e+02
5.450000000000000000e+02 4.220000000000000000e+02
5.420000000000000000e+02 4.210000000000000000e+02
5.410000000000000000e+02 4.220000000000000000e+02
5.400000000000000000e+02 4.220000000000000000e+02
5.400000000000000000e+02 4.230000000000000000e+02
5.390000000000000000e+02 4.240000000000000000e+02
5.390000000000000000e+02 4.250000000000000000e+02
5.390000000000000000e+02 4.250000000000000000e+02
5.360000000000000000e+02 4.250000000000000000e+02
5.380000000000000000e+02 4.250000000000000000e+02
5.380000000000000000e+02 4.250000000000000000e+02
5.410000000000000000e+02 4.250000000000000000e+02
5.420000000000000000e+02 4.260000000000000000e+02
5.430000000000000000e+02 4.270000000000000000e+02
5.430000000000000000e+02 4.280000000000000000e+02
5.390000000000000000e+02 4.260000000000000000e+02
5.390000000000000000e+02 4.240000000000000000e+02
5.390000000000000000e+02 4.250000000000000000e+02
5.380000000000000000e+02 4.250000000000000000e+02
5.390000000000000000e+02 4.260000000000000000e+02
5.400000000000000000e+02 4.260000000000000000e+02
5.360000000000000000e+02 4.270000000000000000e+02
5.380000000000000000e+02 4.280000000000000000e+02
5.360000000000000000e+02 4.270000000000000000e+02
5.360000000000000000e+02 4.260000000000000000e+02
5.380000000000000000e+02 4.250000000000000000e+02
5.370000000000000000e+02 4.240000000000000000e+02
5.390000000000000000e+02 4.240000000000000000e+02
5.380000000000000000e+02 4.240000000000000000e+02
5.370000000000000000e+02 4.260000000000000000e+02
