# frames 101, center=[593, 373], duration=[300, 400], video=videos browniano 1/video browniano 1_0
5.930000000000000000e+02 3.730000000000000000e+02
5.930000000000000000e+02 3.730000000000000000e+02
5.930000000000000000e+02 3.730000000000000000e+02
5.940000000000000000e+02 3.730000000000000000e+02
5.920000000000000000e+02 3.750000000000000000e+02
5.910000000000000000e+02 3.750000000000000000e+02
5.900000000000000000e+02 3.760000000000000000e+02
5.910000000000000000e+02 3.760000000000000000e+02
5.920000000000000000e+02 3.780000000000000000e+02
5.920000000000000000e+02 3.760000000000000000e+02
5.920000000000000000e+02 3.770000000000000000e+02
5.900000000000000000e+02 3.770000000000000000e+02
5.890000000000000000e+02 3.770000000000000000e+02
5.910000000000000000e+02 3.790000000000000000e+02
5.900000000000000000e+02 3.790000000000000000e+02
5.890000000000000000e+02 3.770000000000000000e+02
5.890000000000000000e+02 3.780000000000000000e+02
5.900000000000000000e+02 3.770000000000000000e+02
5.870000000000000000e+02 3.750000000000000000e+02
5.890000000000000000e+02 3.750000000000000000e+02
5.850000000000000000e+02 3.770000000000000000e+02
5.900000000000000000e+02 3.770000000000000000e+02
5.880000000000000000e+02 3.760000000000000000e+02
5.860000000000000000e+02 3.780000000000000000e+02
5.840000000000000000e+02 3.790000000000000000e+02
5.840000000000000000e+02 3.770000000000000000e+02
5.840000000000000000e+02 3.780000000000000000e+02
5.820000000000000000e+02 3.820000000000000000e+02
5.820000000000000000e+02 3.820000000000000000e+02
5.790000000000000000e+02 3.810000000000000000e+02
5.790000000000000000e+02 3.820000000000000000e+02
5.800000000000000000e+02 3.840000000000000000e+02
5.800000000000000000e+02 3.840000000000000000e+02
5.790000000000000000e+02 3.830000000000000000e+02
5.810000000000000000e+02 3.820000000000000000e+02
5.790000000000000000e+02 3.800000000000000000e+02
5.790000000000000000e+02 3.800000000000000000e+02
5.800000000000000000e+02 3.820000000000000000e+02
5.790000000000000000e+02 3.810000000000000000e+02
5.740000000000000000e+02 3.800000000000000000e+02
5.730000000000000000e+02 3.820000000000000000e+02
5.720000000000000000e+02 3.810000000000000000e+02
5.720000000000000000e+02 3.820000000000000000e+02
5.710000000000000000e+02 3.810000000000000000e+02
5.700000000000000000e+02 3.830000000000000000e+02
5.690000000000000000e+02 3.830000000000000000e+02
5.680000000000000000e+02 3.830000000000000000e+02
5.700000000000000000e+02 3.830000000000000000e+02
5.710000000000000000e+02 3.830000000000000000e+02
5.710000000000000000e+02 3.810000000000000000e+02
5.710000000000000000e+02 3.800000000000000000e+02
5.740000000000000000e+02 3.820000000000000000e+02
5.740000000000000000e+02 3.820000000000000000e+02
5.730000000000000000e+02 3.820000000000000000e+02
5.730000000000000000e+02 3.830000000000000000e+02
5.730000000000000000e+02 3.820000000000000000e+02
5.730000000000000000e+02 3.800000000000000000e+02
5.750000000000000000e+02 3.810000000000000000e+02
5.760000000000000000e+02 3.800000000000000000e+02
5.710000000000000000e+02 3.810000000000000000e+02
5.690000000000000000e+02 3.810000000000000000e+02
5.700000000000000000e+02 3.800000000000000000e+02
5.700000000000000000e+02 3.820000000000000000e+02
5.700000000000000000e+02 3.840000000000000000e+02
5.710000000000000000e+02 3.830000000000000000e+02
5.700000000000000000e+02 3.830000000000000000e+02
5.700000000000000000e+02 3.850000000000000000e+02
5.700000000000000000e+02 3.830000000000000000e+02
5.690000000000000000e+02 3.810000000000000000e+02
5.680000000000000000e+02 3.820000000000000000e+02
5.670000000000000000e+02 3.830000000000000000e+02
5.670000000000000000e+02 3.820000000000000000e+02
5.680000000000000000e+02 3.840000000000000000e+02
5.680000000000000000e+02 3.850000000000000000e+02
5.690000000000000000e+02 3.850000000000000000e+02
5.690000000000000000e+02 3.850000000000000000e+02
5.720000000000000000e+02 3.850000000000000000e+02
5.710000000000000000e+02 3.840000000000000000e+02
5.720000000000000000e+02 3.840000000000000000e+02
5.730000000000000000e+02 3.830000000000000000e+02
5.730000000000000000e+02 3.850000000000000000e+02
5.710000000000000000e+02 3.870000000000000000e+02
5.740000000000000000e+02 3.860000000000000000e+02
5.730000000000000000e+02 3.870000000000000000e+02
5.720000000000000000e+02 3.860000000000000000e+02
5.700000000000000000e+02 3.850000000000000000e+02
5.690000000000000000e+02 3.870000000000000000e+02
5.720000000000000000e+02 3.900000000000000000e+02
5.690000000000000000e+02 3.910000000000000000e+02
5.690000000000000000e+02 3.900000000000000000e+02
5.690000000000000000e+02 3.910000000000000000e+02
5.700000000000000000e+02 3.900000000000000000e+02
5.700000000000000000e+02 3.920000000000000000e+02
5.690000000000000000e+02 3.930000000000000000e+02
5.710000000000000000e+02 3.930000000000000000e+02
5.730000000000000000e+02 3.950000000000000000e+02
5.720000000000000000e+02 3.920000000000000000e+02
5.710000000000000000e+02 3.930000000000000000e+02
5.720000000000000000e+02 3.930000000000000000e+02
5.720000000000000000e+02 3.920000000000000000e+02
5.710000000000000000e+02 3.910000000000000000e+02
