# frames 101, center=[615, 349], duration=[200, 300], video=videos browniano 1/video browniano 1_0
6.150000000000000000e+02 3.490000000000000000e+02
6.150000000000000000e+02 3.490000000000000000e+02
6.150000000000000000e+02 3.490000000000000000e+02
6.140000000000000000e+02 3.480000000000000000e+02
6.150000000000000000e+02 3.470000000000000000e+02
6.140000000000000000e+02 3.510000000000000000e+02
6.140000000000000000e+02 3.480000000000000000e+02
6.140000000000000000e+02 3.500000000000000000e+02
6.110000000000000000e+02 3.510000000000000000e+02
6.110000000000000000e+02 3.510000000000000000e+02
6.080000000000000000e+02 3.500000000000000000e+02
6.070000000000000000e+02 3.510000000000000000e+02
6.090000000000000000e+02 3.510000000000000000e+02
6.100000000000000000e+02 3.500000000000000000e+02
6.110000000000000000e+02 3.500000000000000000e+02
6.100000000000000000e+02 3.480000000000000000e+02
6.110000000000000000e+02 3.480000000000000000e+02
6.120000000000000000e+02 3.500000000000000000e+02
6.110000000000000000e+02 3.520000000000000000e+02
6.110000000000000000e+02 3.510000000000000000e+02
6.120000000000000000e+02 3.540000000000000000e+02
6.130000000000000000e+02 3.490000000000000000e+02
6.130000000000000000e+02 3.490000000000000000e+02
6.100000000000000000e+02 3.510000000000000000e+02
6.100000000000000000e+02 3.500000000000000000e+02
6.110000000000000000e+02 3.500000000000000000e+02
6.090000000000000000e+02 3.480000000000000000e+02
6.080000000000000000e+02 3.480000000000000000e+02
6.090000000000000000e+02 3.470000000000000000e+02
6.090000000000000000e+02 3.470000000000000000e+02
6.080000000000000000e+02 3.480000000000000000e+02
6.110000000000000000e+02 3.480000000000000000e+02
6.110000000000000000e+02 3.510000000000000000e+02
6.120000000000000000e+02 3.520000000000000000e+02
6.100000000000000000e+02 3.510000000000000000e+02
6.100000000000000000e+02 3.530000000000000000e+02
6.090000000000000000e+02 3.510000000000000000e+02
6.090000000000000000e+02 3.520000000000000000e+02
6.110000000000000000e+02 3.530000000000000000e+02
6.090000000000000000e+02 3.510000000000000000e+02
6.090000000000000000e+02 3.530000000000000000e+02
6.060000000000000000e+02 3.520000000000000000e+02
6.060000000000000000e+02 3.530000000000000000e+02
6.060000000000000000e+02 3.520000000000000000e+02
6.030000000000000000e+02 3.510000000000000000e+02
6.010000000000000000e+02 3.490000000000000000e+02
6.000000000000000000e+02 3.480000000000000000e+02
6.000000000000000000e+02 3.500000000000000000e+02
6.000000000000000000e+02 3.500000000000000000e+02
5.980000000000000000e+02 3.480000000000000000e+02
5.950000000000000000e+02 3.490000000000000000e+02
5.950000000000000000e+02 3.480000000000000000e+02
5.940000000000000000e+02 3.480000000000000000e+02
5.950000000000000000e+02 3.490000000000000000e+02
5.940000000000000000e+02 3.480000000000000000e+02
5.940000000000000000e+02 3.490000000000000000e+02
5.940000000000000000e+02 3.490000000000000000e+02
5.950000000000000000e+02 3.510000000000000000e+02
5.930000000000000000e+02 3.530000000000000000e+02
5.930000000000000000e+02 3.510000000000000000e+02
5.910000000000000000e+02 3.520000000000000000e+02
5.890000000000000000e+02 3.510000000000000000e+02
5.900000000000000000e+02 3.530000000000000000e+02
5.910000000000000000e+02 3.530000000000000000e+02
5.890000000000000000e+02 3.530000000000000000e+02
5.900000000000000000e+02 3.530000000000000000e+02
5.920000000000000000e+02 3.520000000000000000e+02
5.910000000000000000e+02 3.550000000000000000e+02
5.930000000000000000e+02 3.550000000000000000e+02
5.940000000000000000e+02 3.580000000000000000e+02
5.950000000000000000e+02 3.590000000000000000e+02
5.910000000000000000e+02 3.590000000000000000e+02
5.920000000000000000e+02 3.610000000000000000e+02
5.900000000000000000e+02 3.610000000000000000e+02
5.930000000000000000e+02 3.610000000000000000e+02
5.930000000000000000e+02 3.630000000000000000e+02
5.900000000000000000e+02 3.620000000000000000e+02
5.910000000000000000e+02 3.630000000000000000e+02
5.880000000000000000e+02 3.620000000000000000e+02
5.880000000000000000e+02 3.630000000000000000e+02
5.890000000000000000e+02 3.630000000000000000e+02
5.900000000000000000e+02 3.620000000000000000e+02
5.910000000000000000e+02 3.610000000000000000e+02
5.900000000000000000e+02 3.600000000000000000e+02
5.900000000000000000e+02 3.610000000000000000e+02
5.910000000000000000e+02 3.590000000000000000e+02
5.900000000000000000e+02 3.600000000000000000e+02
5.910000000000000000e+02 3.590000000000000000e+02
5.930000000000000000e+02 3.610000000000000000e+02
5.930000000000000000e+02 3.590000000000000000e+02
5.940000000000000000e+02 3.620000000000000000e+02
5.940000000000000000e+02 3.620000000000000000e+02
5.950000000000000000e+02 3.630000000000000000e+02
5.930000000000000000e+02 3.650000000000000000e+02
5.940000000000000000e+02 3.640000000000000000e+02
5.940000000000000000e+02 3.670000000000000000e+02
5.950000000000000000e+02 3.670000000000000000e+02
5.940000000000000000e+02 3.660000000000000000e+02
5.930000000000000000e+02 3.680000000000000000e+02
5.920000000000000000e+02 3.700000000000000000e+02
5.950000000000000000e+02 3.690000000000000000e+02
