# frames 101, center=[627, 346], duration=[400, 500], video=videos browniano 1/video browniano 1_0
6.270000000000000000e+02 3.460000000000000000e+02
6.270000000000000000e+02 3.460000000000000000e+02
6.270000000000000000e+02 3.460000000000000000e+02
6.260000000000000000e+02 3.460000000000000000e+02
6.250000000000000000e+02 3.470000000000000000e+02
6.240000000000000000e+02 3.460000000000000000e+02
6.260000000000000000e+02 3.460000000000000000e+02
6.270000000000000000e+02 3.490000000000000000e+02
6.240000000000000000e+02 3.480000000000000000e+02
6.270000000000000000e+02 3.470000000000000000e+02
6.260000000000000000e+02 3.450000000000000000e+02
6.240000000000000000e+02 3.460000000000000000e+02
6.240000000000000000e+02 3.460000000000000000e+02
6.210000000000000000e+02 3.460000000000000000e+02
6.230000000000000000e+02 3.490000000000000000e+02
6.210000000000000000e+02 3.470000000000000000e+02
6.200000000000000000e+02 3.450000000000000000e+02
6.190000000000000000e+02 3.470000000000000000e+02
6.190000000000000000e+02 3.470000000000000000e+02
6.200000000000000000e+02 3.450000000000000000e+02
6.180000000000000000e+02 3.450000000000000000e+02
6.170000000000000000e+02 3.460000000000000000e+02
6.190000000000000000e+02 3.470000000000000000e+02
6.170000000000000000e+02 3.450000000000000000e+02
6.160000000000000000e+02 3.440000000000000000e+02
6.150000000000000000e+02 3.450000000000000000e+02
6.140000000000000000e+02 3.440000000000000000e+02
6.150000000000000000e+02 3.440000000000000000e+02
6.140000000000000000e+02 3.440000000000000000e+02
6.150000000000000000e+02 3.440000000000000000e+02
6.160000000000000000e+02 3.450000000000000000e+02
6.140000000000000000e+02 3.460000000000000000e+02
6.160000000000000000e+02 3.470000000000000000e+02
6.160000000000000000e+02 3.480000000000000000e+02
6.170000000000000000e+02 3.480000000000000000e+02
6.210000000000000000e+02 3.490000000000000000e+02
6.200000000000000000e+02 3.480000000000000000e+02
6.210000000000000000e+02 3.470000000000000000e+02
6.180000000000000000e+02 3.490000000000000000e+02
6.170000000000000000e+02 3.470000000000000000e+02
6.180000000000000000e+02 3.480000000000000000e+02
6.180000000000000000e+02 3.460000000000000000e+02
6.180000000000000000e+02 3.480000000000000000e+02
6.210000000000000000e+02 3.480000000000000000e+02
6.220000000000000000e+02 3.480000000000000000e+02
6.220000000000000000e+02 3.480000000000000000e+02
6.210000000000000000e+02 3.500000000000000000e+02
6.200000000000000000e+02 3.510000000000000000e+02
6.200000000000000000e+02 3.540000000000000000e+02
6.180000000000000000e+02 3.530000000000000000e+02
6.180000000000000000e+02 3.540000000000000000e+02
6.160000000000000000e+02 3.550000000000000000e+02
6.150000000000000000e+02 3.550000000000000000e+02
6.160000000000000000e+02 3.550000000000000000e+02
6.150000000000000000e+02 3.560000000000000000e+02
6.130000000000000000e+02 3.560000000000000000e+02
6.140000000000000000e+02 3.560000000000000000e+02
6.130000000000000000e+02 3.550000000000000000e+02
6.160000000000000000e+02 3.560000000000000000e+02
6.130000000000000000e+02 3.550000000000000000e+02
6.130000000000000000e+02 3.580000000000000000e+02
6.120000000000000000e+02 3.570000000000000000e+02
6.120000000000000000e+02 3.580000000000000000e+02
6.130000000000000000e+02 3.590000000000000000e+02
6.100000000000000000e+02 3.590000000000000000e+02
6.110000000000000000e+02 3.580000000000000000e+02
6.130000000000000000e+02 3.600000000000000000e+02
6.140000000000000000e+02 3.590000000000000000e+02
6.130000000000000000e+02 3.610000000000000000e+02
6.130000000000000000e+02 3.610000000000000000e+02
6.160000000000000000e+02 3.610000000000000000e+02
6.170000000000000000e+02 3.600000000000000000e+02
6.160000000000000000e+02 3.570000000000000000e+02
6.160000000000000000e+02 3.580000000000000000e+02
6.160000000000000000e+02 3.600000000000000000e+02
6.150000000000000000e+02 3.600000000000000000e+02
6.160000000000000000e+02 3.600000000000000000e+02
6.160000000000000000e+02 3.590000000000000000e+02
6.190000000000000000e+02 3.580000000000000000e+02
6.170000000000000000e+02 3.600000000000000000e+02
6.170000000000000000e+02 3.630000000000000000e+02
6.200000000000000000e+02 3.640000000000000000e+02
6.190000000000000000e+02 3.650000000000000000e+02
6.200000000000000000e+02 3.680000000000000000e+02
6.200000000000000000e+02 3.680000000000000000e+02
6.180000000000000000e+02 3.680000000000000000e+02
6.190000000000000000e+02 3.690000000000000000e+02
6.150000000000000000e+02 3.670000000000000000e+02
6.150000000000000000e+02 3.690000000000000000e+02
6.140000000000000000e+02 3.710000000000000000e+02
6.130000000000000000e+02 3.710000000000000000e+02
6.140000000000000000e+02 3.730000000000000000e+02
6.130000000000000000e+02 3.720000000000000000e+02
6.130000000000000000e+02 3.700000000000000000e+02
6.120000000000000000e+02 3.730000000000000000e+02
6.130000000000000000e+02 3.740000000000000000e+02
6.120000000000000000e+02 3.730000000000000000e+02
6.130000000000000000e+02 3.720000000000000000e+02
6.110000000000000000e+02 3.740000000000000000e+02
6.100000000000000000e+02 3.720000000000000000e+02
6.080000000000000000e+02 3.730000000000000000e+02
