# frames 101, center=[663, 253], duration=[0, 100], video=videos browniano 1/video browniano 1_0
6.630000000000000000e+02 2.530000000000000000e+02
6.630000000000000000e+02 2.530000000000000000e+02
6.630000000000000000e+02 2.530000000000000000e+02
6.620000000000000000e+02 2.530000000000000000e+02
6.620000000000000000e+02 2.530000000000000000e+02
6.620000000000000000e+02 2.530000000000000000e+02
6.620000000000000000e+02 2.520000000000000000e+02
6.590000000000000000e+02 2.530000000000000000e+02
6.580000000000000000e+02 2.560000000000000000e+02
6.560000000000000000e+02 2.580000000000000000e+02
6.560000000000000000e+02 2.580000000000000000e+02
6.560000000000000000e+02 2.580000000000000000e+02
6.570000000000000000e+02 2.590000000000000000e+02
6.580000000000000000e+02 2.580000000000000000e+02
6.580000000000000000e+02 2.570000000000000000e+02
6.580000000000000000e+02 2.590000000000000000e+02
6.560000000000000000e+02 2.600000000000000000e+02
6.570000000000000000e+02 2.610000000000000000e+02
6.570000000000000000e+02 2.600000000000000000e+02
6.550000000000000000e+02 2.610000000000000000e+02
6.550000000000000000e+02 2.620000000000000000e+02
6.530000000000000000e+02 2.610000000000000000e+02
6.520000000000000000e+02 2.600000000000000000e+02
6.520000000000000000e+02 2.610000000000000000e+02
6.510000000000000000e+02 2.610000000000000000e+02
6.510000000000000000e+02 2.610000000000000000e+02
6.510000000000000000e+02 2.600000000000000000e+02
6.500000000000000000e+02 2.590000000000000000e+02
6.510000000000000000e+02 2.610000000000000000e+02
6.510000000000000000e+02 2.600000000000000000e+02
6.500000000000000000e+02 2.590000000000000000e+02
6.480000000000000000e+02 2.590000000000000000e+02
6.520000000000000000e+02 2.590000000000000000e+02
6.530000000000000000e+02 2.590000000000000000e+02
6.520000000000000000e+02 2.580000000000000000e+02
6.510000000000000000e+02 2.590000000000000000e+02
6.510000000000000000e+02 2.610000000000000000e+02
6.520000000000000000e+02 2.590000000000000000e+02
6.540000000000000000e+02 2.600000000000000000e+02
6.540000000000000000e+02 2.590000000000000000e+02
6.550000000000000000e+02 2.580000000000000000e+02
6.560000000000000000e+02 2.570000000000000000e+02
6.560000000000000000e+02 2.560000000000000000e+02
6.560000000000000000e+02 2.570000000000000000e+02
6.550000000000000000e+02 2.560000000000000000e+02
6.560000000000000000e+02 2.580000000000000000e+02
6.560000000000000000e+02 2.570000000000000000e+02
6.550000000000000000e+02 2.560000000000000000e+02
6.550000000000000000e+02 2.550000000000000000e+02
6.560000000000000000e+02 2.550000000000000000e+02
6.570000000000000000e+02 2.550000000000000000e+02
6.560000000000000000e+02 2.570000000000000000e+02
6.560000000000000000e+02 2.580000000000000000e+02
6.560000000000000000e+02 2.590000000000000000e+02
6.580000000000000000e+02 2.550000000000000000e+02
6.580000000000000000e+02 2.540000000000000000e+02
6.610000000000000000e+02 2.550000000000000000e+02
6.590000000000000000e+02 2.540000000000000000e+02
6.590000000000000000e+02 2.540000000000000000e+02
6.590000000000000000e+02 2.530000000000000000e+02
6.560000000000000000e+02 2.540000000000000000e+02
6.570000000000000000e+02 2.530000000000000000e+02
6.590000000000000000e+02 2.540000000000000000e+02
6.580000000000000000e+02 2.560000000000000000e+02
6.570000000000000000e+02 2.550000000000000000e+02
6.570000000000000000e+02 2.550000000000000000e+02
6.590000000000000000e+02 2.560000000000000000e+02
6.570000000000000000e+02 2.550000000000000000e+02
6.560000000000000000e+02 2.560000000000000000e+02
6.550000000000000000e+02 2.560000000000000000e+02
6.530000000000000000e+02 2.570000000000000000e+02
6.530000000000000000e+02 2.570000000000000000e+02
6.550000000000000000e+02 2.560000000000000000e+02
6.540000000000000000e+02 2.560000000000000000e+02
6.520000000000000000e+02 2.560000000000000000e+02
6.530000000000000000e+02 2.570000000000000000e+02
6.530000000000000000e+02 2.590000000000000000e+02
6.550000000000000000e+02 2.610000000000000000e+02
6.560000000000000000e+02 2.620000000000000000e+02
6.540000000000000000e+02 2.600000000000000000e+02
6.540000000000000000e+02 2.600000000000000000e+02
6.540000000000000000e+02 2.620000000000000000e+02
6.540000000000000000e+02 2.620000000000000000e+02
6.560000000000000000e+02 2.620000000000000000e+02
6.560000000000000000e+02 2.620000000000000000e+02
6.540000000000000000e+02 2.640000000000000000e+02
6.540000000000000000e+02 2.660000000000000000e+02
6.530000000000000000e+02 2.650000000000000000e+02
6.540000000000000000e+02 2.660000000000000000e+02
6.530000000000000000e+02 2.650000000000000000e+02
6.530000000000000000e+02 2.650000000000000000e+02
6.520000000000000000e+02 2.640000000000000000e+02
6.510000000000000000e+02 2.630000000000000000e+02
6.510000000000000000e+02 2.630000000000000000e+02
6.520000000000000000e+02 2.600000000000000000e+02
6.530000000000000000e+02 2.600000000000000000e+02
6.530000000000000000e+02 2.600000000000000000e+02
6.520000000000000000e+02 2.620000000000000000e+02
6.530000000000000000e+02 2.640000000000000000e+02
6.520000000000000000e+02 2.640000000000000000e+02
6.540000000000000000e+02 2.630000000000000000e+02
