# frames 101, center=[604, 377], duration=[500, 600], video=videos browniano 1/video browniano 1_0
6.040000000000000000e+02 3.770000000000000000e+02
6.040000000000000000e+02 3.770000000000000000e+02
6.040000000000000000e+02 3.770000000000000000e+02
6.040000000000000000e+02 3.750000000000000000e+02
6.050000000000000000e+02 3.740000000000000000e+02
6.030000000000000000e+02 3.730000000000000000e+02
6.040000000000000000e+02 3.730000000000000000e+02
6.060000000000000000e+02 3.740000000000000000e+02
6.050000000000000000e+02 3.740000000000000000e+02
6.050000000000000000e+02 3.750000000000000000e+02
6.050000000000000000e+02 3.730000000000000000e+02
6.060000000000000000e+02 3.740000000000000000e+02
6.090000000000000000e+02 3.750000000000000000e+02
6.080000000000000000e+02 3.760000000000000000e+02
6.090000000000000000e+02 3.770000000000000000e+02
6.090000000000000000e+02 3.750000000000000000e+02
6.070000000000000000e+02 3.760000000000000000e+02
6.060000000000000000e+02 3.760000000000000000e+02
6.050000000000000000e+02 3.740000000000000000e+02
6.050000000000000000e+02 3.760000000000000000e+02
6.050000000000000000e+02 3.740000000000000000e+02
6.040000000000000000e+02 3.750000000000000000e+02
6.040000000000000000e+02 3.760000000000000000e+02
6.010000000000000000e+02 3.760000000000000000e+02
6.010000000000000000e+02 3.750000000000000000e+02
6.010000000000000000e+02 3.740000000000000000e+02
6.010000000000000000e+02 3.750000000000000000e+02
6.040000000000000000e+02 3.740000000000000000e+02
6.030000000000000000e+02 3.740000000000000000e+02
6.060000000000000000e+02 3.750000000000000000e+02
6.050000000000000000e+02 3.750000000000000000e+02
6.080000000000000000e+02 3.750000000000000000e+02
6.100000000000000000e+02 3.760000000000000000e+02
6.090000000000000000e+02 3.760000000000000000e+02
6.100000000000000000e+02 3.780000000000000000e+02
6.100000000000000000e+02 3.790000000000000000e+02
6.080000000000000000e+02 3.790000000000000000e+02
6.100000000000000000e+02 3.820000000000000000e+02
6.080000000000000000e+02 3.810000000000000000e+02
6.090000000000000000e+02 3.810000000000000000e+02
6.100000000000000000e+02 3.830000000000000000e+02
6.080000000000000000e+02 3.820000000000000000e+02
6.090000000000000000e+02 3.830000000000000000e+02
6.090000000000000000e+02 3.820000000000000000e+02
6.100000000000000000e+02 3.830000000000000000e+02
6.100000000000000000e+02 3.830000000000000000e+02
6.090000000000000000e+02 3.840000000000000000e+02
6.080000000000000000e+02 3.840000000000000000e+02
6.090000000000000000e+02 3.860000000000000000e+02
6.100000000000000000e+02 3.880000000000000000e+02
6.120000000000000000e+02 3.880000000000000000e+02
6.110000000000000000e+02 3.870000000000000000e+02
6.120000000000000000e+02 3.900000000000000000e+02
6.120000000000000000e+02 3.890000000000000000e+02
6.080000000000000000e+02 3.880000000000000000e+02
6.070000000000000000e+02 3.890000000000000000e+02
6.080000000000000000e+02 3.880000000000000000e+02
6.070000000000000000e+02 3.890000000000000000e+02
6.050000000000000000e+02 3.910000000000000000e+02
6.050000000000000000e+02 3.900000000000000000e+02
6.060000000000000000e+02 3.910000000000000000e+02
6.060000000000000000e+02 3.880000000000000000e+02
6.030000000000000000e+02 3.890000000000000000e+02
6.020000000000000000e+02 3.880000000000000000e+02
6.010000000000000000e+02 3.880000000000000000e+02
6.010000000000000000e+02 3.900000000000000000e+02
6.010000000000000000e+02 3.890000000000000000e+02
6.020000000000000000e+02 3.890000000000000000e+02
6.010000000000000000e+02 3.910000000000000000e+02
6.030000000000000000e+02 3.910000000000000000e+02
6.040000000000000000e+02 3.920000000000000000e+02
6.020000000000000000e+02 3.910000000000000000e+02
6.010000000000000000e+02 3.910000000000000000e+02
6.000000000000000000e+02 3.900000000000000000e+02
5.990000000000000000e+02 3.900000000000000000e+02
6.010000000000000000e+02 3.910000000000000000e+02
6.000000000000000000e+02 3.930000000000000000e+02
5.980000000000000000e+02 3.910000000000000000e+02
5.990000000000000000e+02 3.930000000000000000e+02
5.970000000000000000e+02 3.930000000000000000e+02
5.970000000000000000e+02 3.930000000000000000e+02
5.960000000000000000e+02 3.960000000000000000e+02
5.960000000000000000e+02 3.960000000000000000e+02
5.950000000000000000e+02 3.940000000000000000e+02
5.940000000000000000e+02 3.910000000000000000e+02
5.940000000000000000e+02 3.910000000000000000e+02
5.920000000000000000e+02 3.900000000000000000e+02
5.920000000000000000e+02 3.900000000000000000e+02
5.900000000000000000e+02 3.920000000000000000e+02
5.880000000000000000e+02 3.920000000000000000e+02
5.860000000000000000e+02 3.940000000000000000e+02
5.840000000000000000e+02 3.940000000000000000e+02
5.840000000000000000e+02 3.960000000000000000e+02
5.850000000000000000e+02 3.980000000000000000e+02
5.840000000000000000e+02 3.980000000000000000e+02
5.840000000000000000e+02 3.980000000000000000e+02
5.860000000000000000e+02 3.990000000000000000e+02
5.840000000000000000e+02 4.000000000000000000e+02
5.830000000000000000e+02 3.980000000000000000e+02
5.830000000000000000e+02 3.970000000000000000e+02
5.850000000000000000e+02 3.980000000000000000e+02
