# frames 101, center=[653, 269], duration=[100, 200], video=videos browniano 1/video browniano 1_0
6.530000000000000000e+02 2.690000000000000000e+02
6.530000000000000000e+02 2.690000000000000000e+02
6.530000000000000000e+02 2.690000000000000000e+02
6.530000000000000000e+02 2.690000000000000000e+02
6.520000000000000000e+02 2.710000000000000000e+02
6.520000000000000000e+02 2.710000000000000000e+02
6.530000000000000000e+02 2.720000000000000000e+02
6.530000000000000000e+02 2.750000000000000000e+02
6.530000000000000000e+02 2.770000000000000000e+02
6.540000000000000000e+02 2.760000000000000000e+02
6.520000000000000000e+02 2.750000000000000000e+02
6.530000000000000000e+02 2.740000000000000000e+02
6.500000000000000000e+02 2.730000000000000000e+02
6.480000000000000000e+02 2.740000000000000000e+02
6.470000000000000000e+02 2.730000000000000000e+02
6.460000000000000000e+02 2.730000000000000000e+02
6.470000000000000000e+02 2.730000000000000000e+02
6.470000000000000000e+02 2.740000000000000000e+02
6.470000000000000000e+02 2.750000000000000000e+02
6.480000000000000000e+02 2.760000000000000000e+02
6.470000000000000000e+02 2.760000000000000000e+02
6.470000000000000000e+02 2.750000000000000000e+02
6.450000000000000000e+02 2.740000000000000000e+02
6.450000000000000000e+02 2.740000000000000000e+02
6.450000000000000000e+02 2.750000000000000000e+02
6.460000000000000000e+02 2.760000000000000000e+02
6.470000000000000000e+02 2.760000000000000000e+02
6.460000000000000000e+02 2.780000000000000000e+02
6.450000000000000000e+02 2.760000000000000000e+02
6.440000000000000000e+02 2.790000000000000000e+02
6.460000000000000000e+02 2.790000000000000000e+02
6.450000000000000000e+02 2.810000000000000000e+02
6.450000000000000000e+02 2.850000000000000000e+02
6.440000000000000000e+02 2.830000000000000000e+02
6.440000000000000000e+02 2.830000000000000000e+02
6.420000000000000000e+02 2.840000000000000000e+02
6.400000000000000000e+02 2.860000000000000000e+02
6.390000000000000000e+02 2.870000000000000000e+02
6.390000000000000000e+02 2.840000000000000000e+02
6.380000000000000000e+02 2.860000000000000000e+02
6.360000000000000000e+02 2.860000000000000000e+02
6.350000000000000000e+02 2.860000000000000000e+02
6.360000000000000000e+02 2.880000000000000000e+02
6.350000000000000000e+02 2.870000000000000000e+02
6.350000000000000000e+02 2.880000000000000000e+02
6.340000000000000000e+02 2.870000000000000000e+02
6.330000000000000000e+02 2.870000000000000000e+02
6.340000000000000000e+02 2.860000000000000000e+02
6.340000000000000000e+02 2.860000000000000000e+02
6.350000000000000000e+02 2.860000000000000000e+02
6.340000000000000000e+02 2.880000000000000000e+02
6.390000000000000000e+02 2.890000000000000000e+02
6.400000000000000000e+02 2.890000000000000000e+02
6.400000000000000000e+02 2.860000000000000000e+02
6.420000000000000000e+02 2.880000000000000000e+02
6.420000000000000000e+02 2.890000000000000000e+02
6.420000000000000000e+02 2.890000000000000000e+02
6.420000000000000000e+02 2.910000000000000000e+02
6.400000000000000000e+02 2.890000000000000000e+02
6.400000000000000000e+02 2.890000000000000000e+02
6.400000000000000000e+02 2.890000000000000000e+02
6.400000000000000000e+02 2.890000000000000000e+02
6.420000000000000000e+02 2.890000000000000000e+02
6.370000000000000000e+02 2.880000000000000000e+02
6.350000000000000000e+02 2.890000000000000000e+02
6.350000000000000000e+02 2.890000000000000000e+02
6.350000000000000000e+02 2.910000000000000000e+02
6.330000000000000000e+02 2.930000000000000000e+02
6.330000000000000000e+02 2.920000000000000000e+02
6.330000000000000000e+02 2.910000000000000000e+02
6.340000000000000000e+02 2.900000000000000000e+02
6.360000000000000000e+02 2.910000000000000000e+02
6.350000000000000000e+02 2.890000000000000000e+02
6.330000000000000000e+02 2.880000000000000000e+02
6.350000000000000000e+02 2.880000000000000000e+02
6.340000000000000000e+02 2.880000000000000000e+02
6.330000000000000000e+02 2.880000000000000000e+02
6.320000000000000000e+02 2.890000000000000000e+02
6.320000000000000000e+02 2.880000000000000000e+02
6.320000000000000000e+02 2.880000000000000000e+02
6.320000000000000000e+02 2.880000000000000000e+02
6.320000000000000000e+02 2.880000000000000000e+02
6.340000000000000000e+02 2.890000000000000000e+02
6.350000000000000000e+02 2.880000000000000000e+02
6.360000000000000000e+02 2.890000000000000000e+02
6.330000000000000000e+02 2.900000000000000000e+02
6.330000000000000000e+02 2.920000000000000000e+02
6.310000000000000000e+02 2.930000000000000000e+02
6.320000000000000000e+02 2.910000000000000000e+02
6.310000000000000000e+02 2.930000000000000000e+02
6.290000000000000000e+02 2.920000000000000000e+02
6.290000000000000000e+02 2.910000000000000000e+02
6.290000000000000000e+02 2.910000000000000000e+02
6.310000000000000000e+02 2.920000000000000000e+02
6.320000000000000000e+02 2.920000000000000000e+02
6.300000000000000000e+02 2.920000000000000000e+02
6.310000000000000000e+02 2.910000000000000000e+02
6.320000000000000000e+02 2.920000000000000000e+02
6.300000000000000000e+02 2.930000000000000000e+02
6.350000000000000000e+02 2.910000000000000000e+02
6.330000000000000000e+02 2.930000000000000000e+02
