# frames 101, center=[530, 125], duration=[400, 500], video=videos browniano 1/video browniano 1_0
5.300000000000000000e+02 1.250000000000000000e+02
5.300000000000000000e+02 1.250000000000000000e+02
5.300000000000000000e+02 1.250000000000000000e+02
5.320000000000000000e+02 1.270000000000000000e+02
5.320000000000000000e+02 1.280000000000000000e+02
5.320000000000000000e+02 1.280000000000000000e+02
5.320000000000000000e+02 1.310000000000000000e+02
5.330000000000000000e+02 1.310000000000000000e+02
5.330000000000000000e+02 1.300000000000000000e+02
5.320000000000000000e+02 1.290000000000000000e+02
5.330000000000000000e+02 1.270000000000000000e+02
5.320000000000000000e+02 1.280000000000000000e+02
5.330000000000000000e+02 1.270000000000000000e+02
5.320000000000000000e+02 1.290000000000000000e+02
5.320000000000000000e+02 1.290000000000000000e+02
5.320000000000000000e+02 1.290000000000000000e+02
5.310000000000000000e+02 1.280000000000000000e+02
5.310000000000000000e+02 1.300000000000000000e+02
5.310000000000000000e+02 1.290000000000000000e+02
5.310000000000000000e+02 1.300000000000000000e+02
5.300000000000000000e+02 1.290000000000000000e+02
5.270000000000000000e+02 1.290000000000000000e+02
5.290000000000000000e+02 1.290000000000000000e+02
5.290000000000000000e+02 1.310000000000000000e+02
5.270000000000000000e+02 1.340000000000000000e+02
5.260000000000000000e+02 1.340000000000000000e+02
5.290000000000000000e+02 1.330000000000000000e+02
5.300000000000000000e+02 1.320000000000000000e+02
5.280000000000000000e+02 1.310000000000000000e+02
5.310000000000000000e+02 1.310000000000000000e+02
5.300000000000000000e+02 1.280000000000000000e+02
5.320000000000000000e+02 1.310000000000000000e+02
5.320000000000000000e+02 1.310000000000000000e+02
5.290000000000000000e+02 1.320000000000000000e+02
5.290000000000000000e+02 1.320000000000000000e+02
5.280000000000000000e+02 1.320000000000000000e+02
5.300000000000000000e+02 1.320000000000000000e+02
5.290000000000000000e+02 1.320000000000000000e+02
5.310000000000000000e+02 1.310000000000000000e+02
5.370000000000000000e+02 1.340000000000000000e+02
5.330000000000000000e+02 1.350000000000000000e+02
5.370000000000000000e+02 1.330000000000000000e+02
5.330000000000000000e+02 1.330000000000000000e+02
5.330000000000000000e+02 1.330000000000000000e+02
5.320000000000000000e+02 1.330000000000000000e+02
5.300000000000000000e+02 1.360000000000000000e+02
5.260000000000000000e+02 1.330000000000000000e+02
5.270000000000000000e+02 1.360000000000000000e+02
5.270000000000000000e+02 1.350000000000000000e+02
5.270000000000000000e+02 1.370000000000000000e+02
5.280000000000000000e+02 1.390000000000000000e+02
5.290000000000000000e+02 1.390000000000000000e+02
5.290000000000000000e+02 1.390000000000000000e+02
5.250000000000000000e+02 1.390000000000000000e+02
5.270000000000000000e+02 1.410000000000000000e+02
5.280000000000000000e+02 1.410000000000000000e+02
5.280000000000000000e+02 1.390000000000000000e+02
5.290000000000000000e+02 1.420000000000000000e+02
5.290000000000000000e+02 1.420000000000000000e+02
5.230000000000000000e+02 1.430000000000000000e+02
5.300000000000000000e+02 1.430000000000000000e+02
5.370000000000000000e+02 1.460000000000000000e+02
5.310000000000000000e+02 1.440000000000000000e+02
5.360000000000000000e+02 1.460000000000000000e+02
5.330000000000000000e+02 1.460000000000000000e+02
5.360000000000000000e+02 1.490000000000000000e+02
5.200000000000000000e+02 1.500000000000000000e+02
5.200000000000000000e+02 1.530000000000000000e+02
5.190000000000000000e+02 1.510000000000000000e+02
5.170000000000000000e+02 1.540000000000000000e+02
5.170000000000000000e+02 1.530000000000000000e+02
5.150000000000000000e+02 1.540000000000000000e+02
5.170000000000000000e+02 1.540000000000000000e+02
5.150000000000000000e+02 1.540000000000000000e+02
5.130000000000000000e+02 1.540000000000000000e+02
5.110000000000000000e+02 1.540000000000000000e+02
5.130000000000000000e+02 1.560000000000000000e+02
5.170000000000000000e+02 1.540000000000000000e+02
5.130000000000000000e+02 1.550000000000000000e+02
5.160000000000000000e+02 1.540000000000000000e+02
5.170000000000000000e+02 1.560000000000000000e+02
5.120000000000000000e+02 1.560000000000000000e+02
5.150000000000000000e+02 1.530000000000000000e+02
5.170000000000000000e+02 1.510000000000000000e+02
5.170000000000000000e+02 1.520000000000000000e+02
5.150000000000000000e+02 1.530000000000000000e+02
5.140000000000000000e+02 1.540000000000000000e+02
5.130000000000000000e+02 1.560000000000000000e+02
5.120000000000000000e+02 1.570000000000000000e+02
5.110000000000000000e+02 1.580000000000000000e+02
5.110000000000000000e+02 1.580000000000000000e+02
5.140000000000000000e+02 1.570000000000000000e+02
5.170000000000000000e+02 1.560000000000000000e+02
5.180000000000000000e+02 1.550000000000000000e+02
5.140000000000000000e+02 1.550000000000000000e+02
5.170000000000000000e+02 1.530000000000000000e+02
5.150000000000000000e+02 1.530000000000000000e+02
5.140000000000000000e+02 1.530000000000000000e+02
5.140000000000000000e+02 1.540000000000000000e+02
5.120000000000000000e+02 1.550000000000000000e+02
5.100000000000000000e+02 1.560000000000000000e+02
