# frames 101, center=[503, 174], duration=[500, 600], video=videos browniano 1/video browniano 1_0
5.030000000000000000e+02 1.740000000000000000e+02
5.030000000000000000e+02 1.740000000000000000e+02
5.030000000000000000e+02 1.740000000000000000e+02
5.050000000000000000e+02 1.760000000000000000e+02
5.030000000000000000e+02 1.760000000000000000e+02
5.030000000000000000e+02 1.750000000000000000e+02
5.040000000000000000e+02 1.750000000000000000e+02
5.020000000000000000e+02 1.750000000000000000e+02
5.020000000000000000e+02 1.770000000000000000e+02
5.010000000000000000e+02 1.780000000000000000e+02
5.020000000000000000e+02 1.780000000000000000e+02
5.010000000000000000e+02 1.790000000000000000e+02
4.990000000000000000e+02 1.800000000000000000e+02
4.990000000000000000e+02 1.810000000000000000e+02
5.000000000000000000e+02 1.810000000000000000e+02
5.030000000000000000e+02 1.800000000000000000e+02
5.050000000000000000e+02 1.810000000000000000e+02
5.040000000000000000e+02 1.830000000000000000e+02
5.040000000000000000e+02 1.840000000000000000e+02
5.040000000000000000e+02 1.820000000000000000e+02
5.030000000000000000e+02 1.820000000000000000e+02
5.040000000000000000e+02 1.830000000000000000e+02
5.040000000000000000e+02 1.850000000000000000e+02
5.050000000000000000e+02 1.860000000000000000e+02
5.050000000000000000e+02 1.870000000000000000e+02
5.060000000000000000e+02 1.870000000000000000e+02
5.080000000000000000e+02 1.870000000000000000e+02
5.070000000000000000e+02 1.880000000000000000e+02
5.070000000000000000e+02 1.880000000000000000e+02
5.070000000000000000e+02 1.910000000000000000e+02
5.060000000000000000e+02 1.900000000000000000e+02
5.080000000000000000e+02 1.900000000000000000e+02
5.080000000000000000e+02 1.910000000000000000e+02
5.080000000000000000e+02 1.910000000000000000e+02
5.090000000000000000e+02 1.910000000000000000e+02
5.070000000000000000e+02 1.890000000000000000e+02
5.090000000000000000e+02 1.880000000000000000e+02
5.090000000000000000e+02 1.880000000000000000e+02
5.090000000000000000e+02 1.860000000000000000e+02
5.090000000000000000e+02 1.870000000000000000e+02
5.100000000000000000e+02 1.880000000000000000e+02
5.090000000000000000e+02 1.890000000000000000e+02
5.070000000000000000e+02 1.910000000000000000e+02
5.080000000000000000e+02 1.910000000000000000e+02
5.090000000000000000e+02 1.890000000000000000e+02
5.060000000000000000e+02 1.890000000000000000e+02
5.070000000000000000e+02 1.910000000000000000e+02
5.030000000000000000e+02 1.920000000000000000e+02
5.050000000000000000e+02 1.920000000000000000e+02
5.050000000000000000e+02 1.940000000000000000e+02
5.060000000000000000e+02 1.950000000000000000e+02
5.040000000000000000e+02 1.960000000000000000e+02
5.040000000000000000e+02 1.980000000000000000e+02
5.040000000000000000e+02 2.000000000000000000e+02
5.060000000000000000e+02 2.030000000000000000e+02
5.060000000000000000e+02 2.020000000000000000e+02
5.060000000000000000e+02 2.030000000000000000e+02
5.060000000000000000e+02 2.020000000000000000e+02
5.050000000000000000e+02 2.030000000000000000e+02
5.050000000000000000e+02 2.000000000000000000e+02
5.050000000000000000e+02 2.010000000000000000e+02
5.060000000000000000e+02 2.020000000000000000e+02
5.060000000000000000e+02 2.060000000000000000e+02
5.050000000000000000e+02 2.040000000000000000e+02
5.070000000000000000e+02 2.030000000000000000e+02
5.030000000000000000e+02 2.020000000000000000e+02
5.020000000000000000e+02 2.030000000000000000e+02
5.010000000000000000e+02 2.040000000000000000e+02
5.000000000000000000e+02 2.030000000000000000e+02
4.990000000000000000e+02 2.040000000000000000e+02
4.990000000000000000e+02 2.050000000000000000e+02
4.990000000000000000e+02 2.040000000000000000e+02
4.960000000000000000e+02 2.040000000000000000e+02
4.950000000000000000e+02 2.080000000000000000e+02
4.940000000000000000e+02 2.100000000000000000e+02
4.930000000000000000e+02 2.110000000000000000e+02
4.910000000000000000e+02 2.100000000000000000e+02
4.940000000000000000e+02 2.120000000000000000e+02
4.930000000000000000e+02 2.120000000000000000e+02
4.930000000000000000e+02 2.110000000000000000e+02
4.930000000000000000e+02 2.140000000000000000e+02
4.930000000000000000e+02 2.110000000000000000e+02
4.930000000000000000e+02 2.110000000000000000e+02
4.920000000000000000e+02 2.120000000000000000e+02
4.900000000000000000e+02 2.120000000000000000e+02
4.900000000000000000e+02 2.150000000000000000e+02
4.900000000000000000e+02 2.140000000000000000e+02
4.910000000000000000e+02 2.150000000000000000e+02
4.910000000000000000e+02 2.170000000000000000e+02
4.920000000000000000e+02 2.170000000000000000e+02
4.920000000000000000e+02 2.180000000000000000e+02
4.910000000000000000e+02 2.180000000000000000e+02
4.900000000000000000e+02 2.180000000000000000e+02
4.900000000000000000e+02 2.200000000000000000e+02
4.890000000000000000e+02 2.200000000000000000e+02
4.880000000000000000e+02 2.210000000000000000e+02
4.870000000000000000e+02 2.200000000000000000e+02
4.890000000000000000e+02 2.220000000000000000e+02
4.900000000000000000e+02 2.200000000000000000e+02
4.920000000000000000e+02 2.230000000000000000e+02
4.920000000000000000e+02 2.210000000000000000e+02
