# frames 101, center=[546, 100], duration=[100, 200], video=videos browniano 1/video browniano 1_0
5.460000000000000000e+02 1.000000000000000000e+02
5.460000000000000000e+02 1.000000000000000000e+02
5.460000000000000000e+02 1.000000000000000000e+02
5.460000000000000000e+02 1.010000000000000000e+02
5.450000000000000000e+02 1.000000000000000000e+02
5.450000000000000000e+02 1.020000000000000000e+02
5.460000000000000000e+02 1.020000000000000000e+02
5.450000000000000000e+02 1.040000000000000000e+02
5.450000000000000000e+02 1.050000000000000000e+02
5.430000000000000000e+02 1.030000000000000000e+02
5.440000000000000000e+02 1.030000000000000000e+02
5.450000000000000000e+02 1.020000000000000000e+02
5.430000000000000000e+02 1.010000000000000000e+02
5.440000000000000000e+02 1.020000000000000000e+02
5.420000000000000000e+02 1.050000000000000000e+02
5.440000000000000000e+02 1.040000000000000000e+02
5.440000000000000000e+02 1.040000000000000000e+02
5.440000000000000000e+02 1.050000000000000000e+02
5.430000000000000000e+02 1.060000000000000000e+02
5.440000000000000000e+02 1.060000000000000000e+02
5.440000000000000000e+02 1.060000000000000000e+02
5.450000000000000000e+02 1.080000000000000000e+02
5.450000000000000000e+02 1.060000000000000000e+02
5.460000000000000000e+02 1.090000000000000000e+02
5.480000000000000000e+02 1.090000000000000000e+02
5.470000000000000000e+02 1.100000000000000000e+02
5.450000000000000000e+02 1.090000000000000000e+02
5.460000000000000000e+02 1.080000000000000000e+02
5.470000000000000000e+02 1.100000000000000000e+02
5.480000000000000000e+02 1.100000000000000000e+02
5.470000000000000000e+02 1.100000000000000000e+02
5.460000000000000000e+02 1.110000000000000000e+02
5.450000000000000000e+02 1.140000000000000000e+02
5.450000000000000000e+02 1.120000000000000000e+02
5.450000000000000000e+02 1.130000000000000000e+02
5.450000000000000000e+02 1.130000000000000000e+02
5.450000000000000000e+02 1.140000000000000000e+02
5.440000000000000000e+02 1.140000000000000000e+02
5.450000000000000000e+02 1.140000000000000000e+02
5.450000000000000000e+02 1.150000000000000000e+02
5.460000000000000000e+02 1.140000000000000000e+02
5.450000000000000000e+02 1.170000000000000000e+02
5.460000000000000000e+02 1.180000000000000000e+02
5.460000000000000000e+02 1.180000000000000000e+02
5.440000000000000000e+02 1.170000000000000000e+02
5.440000000000000000e+02 1.160000000000000000e+02
5.440000000000000000e+02 1.160000000000000000e+02
5.440000000000000000e+02 1.160000000000000000e+02
5.450000000000000000e+02 1.150000000000000000e+02
5.440000000000000000e+02 1.170000000000000000e+02
5.430000000000000000e+02 1.180000000000000000e+02
5.440000000000000000e+02 1.200000000000000000e+02
5.430000000000000000e+02 1.210000000000000000e+02
5.410000000000000000e+02 1.210000000000000000e+02
5.410000000000000000e+02 1.240000000000000000e+02
5.430000000000000000e+02 1.230000000000000000e+02
5.440000000000000000e+02 1.230000000000000000e+02
5.420000000000000000e+02 1.230000000000000000e+02
5.430000000000000000e+02 1.220000000000000000e+02
5.400000000000000000e+02 1.230000000000000000e+02
5.380000000000000000e+02 1.230000000000000000e+02
5.380000000000000000e+02 1.230000000000000000e+02
5.390000000000000000e+02 1.240000000000000000e+02
5.390000000000000000e+02 1.190000000000000000e+02
5.390000000000000000e+02 1.190000000000000000e+02
5.360000000000000000e+02 1.160000000000000000e+02
5.380000000000000000e+02 1.140000000000000000e+02
5.360000000000000000e+02 1.160000000000000000e+02
5.360000000000000000e+02 1.140000000000000000e+02
5.360000000000000000e+02 1.180000000000000000e+02
5.350000000000000000e+02 1.200000000000000000e+02
5.350000000000000000e+02 1.190000000000000000e+02
5.330000000000000000e+02 1.180000000000000000e+02
5.320000000000000000e+02 1.180000000000000000e+02
5.330000000000000000e+02 1.170000000000000000e+02
5.330000000000000000e+02 1.190000000000000000e+02
5.340000000000000000e+02 1.220000000000000000e+02
5.320000000000000000e+02 1.200000000000000000e+02
5.320000000000000000e+02 1.220000000000000000e+02
5.300000000000000000e+02 1.230000000000000000e+02
5.290000000000000000e+02 1.190000000000000000e+02
5.290000000000000000e+02 1.180000000000000000e+02
5.270000000000000000e+02 1.180000000000000000e+02
5.280000000000000000e+02 1.190000000000000000e+02
5.290000000000000000e+02 1.180000000000000000e+02
5.270000000000000000e+02 1.160000000000000000e+02
5.280000000000000000e+02 1.190000000000000000e+02
5.290000000000000000e+02 1.160000000000000000e+02
5.330000000000000000e+02 1.150000000000000000e+02
5.320000000000000000e+02 1.170000000000000000e+02
5.320000000000000000e+02 1.130000000000000000e+02
5.320000000000000000e+02 1.130000000000000000e+02
5.300000000000000000e+02 1.140000000000000000e+02
5.300000000000000000e+02 1.130000000000000000e+02
5.300000000000000000e+02 1.110000000000000000e+02
5.300000000000000000e+02 1.120000000000000000e+02
5.310000000000000000e+02 1.140000000000000000e+02
5.310000000000000000e+02 1.120000000000000000e+02
5.310000000000000000e+02 1.140000000000000000e+02
5.330000000000000000e+02 1.110000000000000000e+02
5.330000000000000000e+02 1.100000000000000000e+02
