# frames 101, center=[959, 418], duration=[400, 500], video=videos browniano 1/video browniano 1_0
9.590000000000000000e+02 4.180000000000000000e+02
9.590000000000000000e+02 4.180000000000000000e+02
9.590000000000000000e+02 4.180000000000000000e+02
9.610000000000000000e+02 4.220000000000000000e+02
9.590000000000000000e+02 4.220000000000000000e+02
9.620000000000000000e+02 4.240000000000000000e+02
9.590000000000000000e+02 4.190000000000000000e+02
9.590000000000000000e+02 4.180000000000000000e+02
9.560000000000000000e+02 4.200000000000000000e+02
9.580000000000000000e+02 4.220000000000000000e+02
9.550000000000000000e+02 4.220000000000000000e+02
9.570000000000000000e+02 4.240000000000000000e+02
9.570000000000000000e+02 4.260000000000000000e+02
9.570000000000000000e+02 4.270000000000000000e+02
9.560000000000000000e+02 4.240000000000000000e+02
9.530000000000000000e+02 4.230000000000000000e+02
9.550000000000000000e+02 4.240000000000000000e+02
9.540000000000000000e+02 4.240000000000000000e+02
9.550000000000000000e+02 4.230000000000000000e+02
9.580000000000000000e+02 4.230000000000000000e+02
9.550000000000000000e+02 4.190000000000000000e+02
9.520000000000000000e+02 4.210000000000000000e+02
9.500000000000000000e+02 4.230000000000000000e+02
9.500000000000000000e+02 4.220000000000000000e+02
9.500000000000000000e+02 4.230000000000000000e+02
9.480000000000000000e+02 4.230000000000000000e+02
9.460000000000000000e+02 4.220000000000000000e+02
9.440000000000000000e+02 4.200000000000000000e+02
9.450000000000000000e+02 4.210000000000000000e+02
9.470000000000000000e+02 4.200000000000000000e+02
9.480000000000000000e+02 4.220000000000000000e+02
9.520000000000000000e+02 4.200000000000000000e+02
9.490000000000000000e+02 4.230000000000000000e+02
9.450000000000000000e+02 4.260000000000000000e+02
9.450000000000000000e+02 4.250000000000000000e+02
9.440000000000000000e+02 4.230000000000000000e+02
9.440000000000000000e+02 4.230000000000000000e+02
9.430000000000000000e+02 4.220000000000000000e+02
9.430000000000000000e+02 4.220000000000000000e+02
9.460000000000000000e+02 4.210000000000000000e+02
9.490000000000000000e+02 4.190000000000000000e+02
9.490000000000000000e+02 4.200000000000000000e+02
9.500000000000000000e+02 4.200000000000000000e+02
9.500000000000000000e+02 4.180000000000000000e+02
9.510000000000000000e+02 4.180000000000000000e+02
9.500000000000000000e+02 4.160000000000000000e+02
9.500000000000000000e+02 4.170000000000000000e+02
9.510000000000000000e+02 4.170000000000000000e+02
9.500000000000000000e+02 4.190000000000000000e+02
9.530000000000000000e+02 4.180000000000000000e+02
9.530000000000000000e+02 4.180000000000000000e+02
9.540000000000000000e+02 4.180000000000000000e+02
9.520000000000000000e+02 4.190000000000000000e+02
9.510000000000000000e+02 4.200000000000000000e+02
9.500000000000000000e+02 4.180000000000000000e+02
9.510000000000000000e+02 4.180000000000000000e+02
9.510000000000000000e+02 4.170000000000000000e+02
9.510000000000000000e+02 4.180000000000000000e+02
9.510000000000000000e+02 4.200000000000000000e+02
9.530000000000000000e+02 4.180000000000000000e+02
9.520000000000000000e+02 4.180000000000000000e+02
9.530000000000000000e+02 4.180000000000000000e+02
9.510000000000000000e+02 4.170000000000000000e+02
9.530000000000000000e+02 4.170000000000000000e+02
9.550000000000000000e+02 4.170000000000000000e+02
9.550000000000000000e+02 4.180000000000000000e+02
9.550000000000000000e+02 4.170000000000000000e+02
9.570000000000000000e+02 4.190000000000000000e+02
9.570000000000000000e+02 4.160000000000000000e+02
9.580000000000000000e+02 4.150000000000000000e+02
9.550000000000000000e+02 4.160000000000000000e+02
9.560000000000000000e+02 4.190000000000000000e+02
9.540000000000000000e+02 4.160000000000000000e+02
9.530000000000000000e+02 4.180000000000000000e+02
9.550000000000000000e+02 4.170000000000000000e+02
9.520000000000000000e+02 4.190000000000000000e+02
9.530000000000000000e+02 4.180000000000000000e+02
9.530000000000000000e+02 4.200000000000000000e+02
9.530000000000000000e+02 4.190000000000000000e+02
9.510000000000000000e+02 4.190000000000000000e+02
9.530000000000000000e+02 4.180000000000000000e+02
9.500000000000000000e+02 4.210000000000000000e+02
9.500000000000000000e+02 4.210000000000000000e+02
9.480000000000000000e+02 4.220000000000000000e+02
9.510000000000000000e+02 4.220000000000000000e+02
9.460000000000000000e+02 4.240000000000000000e+02
9.430000000000000000e+02 4.250000000000000000e+02
9.420000000000000000e+02 4.240000000000000000e+02
9.380000000000000000e+02 4.190000000000000000e+02
9.400000000000000000e+02 4.180000000000000000e+02
9.420000000000000000e+02 4.190000000000000000e+02
9.420000000000000000e+02 4.200000000000000000e+02
9.450000000000000000e+02 4.190000000000000000e+02
9.450000000000000000e+02 4.190000000000000000e+02
9.470000000000000000e+02 4.190000000000000000e+02
9.470000000000000000e+02 4.180000000000000000e+02
9.460000000000000000e+02 4.140000000000000000e+02
9.430000000000000000e+02 4.190000000000000000e+02
9.420000000000000000e+02 4.180000000000000000e+02
9.450000000000000000e+02 4.180000000000000000e+02
9.450000000000000000e+02 4.160000000000000000e+02
