# frames 101, center=[946, 386], duration=[300, 400], video=videos browniano 1/video browniano 1_0
9.460000000000000000e+02 3.860000000000000000e+02
9.460000000000000000e+02 3.860000000000000000e+02
9.460000000000000000e+02 3.860000000000000000e+02
9.480000000000000000e+02 3.900000000000000000e+02
9.480000000000000000e+02 3.910000000000000000e+02
9.460000000000000000e+02 3.920000000000000000e+02
9.450000000000000000e+02 3.940000000000000000e+02
9.480000000000000000e+02 3.920000000000000000e+02
9.500000000000000000e+02 3.920000000000000000e+02
9.510000000000000000e+02 3.910000000000000000e+02
9.540000000000000000e+02 3.920000000000000000e+02
9.560000000000000000e+02 3.930000000000000000e+02
9.550000000000000000e+02 3.930000000000000000e+02
9.570000000000000000e+02 3.940000000000000000e+02
9.550000000000000000e+02 3.950000000000000000e+02
9.580000000000000000e+02 3.970000000000000000e+02
9.600000000000000000e+02 3.970000000000000000e+02
9.590000000000000000e+02 3.990000000000000000e+02
9.580000000000000000e+02 3.980000000000000000e+02
9.570000000000000000e+02 3.990000000000000000e+02
9.560000000000000000e+02 3.970000000000000000e+02
9.550000000000000000e+02 3.980000000000000000e+02
9.530000000000000000e+02 4.000000000000000000e+02
9.530000000000000000e+02 4.000000000000000000e+02
9.540000000000000000e+02 4.030000000000000000e+02
9.570000000000000000e+02 4.020000000000000000e+02
9.570000000000000000e+02 4.050000000000000000e+02
9.570000000000000000e+02 4.040000000000000000e+02
9.580000000000000000e+02 4.010000000000000000e+02
9.580000000000000000e+02 4.010000000000000000e+02
9.580000000000000000e+02 4.000000000000000000e+02
9.550000000000000000e+02 4.000000000000000000e+02
9.520000000000000000e+02 3.980000000000000000e+02
9.530000000000000000e+02 3.970000000000000000e+02
9.550000000000000000e+02 3.960000000000000000e+02
9.560000000000000000e+02 3.960000000000000000e+02
9.550000000000000000e+02 3.950000000000000000e+02
9.560000000000000000e+02 3.930000000000000000e+02
9.600000000000000000e+02 3.940000000000000000e+02
9.560000000000000000e+02 3.950000000000000000e+02
9.560000000000000000e+02 3.970000000000000000e+02
9.560000000000000000e+02 3.980000000000000000e+02
9.590000000000000000e+02 3.970000000000000000e+02
9.590000000000000000e+02 3.960000000000000000e+02
9.580000000000000000e+02 3.970000000000000000e+02
9.550000000000000000e+02 3.970000000000000000e+02
9.550000000000000000e+02 3.970000000000000000e+02
9.560000000000000000e+02 3.990000000000000000e+02
9.570000000000000000e+02 3.960000000000000000e+02
9.580000000000000000e+02 3.990000000000000000e+02
9.600000000000000000e+02 4.000000000000000000e+02
9.590000000000000000e+02 4.050000000000000000e+02
9.610000000000000000e+02 4.050000000000000000e+02
9.580000000000000000e+02 4.070000000000000000e+02
9.580000000000000000e+02 4.080000000000000000e+02
9.590000000000000000e+02 4.050000000000000000e+02
9.600000000000000000e+02 4.080000000000000000e+02
9.580000000000000000e+02 4.100000000000000000e+02
9.570000000000000000e+02 4.100000000000000000e+02
9.570000000000000000e+02 4.100000000000000000e+02
9.560000000000000000e+02 4.130000000000000000e+02
9.580000000000000000e+02 4.150000000000000000e+02
9.570000000000000000e+02 4.190000000000000000e+02
9.580000000000000000e+02 4.190000000000000000e+02
9.580000000000000000e+02 4.190000000000000000e+02
9.600000000000000000e+02 4.170000000000000000e+02
9.610000000000000000e+02 4.180000000000000000e+02
9.600000000000000000e+02 4.160000000000000000e+02
9.590000000000000000e+02 4.150000000000000000e+02
9.620000000000000000e+02 4.180000000000000000e+02
9.610000000000000000e+02 4.190000000000000000e+02
9.610000000000000000e+02 4.190000000000000000e+02
9.610000000000000000e+02 4.200000000000000000e+02
9.610000000000000000e+02 4.190000000000000000e+02
9.610000000000000000e+02 4.180000000000000000e+02
9.610000000000000000e+02 4.170000000000000000e+02
9.600000000000000000e+02 4.160000000000000000e+02
9.600000000000000000e+02 4.170000000000000000e+02
9.610000000000000000e+02 4.190000000000000000e+02
9.600000000000000000e+02 4.210000000000000000e+02
9.620000000000000000e+02 4.190000000000000000e+02
9.620000000000000000e+02 4.200000000000000000e+02
9.640000000000000000e+02 4.210000000000000000e+02
9.620000000000000000e+02 4.200000000000000000e+02
9.600000000000000000e+02 4.220000000000000000e+02
9.610000000000000000e+02 4.220000000000000000e+02
9.600000000000000000e+02 4.200000000000000000e+02
9.610000000000000000e+02 4.190000000000000000e+02
9.600000000000000000e+02 4.190000000000000000e+02
9.610000000000000000e+02 4.180000000000000000e+02
9.630000000000000000e+02 4.200000000000000000e+02
9.640000000000000000e+02 4.210000000000000000e+02
9.640000000000000000e+02 4.220000000000000000e+02
9.620000000000000000e+02 4.220000000000000000e+02
9.620000000000000000e+02 4.210000000000000000e+02
9.630000000000000000e+02 4.220000000000000000e+02
9.610000000000000000e+02 4.200000000000000000e+02
9.630000000000000000e+02 4.210000000000000000e+02
9.620000000000000000e+02 4.220000000000000000e+02
9.620000000000000000e+02 4.220000000000000000e+02
9.610000000000000000e+02 4.210000000000000000e+02
