# frames 101, center=[959, 377], duration=[200, 300], video=videos browniano 1/video browniano 1_0
9.590000000000000000e+02 3.770000000000000000e+02
9.590000000000000000e+02 3.770000000000000000e+02
9.590000000000000000e+02 3.770000000000000000e+02
9.580000000000000000e+02 3.750000000000000000e+02
9.580000000000000000e+02 3.760000000000000000e+02
9.550000000000000000e+02 3.750000000000000000e+02
9.560000000000000000e+02 3.740000000000000000e+02
9.550000000000000000e+02 3.730000000000000000e+02
9.560000000000000000e+02 3.730000000000000000e+02
9.540000000000000000e+02 3.730000000000000000e+02
9.540000000000000000e+02 3.760000000000000000e+02
9.530000000000000000e+02 3.740000000000000000e+02
9.550000000000000000e+02 3.760000000000000000e+02
9.540000000000000000e+02 3.760000000000000000e+02
9.550000000000000000e+02 3.790000000000000000e+02
9.590000000000000000e+02 3.800000000000000000e+02
9.590000000000000000e+02 3.770000000000000000e+02
9.580000000000000000e+02 3.750000000000000000e+02
9.580000000000000000e+02 3.740000000000000000e+02
9.580000000000000000e+02 3.730000000000000000e+02
9.590000000000000000e+02 3.730000000000000000e+02
9.590000000000000000e+02 3.730000000000000000e+02
9.600000000000000000e+02 3.720000000000000000e+02
9.590000000000000000e+02 3.720000000000000000e+02
9.560000000000000000e+02 3.740000000000000000e+02
9.570000000000000000e+02 3.770000000000000000e+02
9.530000000000000000e+02 3.780000000000000000e+02
9.520000000000000000e+02 3.790000000000000000e+02
9.530000000000000000e+02 3.790000000000000000e+02
9.510000000000000000e+02 3.760000000000000000e+02
9.520000000000000000e+02 3.760000000000000000e+02
9.500000000000000000e+02 3.780000000000000000e+02
9.520000000000000000e+02 3.770000000000000000e+02
9.520000000000000000e+02 3.770000000000000000e+02
9.520000000000000000e+02 3.760000000000000000e+02
9.550000000000000000e+02 3.800000000000000000e+02
9.520000000000000000e+02 3.810000000000000000e+02
9.510000000000000000e+02 3.800000000000000000e+02
9.550000000000000000e+02 3.770000000000000000e+02
9.540000000000000000e+02 3.780000000000000000e+02
9.550000000000000000e+02 3.790000000000000000e+02
9.540000000000000000e+02 3.800000000000000000e+02
9.570000000000000000e+02 3.780000000000000000e+02
9.590000000000000000e+02 3.780000000000000000e+02
9.560000000000000000e+02 3.780000000000000000e+02
9.570000000000000000e+02 3.780000000000000000e+02
9.540000000000000000e+02 3.760000000000000000e+02
9.530000000000000000e+02 3.780000000000000000e+02
9.520000000000000000e+02 3.780000000000000000e+02
9.520000000000000000e+02 3.790000000000000000e+02
9.520000000000000000e+02 3.820000000000000000e+02
9.540000000000000000e+02 3.810000000000000000e+02
9.540000000000000000e+02 3.780000000000000000e+02
9.530000000000000000e+02 3.760000000000000000e+02
9.530000000000000000e+02 3.760000000000000000e+02
9.490000000000000000e+02 3.750000000000000000e+02
9.510000000000000000e+02 3.740000000000000000e+02
9.500000000000000000e+02 3.750000000000000000e+02
9.490000000000000000e+02 3.740000000000000000e+02
9.490000000000000000e+02 3.730000000000000000e+02
9.510000000000000000e+02 3.740000000000000000e+02
9.480000000000000000e+02 3.730000000000000000e+02
9.490000000000000000e+02 3.730000000000000000e+02
9.480000000000000000e+02 3.690000000000000000e+02
9.450000000000000000e+02 3.710000000000000000e+02
9.480000000000000000e+02 3.720000000000000000e+02
9.470000000000000000e+02 3.750000000000000000e+02
9.470000000000000000e+02 3.760000000000000000e+02
9.450000000000000000e+02 3.740000000000000000e+02
9.430000000000000000e+02 3.750000000000000000e+02
9.450000000000000000e+02 3.730000000000000000e+02
9.430000000000000000e+02 3.770000000000000000e+02
9.420000000000000000e+02 3.770000000000000000e+02
9.420000000000000000e+02 3.780000000000000000e+02
9.420000000000000000e+02 3.730000000000000000e+02
9.460000000000000000e+02 3.740000000000000000e+02
9.470000000000000000e+02 3.730000000000000000e+02
9.470000000000000000e+02 3.750000000000000000e+02
9.460000000000000000e+02 3.780000000000000000e+02
9.460000000000000000e+02 3.780000000000000000e+02
9.470000000000000000e+02 3.810000000000000000e+02
9.480000000000000000e+02 3.830000000000000000e+02
9.500000000000000000e+02 3.830000000000000000e+02
9.540000000000000000e+02 3.840000000000000000e+02
9.550000000000000000e+02 3.830000000000000000e+02
9.520000000000000000e+02 3.830000000000000000e+02
9.530000000000000000e+02 3.820000000000000000e+02
9.530000000000000000e+02 3.820000000000000000e+02
9.530000000000000000e+02 3.820000000000000000e+02
9.530000000000000000e+02 3.810000000000000000e+02
9.560000000000000000e+02 3.820000000000000000e+02
9.550000000000000000e+02 3.850000000000000000e+02
9.560000000000000000e+02 3.850000000000000000e+02
9.560000000000000000e+02 3.830000000000000000e+02
9.550000000000000000e+02 3.840000000000000000e+02
9.540000000000000000e+02 3.840000000000000000e+02
9.530000000000000000e+02 3.850000000000000000e+02
9.510000000000000000e+02 3.840000000000000000e+02
9.530000000000000000e+02 3.850000000000000000e+02
9.500000000000000000e+02 3.860000000000000000e+02
9.500000000000000000e+02 3.860000000000000000e+02
