# frames 101, center=[94, 227], duration=[400, 500], video=videos browniano 1/Browniano_0
9.400000000000000000e+01 2.270000000000000000e+02
9.400000000000000000e+01 2.270000000000000000e+02
9.400000000000000000e+01 2.270000000000000000e+02
9.300000000000000000e+01 2.270000000000000000e+02
9.400000000000000000e+01 2.290000000000000000e+02
9.300000000000000000e+01 2.280000000000000000e+02
9.100000000000000000e+01 2.270000000000000000e+02
9.100000000000000000e+01 2.290000000000000000e+02
9.100000000000000000e+01 2.290000000000000000e+02
9.000000000000000000e+01 2.290000000000000000e+02
9.200000000000000000e+01 2.320000000000000000e+02
9.200000000000000000e+01 2.290000000000000000e+02
9.300000000000000000e+01 2.300000000000000000e+02
9.300000000000000000e+01 2.300000000000000000e+02
9.300000000000000000e+01 2.310000000000000000e+02
9.300000000000000000e+01 2.320000000000000000e+02
9.500000000000000000e+01 2.300000000000000000e+02
9.600000000000000000e+01 2.310000000000000000e+02
9.600000000000000000e+01 2.310000000000000000e+02
9.600000000000000000e+01 2.300000000000000000e+02
9.600000000000000000e+01 2.310000000000000000e+02
9.400000000000000000e+01 2.330000000000000000e+02
9.600000000000000000e+01 2.320000000000000000e+02
9.300000000000000000e+01 2.320000000000000000e+02
9.400000000000000000e+01 2.300000000000000000e+02
9.300000000000000000e+01 2.330000000000000000e+02
9.300000000000000000e+01 2.310000000000000000e+02
9.300000000000000000e+01 2.310000000000000000e+02
9.000000000000000000e+01 2.320000000000000000e+02
9.100000000000000000e+01 2.300000000000000000e+02
9.000000000000000000e+01 2.330000000000000000e+02
9.000000000000000000e+01 2.320000000000000000e+02
9.100000000000000000e+01 2.320000000000000000e+02
9.000000000000000000e+01 2.340000000000000000e+02
9.200000000000000000e+01 2.300000000000000000e+02
9.200000000000000000e+01 2.320000000000000000e+02
9.300000000000000000e+01 2.310000000000000000e+02
9.300000000000000000e+01 2.300000000000000000e+02
9.200000000000000000e+01 2.330000000000000000e+02
9.400000000000000000e+01 2.300000000000000000e+02
9.200000000000000000e+01 2.300000000000000000e+02
9.300000000000000000e+01 2.300000000000000000e+02
9.300000000000000000e+01 2.300000000000000000e+02
9.200000000000000000e+01 2.330000000000000000e+02
9.300000000000000000e+01 2.310000000000000000e+02
9.300000000000000000e+01 2.340000000000000000e+02
9.300000000000000000e+01 2.330000000000000000e+02
9.400000000000000000e+01 2.320000000000000000e+02
9.600000000000000000e+01 2.350000000000000000e+02
9.600000000000000000e+01 2.310000000000000000e+02
9.500000000000000000e+01 2.340000000000000000e+02
9.500000000000000000e+01 2.310000000000000000e+02
9.400000000000000000e+01 2.300000000000000000e+02
9.500000000000000000e+01 2.340000000000000000e+02
9.600000000000000000e+01 2.310000000000000000e+02
9.600000000000000000e+01 2.330000000000000000e+02
9.600000000000000000e+01 2.320000000000000000e+02
9.600000000000000000e+01 2.310000000000000000e+02
9.500000000000000000e+01 2.350000000000000000e+02
9.600000000000000000e+01 2.330000000000000000e+02
9.600000000000000000e+01 2.350000000000000000e+02
9.800000000000000000e+01 2.340000000000000000e+02
9.800000000000000000e+01 2.340000000000000000e+02
9.700000000000000000e+01 2.370000000000000000e+02
9.700000000000000000e+01 2.350000000000000000e+02
9.600000000000000000e+01 2.360000000000000000e+02
9.800000000000000000e+01 2.370000000000000000e+02
9.700000000000000000e+01 2.340000000000000000e+02
9.700000000000000000e+01 2.380000000000000000e+02
9.800000000000000000e+01 2.350000000000000000e+02
9.700000000000000000e+01 2.370000000000000000e+02
9.800000000000000000e+01 2.380000000000000000e+02
9.700000000000000000e+01 2.360000000000000000e+02
9.800000000000000000e+01 2.410000000000000000e+02
9.800000000000000000e+01 2.390000000000000000e+02
9.800000000000000000e+01 2.390000000000000000e+02
9.800000000000000000e+01 2.390000000000000000e+02
9.400000000000000000e+01 2.370000000000000000e+02
9.700000000000000000e+01 2.390000000000000000e+02
9.800000000000000000e+01 2.390000000000000000e+02
9.500000000000000000e+01 2.370000000000000000e+02
9.500000000000000000e+01 2.400000000000000000e+02
9.500000000000000000e+01 2.380000000000000000e+02
9.700000000000000000e+01 2.380000000000000000e+02
9.800000000000000000e+01 2.380000000000000000e+02
9.700000000000000000e+01 2.370000000000000000e+02
9.900000000000000000e+01 2.380000000000000000e+02
9.600000000000000000e+01 2.370000000000000000e+02
9.700000000000000000e+01 2.360000000000000000e+02
9.900000000000000000e+01 2.350000000000000000e+02
9.700000000000000000e+01 2.360000000000000000e+02
9.700000000000000000e+01 2.370000000000000000e+02
9.500000000000000000e+01 2.350000000000000000e+02
9.600000000000000000e+01 2.340000000000000000e+02
9.800000000000000000e+01 2.350000000000000000e+02
9.500000000000000000e+01 2.340000000000000000e+02
9.700000000000000000e+01 2.370000000000000000e+02
9.600000000000000000e+01 2.350000000000000000e+02
9.800000000000000000e+01 2.340000000000000000e+02
9.700000000000000000e+01 2.350000000000000000e+02
9.700000000000000000e+01 2.350000000000000000e+02
