# frames 101, center=[37, 524], duration=[400, 500], video=videos browniano 1/Browniano_0
3.700000000000000000e+01 5.240000000000000000e+02
3.700000000000000000e+01 5.240000000000000000e+02
3.700000000000000000e+01 5.240000000000000000e+02
4.000000000000000000e+01 5.260000000000000000e+02
4.000000000000000000e+01 5.270000000000000000e+02
4.000000000000000000e+01 5.270000000000000000e+02
3.900000000000000000e+01 5.290000000000000000e+02
3.800000000000000000e+01 5.290000000000000000e+02
3.700000000000000000e+01 5.280000000000000000e+02
3.700000000000000000e+01 5.280000000000000000e+02
3.700000000000000000e+01 5.270000000000000000e+02
3.800000000000000000e+01 5.280000000000000000e+02
3.700000000000000000e+01 5.260000000000000000e+02
3.800000000000000000e+01 5.270000000000000000e+02
3.600000000000000000e+01 5.280000000000000000e+02
3.600000000000000000e+01 5.270000000000000000e+02
3.800000000000000000e+01 5.300000000000000000e+02
3.700000000000000000e+01 5.290000000000000000e+02
3.900000000000000000e+01 5.320000000000000000e+02
3.800000000000000000e+01 5.310000000000000000e+02
3.900000000000000000e+01 5.300000000000000000e+02
3.900000000000000000e+01 5.300000000000000000e+02
3.700000000000000000e+01 5.290000000000000000e+02
3.900000000000000000e+01 5.300000000000000000e+02
3.700000000000000000e+01 5.320000000000000000e+02
3.800000000000000000e+01 5.300000000000000000e+02
3.700000000000000000e+01 5.330000000000000000e+02
3.700000000000000000e+01 5.310000000000000000e+02
3.700000000000000000e+01 5.310000000000000000e+02
3.700000000000000000e+01 5.330000000000000000e+02
3.600000000000000000e+01 5.300000000000000000e+02
3.600000000000000000e+01 5.340000000000000000e+02
3.700000000000000000e+01 5.310000000000000000e+02
3.600000000000000000e+01 5.320000000000000000e+02
3.700000000000000000e+01 5.340000000000000000e+02
3.700000000000000000e+01 5.320000000000000000e+02
3.700000000000000000e+01 5.340000000000000000e+02
3.800000000000000000e+01 5.310000000000000000e+02
3.800000000000000000e+01 5.320000000000000000e+02
3.700000000000000000e+01 5.340000000000000000e+02
3.700000000000000000e+01 5.320000000000000000e+02
3.700000000000000000e+01 5.350000000000000000e+02
3.900000000000000000e+01 5.330000000000000000e+02
3.700000000000000000e+01 5.340000000000000000e+02
3.700000000000000000e+01 5.360000000000000000e+02
3.700000000000000000e+01 5.330000000000000000e+02
3.700000000000000000e+01 5.350000000000000000e+02
3.800000000000000000e+01 5.320000000000000000e+02
3.700000000000000000e+01 5.330000000000000000e+02
3.900000000000000000e+01 5.340000000000000000e+02
4.000000000000000000e+01 5.300000000000000000e+02
4.000000000000000000e+01 5.320000000000000000e+02
4.300000000000000000e+01 5.310000000000000000e+02
4.000000000000000000e+01 5.300000000000000000e+02
4.100000000000000000e+01 5.320000000000000000e+02
4.000000000000000000e+01 5.310000000000000000e+02
4.000000000000000000e+01 5.330000000000000000e+02
4.200000000000000000e+01 5.320000000000000000e+02
3.900000000000000000e+01 5.330000000000000000e+02
4.000000000000000000e+01 5.350000000000000000e+02
4.200000000000000000e+01 5.330000000000000000e+02
4.000000000000000000e+01 5.340000000000000000e+02
4.200000000000000000e+01 5.320000000000000000e+02
4.000000000000000000e+01 5.310000000000000000e+02
4.000000000000000000e+01 5.320000000000000000e+02
4.200000000000000000e+01 5.320000000000000000e+02
4.000000000000000000e+01 5.340000000000000000e+02
4.200000000000000000e+01 5.330000000000000000e+02
4.100000000000000000e+01 5.330000000000000000e+02
4.200000000000000000e+01 5.340000000000000000e+02
4.200000000000000000e+01 5.330000000000000000e+02
4.100000000000000000e+01 5.330000000000000000e+02
4.300000000000000000e+01 5.320000000000000000e+02
4.100000000000000000e+01 5.320000000000000000e+02
4.300000000000000000e+01 5.320000000000000000e+02
4.300000000000000000e+01 5.330000000000000000e+02
4.300000000000000000e+01 5.320000000000000000e+02
4.600000000000000000e+01 5.330000000000000000e+02
4.400000000000000000e+01 5.330000000000000000e+02
4.600000000000000000e+01 5.350000000000000000e+02
4.700000000000000000e+01 5.340000000000000000e+02
4.600000000000000000e+01 5.340000000000000000e+02
4.700000000000000000e+01 5.350000000000000000e+02
4.500000000000000000e+01 5.330000000000000000e+02
4.600000000000000000e+01 5.330000000000000000e+02
4.400000000000000000e+01 5.330000000000000000e+02
4.500000000000000000e+01 5.320000000000000000e+02
4.600000000000000000e+01 5.320000000000000000e+02
4.500000000000000000e+01 5.320000000000000000e+02
4.700000000000000000e+01 5.310000000000000000e+02
4.700000000000000000e+01 5.310000000000000000e+02
4.500000000000000000e+01 5.300000000000000000e+02
4.500000000000000000e+01 5.300000000000000000e+02
4.500000000000000000e+01 5.320000000000000000e+02
4.400000000000000000e+01 5.320000000000000000e+02
4.400000000000000000e+01 5.320000000000000000e+02
4.200000000000000000e+01 5.310000000000000000e+02
4.200000000000000000e+01 5.330000000000000000e+02
4.200000000000000000e+01 5.330000000000000000e+02
4.100000000000000000e+01 5.310000000000000000e+02
4.200000000000000000e+01 5.330000000000000000e+02
