# frames 101, center=[28, 484], duration=[0, 100], video=videos browniano 1/Browniano_0
2.800000000000000000e+01 4.840000000000000000e+02
2.800000000000000000e+01 4.840000000000000000e+02
2.800000000000000000e+01 4.840000000000000000e+02
2.800000000000000000e+01 4.840000000000000000e+02
2.600000000000000000e+01 4.830000000000000000e+02
2.600000000000000000e+01 4.840000000000000000e+02
2.700000000000000000e+01 4.840000000000000000e+02
2.800000000000000000e+01 4.830000000000000000e+02
2.800000000000000000e+01 4.850000000000000000e+02
2.500000000000000000e+01 4.840000000000000000e+02
2.700000000000000000e+01 4.840000000000000000e+02
2.800000000000000000e+01 4.840000000000000000e+02
2.800000000000000000e+01 4.830000000000000000e+02
2.900000000000000000e+01 4.840000000000000000e+02
2.900000000000000000e+01 4.830000000000000000e+02
3.100000000000000000e+01 4.820000000000000000e+02
3.100000000000000000e+01 4.840000000000000000e+02
3.200000000000000000e+01 4.820000000000000000e+02
3.200000000000000000e+01 4.830000000000000000e+02
3.100000000000000000e+01 4.830000000000000000e+02
3.200000000000000000e+01 4.820000000000000000e+02
3.300000000000000000e+01 4.830000000000000000e+02
3.100000000000000000e+01 4.830000000000000000e+02
3.200000000000000000e+01 4.830000000000000000e+02
3.300000000000000000e+01 4.860000000000000000e+02
3.300000000000000000e+01 4.830000000000000000e+02
3.500000000000000000e+01 4.840000000000000000e+02
3.400000000000000000e+01 4.820000000000000000e+02
3.500000000000000000e+01 4.830000000000000000e+02
3.600000000000000000e+01 4.840000000000000000e+02
3.400000000000000000e+01 4.820000000000000000e+02
3.500000000000000000e+01 4.840000000000000000e+02
3.600000000000000000e+01 4.810000000000000000e+02
3.400000000000000000e+01 4.810000000000000000e+02
3.200000000000000000e+01 4.820000000000000000e+02
3.000000000000000000e+01 4.840000000000000000e+02
3.300000000000000000e+01 4.830000000000000000e+02
3.500000000000000000e+01 4.820000000000000000e+02
3.400000000000000000e+01 4.800000000000000000e+02
3.400000000000000000e+01 4.820000000000000000e+02
3.300000000000000000e+01 4.810000000000000000e+02
3.300000000000000000e+01 4.810000000000000000e+02
3.300000000000000000e+01 4.810000000000000000e+02
3.300000000000000000e+01 4.810000000000000000e+02
3.300000000000000000e+01 4.820000000000000000e+02
3.100000000000000000e+01 4.820000000000000000e+02
3.200000000000000000e+01 4.830000000000000000e+02
3.400000000000000000e+01 4.830000000000000000e+02
3.200000000000000000e+01 4.810000000000000000e+02
3.200000000000000000e+01 4.830000000000000000e+02
3.100000000000000000e+01 4.830000000000000000e+02
3.200000000000000000e+01 4.840000000000000000e+02
3.100000000000000000e+01 4.850000000000000000e+02
3.100000000000000000e+01 4.820000000000000000e+02
3.100000000000000000e+01 4.850000000000000000e+02
3.000000000000000000e+01 4.850000000000000000e+02
3.100000000000000000e+01 4.850000000000000000e+02
3.200000000000000000e+01 4.860000000000000000e+02
3.200000000000000000e+01 4.840000000000000000e+02
3.200000000000000000e+01 4.850000000000000000e+02
3.000000000000000000e+01 4.860000000000000000e+02
3.100000000000000000e+01 4.850000000000000000e+02
3.100000000000000000e+01 4.860000000000000000e+02
3.000000000000000000e+01 4.840000000000000000e+02
3.000000000000000000e+01 4.860000000000000000e+02
3.200000000000000000e+01 4.870000000000000000e+02
3.200000000000000000e+01 4.870000000000000000e+02
3.300000000000000000e+01 4.890000000000000000e+02
3.200000000000000000e+01 4.870000000000000000e+02
3.400000000000000000e+01 4.900000000000000000e+02
3.400000000000000000e+01 4.900000000000000000e+02
3.400000000000000000e+01 4.890000000000000000e+02
3.600000000000000000e+01 4.920000000000000000e+02
3.500000000000000000e+01 4.900000000000000000e+02
3.600000000000000000e+01 4.900000000000000000e+02
3.600000000000000000e+01 4.900000000000000000e+02
3.400000000000000000e+01 4.880000000000000000e+02
3.700000000000000000e+01 4.900000000000000000e+02
3.600000000000000000e+01 4.890000000000000000e+02
3.600000000000000000e+01 4.890000000000000000e+02
3.600000000000000000e+01 4.900000000000000000e+02
3.500000000000000000e+01 4.860000000000000000e+02
3.700000000000000000e+01 4.890000000000000000e+02
3.500000000000000000e+01 4.900000000000000000e+02
3.700000000000000000e+01 4.890000000000000000e+02
3.700000000000000000e+01 4.890000000000000000e+02
3.700000000000000000e+01 4.890000000000000000e+02
3.600000000000000000e+01 4.920000000000000000e+02
3.500000000000000000e+01 4.920000000000000000e+02
3.400000000000000000e+01 4.900000000000000000e+02
3.700000000000000000e+01 4.930000000000000000e+02
3.500000000000000000e+01 4.920000000000000000e+02
3.500000000000000000e+01 4.950000000000000000e+02
3.500000000000000000e+01 4.970000000000000000e+02
3.500000000000000000e+01 4.950000000000000000e+02
3.700000000000000000e+01 4.960000000000000000e+02
3.600000000000000000e+01 4.950000000000000000e+02
3.500000000000000000e+01 4.960000000000000000e+02
3.400000000000000000e+01 4.980000000000000000e+02
3.500000000000000000e+01 4.960000000000000000e+02
3.500000000000000000e+01 4.950000000000000000e+02
