# frames 101, center=[41, 514], duration=[300, 400], video=videos browniano 1/Browniano_0
4.100000000000000000e+01 5.140000000000000000e+02
4.100000000000000000e+01 5.140000000000000000e+02
4.100000000000000000e+01 5.140000000000000000e+02
4.300000000000000000e+01 5.170000000000000000e+02
4.200000000000000000e+01 5.150000000000000000e+02
4.300000000000000000e+01 5.160000000000000000e+02
4.600000000000000000e+01 5.170000000000000000e+02
4.300000000000000000e+01 5.150000000000000000e+02
4.300000000000000000e+01 5.160000000000000000e+02
4.300000000000000000e+01 5.170000000000000000e+02
4.300000000000000000e+01 5.160000000000000000e+02
4.400000000000000000e+01 5.180000000000000000e+02
4.400000000000000000e+01 5.150000000000000000e+02
4.500000000000000000e+01 5.180000000000000000e+02
4.400000000000000000e+01 5.150000000000000000e+02
4.400000000000000000e+01 5.170000000000000000e+02
4.300000000000000000e+01 5.160000000000000000e+02
4.400000000000000000e+01 5.170000000000000000e+02
4.400000000000000000e+01 5.200000000000000000e+02
4.300000000000000000e+01 5.170000000000000000e+02
4.400000000000000000e+01 5.190000000000000000e+02
4.400000000000000000e+01 5.200000000000000000e+02
4.400000000000000000e+01 5.200000000000000000e+02
4.500000000000000000e+01 5.210000000000000000e+02
4.500000000000000000e+01 5.200000000000000000e+02
4.400000000000000000e+01 5.190000000000000000e+02
4.400000000000000000e+01 5.180000000000000000e+02
4.400000000000000000e+01 5.180000000000000000e+02
4.400000000000000000e+01 5.180000000000000000e+02
4.400000000000000000e+01 5.180000000000000000e+02
4.400000000000000000e+01 5.190000000000000000e+02
4.300000000000000000e+01 5.190000000000000000e+02
4.300000000000000000e+01 5.180000000000000000e+02
4.400000000000000000e+01 5.190000000000000000e+02
4.400000000000000000e+01 5.170000000000000000e+02
4.500000000000000000e+01 5.180000000000000000e+02
4.400000000000000000e+01 5.180000000000000000e+02
4.400000000000000000e+01 5.190000000000000000e+02
4.600000000000000000e+01 5.200000000000000000e+02
4.400000000000000000e+01 5.180000000000000000e+02
4.600000000000000000e+01 5.180000000000000000e+02
4.500000000000000000e+01 5.200000000000000000e+02
4.500000000000000000e+01 5.180000000000000000e+02
4.500000000000000000e+01 5.180000000000000000e+02
4.500000000000000000e+01 5.170000000000000000e+02
4.600000000000000000e+01 5.190000000000000000e+02
4.700000000000000000e+01 5.200000000000000000e+02
4.600000000000000000e+01 5.180000000000000000e+02
4.700000000000000000e+01 5.200000000000000000e+02
4.700000000000000000e+01 5.180000000000000000e+02
4.700000000000000000e+01 5.180000000000000000e+02
4.700000000000000000e+01 5.200000000000000000e+02
4.500000000000000000e+01 5.190000000000000000e+02
4.600000000000000000e+01 5.210000000000000000e+02
4.600000000000000000e+01 5.230000000000000000e+02
4.700000000000000000e+01 5.230000000000000000e+02
4.600000000000000000e+01 5.230000000000000000e+02
4.500000000000000000e+01 5.210000000000000000e+02
4.600000000000000000e+01 5.220000000000000000e+02
4.500000000000000000e+01 5.220000000000000000e+02
4.600000000000000000e+01 5.210000000000000000e+02
4.500000000000000000e+01 5.200000000000000000e+02
4.500000000000000000e+01 5.210000000000000000e+02
4.500000000000000000e+01 5.210000000000000000e+02
4.400000000000000000e+01 5.210000000000000000e+02
4.500000000000000000e+01 5.220000000000000000e+02
4.400000000000000000e+01 5.210000000000000000e+02
4.400000000000000000e+01 5.220000000000000000e+02
4.500000000000000000e+01 5.220000000000000000e+02
4.300000000000000000e+01 5.200000000000000000e+02
4.500000000000000000e+01 5.230000000000000000e+02
4.300000000000000000e+01 5.220000000000000000e+02
4.300000000000000000e+01 5.210000000000000000e+02
4.200000000000000000e+01 5.220000000000000000e+02
4.100000000000000000e+01 5.200000000000000000e+02
4.100000000000000000e+01 5.210000000000000000e+02
4.100000000000000000e+01 5.200000000000000000e+02
4.100000000000000000e+01 5.190000000000000000e+02
4.200000000000000000e+01 5.210000000000000000e+02
4.200000000000000000e+01 5.190000000000000000e+02
4.000000000000000000e+01 5.200000000000000000e+02
3.800000000000000000e+01 5.200000000000000000e+02
3.800000000000000000e+01 5.190000000000000000e+02
3.900000000000000000e+01 5.190000000000000000e+02
3.700000000000000000e+01 5.180000000000000000e+02
3.700000000000000000e+01 5.170000000000000000e+02
3.600000000000000000e+01 5.180000000000000000e+02
3.600000000000000000e+01 5.180000000000000000e+02
3.700000000000000000e+01 5.180000000000000000e+02
3.600000000000000000e+01 5.190000000000000000e+02
3.600000000000000000e+01 5.200000000000000000e+02
3.600000000000000000e+01 5.210000000000000000e+02
3.600000000000000000e+01 5.200000000000000000e+02
3.700000000000000000e+01 5.210000000000000000e+02
3.900000000000000000e+01 5.200000000000000000e+02
4.000000000000000000e+01 5.210000000000000000e+02
4.000000000000000000e+01 5.210000000000000000e+02
4.000000000000000000e+01 5.230000000000000000e+02
4.000000000000000000e+01 5.250000000000000000e+02
3.900000000000000000e+01 5.240000000000000000e+02
3.900000000000000000e+01 5.250000000000000000e+02
