# frames 101, center=[33, 494], duration=[100, 200], video=videos browniano 1/Browniano_0
3.300000000000000000e+01 4.940000000000000000e+02
3.300000000000000000e+01 4.940000000000000000e+02
3.300000000000000000e+01 4.940000000000000000e+02
3.300000000000000000e+01 4.960000000000000000e+02
3.200000000000000000e+01 4.950000000000000000e+02
3.200000000000000000e+01 4.970000000000000000e+02
3.000000000000000000e+01 4.980000000000000000e+02
3.100000000000000000e+01 4.970000000000000000e+02
3.300000000000000000e+01 4.970000000000000000e+02
3.300000000000000000e+01 4.940000000000000000e+02
3.500000000000000000e+01 4.950000000000000000e+02
3.400000000000000000e+01 4.970000000000000000e+02
3.300000000000000000e+01 4.970000000000000000e+02
3.200000000000000000e+01 4.970000000000000000e+02
3.200000000000000000e+01 4.960000000000000000e+02
3.200000000000000000e+01 4.970000000000000000e+02
3.300000000000000000e+01 4.970000000000000000e+02
3.200000000000000000e+01 4.960000000000000000e+02
3.300000000000000000e+01 4.980000000000000000e+02
3.200000000000000000e+01 4.960000000000000000e+02
3.300000000000000000e+01 4.950000000000000000e+02
3.200000000000000000e+01 4.960000000000000000e+02
3.100000000000000000e+01 4.970000000000000000e+02
3.200000000000000000e+01 4.980000000000000000e+02
3.300000000000000000e+01 4.970000000000000000e+02
3.400000000000000000e+01 4.970000000000000000e+02
3.300000000000000000e+01 4.980000000000000000e+02
3.100000000000000000e+01 4.980000000000000000e+02
3.100000000000000000e+01 4.990000000000000000e+02
3.300000000000000000e+01 5.000000000000000000e+02
3.300000000000000000e+01 4.980000000000000000e+02
3.300000000000000000e+01 4.990000000000000000e+02
3.100000000000000000e+01 4.980000000000000000e+02
3.300000000000000000e+01 4.980000000000000000e+02
3.200000000000000000e+01 4.970000000000000000e+02
3.200000000000000000e+01 4.980000000000000000e+02
3.300000000000000000e+01 5.000000000000000000e+02
3.300000000000000000e+01 4.980000000000000000e+02
3.400000000000000000e+01 4.980000000000000000e+02
3.300000000000000000e+01 4.990000000000000000e+02
3.300000000000000000e+01 4.990000000000000000e+02
3.400000000000000000e+01 5.020000000000000000e+02
3.200000000000000000e+01 5.000000000000000000e+02
3.300000000000000000e+01 5.000000000000000000e+02
3.400000000000000000e+01 5.010000000000000000e+02
3.300000000000000000e+01 4.980000000000000000e+02
3.300000000000000000e+01 4.990000000000000000e+02
3.300000000000000000e+01 4.990000000000000000e+02
3.400000000000000000e+01 4.980000000000000000e+02
3.400000000000000000e+01 4.990000000000000000e+02
3.300000000000000000e+01 4.980000000000000000e+02
3.400000000000000000e+01 5.000000000000000000e+02
3.500000000000000000e+01 4.990000000000000000e+02
3.500000000000000000e+01 4.980000000000000000e+02
3.600000000000000000e+01 4.990000000000000000e+02
3.500000000000000000e+01 4.980000000000000000e+02
3.600000000000000000e+01 4.980000000000000000e+02
3.500000000000000000e+01 4.970000000000000000e+02
3.500000000000000000e+01 4.960000000000000000e+02
3.400000000000000000e+01 4.980000000000000000e+02
3.300000000000000000e+01 4.960000000000000000e+02
3.500000000000000000e+01 4.970000000000000000e+02
3.400000000000000000e+01 4.970000000000000000e+02
3.300000000000000000e+01 4.970000000000000000e+02
3.400000000000000000e+01 4.980000000000000000e+02
3.200000000000000000e+01 4.960000000000000000e+02
3.300000000000000000e+01 4.960000000000000000e+02
3.200000000000000000e+01 4.970000000000000000e+02
3.200000000000000000e+01 4.960000000000000000e+02
3.400000000000000000e+01 4.970000000000000000e+02
3.300000000000000000e+01 4.960000000000000000e+02
3.400000000000000000e+01 4.970000000000000000e+02
3.300000000000000000e+01 4.950000000000000000e+02
3.300000000000000000e+01 4.940000000000000000e+02
3.400000000000000000e+01 4.960000000000000000e+02
3.400000000000000000e+01 4.960000000000000000e+02
3.500000000000000000e+01 4.970000000000000000e+02
3.400000000000000000e+01 4.970000000000000000e+02
3.400000000000000000e+01 4.970000000000000000e+02
3.500000000000000000e+01 4.980000000000000000e+02
3.400000000000000000e+01 4.980000000000000000e+02
3.500000000000000000e+01 4.980000000000000000e+02
3.600000000000000000e+01 5.000000000000000000e+02
3.400000000000000000e+01 4.980000000000000000e+02
3.500000000000000000e+01 5.000000000000000000e+02
3.500000000000000000e+01 4.990000000000000000e+02
3.400000000000000000e+01 4.980000000000000000e+02
3.500000000000000000e+01 4.990000000000000000e+02
3.400000000000000000e+01 4.980000000000000000e+02
3.500000000000000000e+01 4.970000000000000000e+02
3.300000000000000000e+01 4.990000000000000000e+02
3.200000000000000000e+01 4.990000000000000000e+02
3.400000000000000000e+01 5.010000000000000000e+02
3.200000000000000000e+01 4.990000000000000000e+02
3.300000000000000000e+01 4.990000000000000000e+02
3.300000000000000000e+01 5.000000000000000000e+02
3.100000000000000000e+01 4.980000000000000000e+02
3.400000000000000000e+01 4.990000000000000000e+02
3.300000000000000000e+01 4.970000000000000000e+02
3.400000000000000000e+01 4.980000000000000000e+02
3.400000000000000000e+01 5.000000000000000000e+02
