# frames 101, center=[37, 500], duration=[200, 300], video=videos browniano 1/Browniano_0
3.700000000000000000e+01 5.000000000000000000e+02
3.700000000000000000e+01 5.000000000000000000e+02
3.700000000000000000e+01 5.000000000000000000e+02
3.500000000000000000e+01 4.970000000000000000e+02
3.500000000000000000e+01 4.970000000000000000e+02
3.500000000000000000e+01 4.980000000000000000e+02
3.400000000000000000e+01 4.960000000000000000e+02
3.700000000000000000e+01 4.970000000000000000e+02
3.700000000000000000e+01 4.970000000000000000e+02
3.700000000000000000e+01 4.960000000000000000e+02
3.800000000000000000e+01 4.970000000000000000e+02
3.700000000000000000e+01 4.950000000000000000e+02
3.700000000000000000e+01 4.950000000000000000e+02
3.500000000000000000e+01 4.950000000000000000e+02
3.700000000000000000e+01 4.960000000000000000e+02
3.700000000000000000e+01 4.970000000000000000e+02
3.600000000000000000e+01 4.950000000000000000e+02
3.700000000000000000e+01 4.950000000000000000e+02
3.700000000000000000e+01 4.950000000000000000e+02
3.500000000000000000e+01 4.950000000000000000e+02
3.800000000000000000e+01 4.940000000000000000e+02
3.700000000000000000e+01 4.940000000000000000e+02
3.600000000000000000e+01 4.960000000000000000e+02
3.700000000000000000e+01 4.960000000000000000e+02
3.600000000000000000e+01 4.950000000000000000e+02
3.700000000000000000e+01 4.970000000000000000e+02
3.500000000000000000e+01 4.960000000000000000e+02
3.500000000000000000e+01 4.970000000000000000e+02
3.400000000000000000e+01 4.950000000000000000e+02
3.500000000000000000e+01 4.970000000000000000e+02
3.400000000000000000e+01 4.960000000000000000e+02
3.600000000000000000e+01 4.960000000000000000e+02
3.600000000000000000e+01 4.980000000000000000e+02
3.400000000000000000e+01 4.950000000000000000e+02
3.500000000000000000e+01 4.970000000000000000e+02
3.500000000000000000e+01 4.970000000000000000e+02
3.400000000000000000e+01 4.980000000000000000e+02
3.300000000000000000e+01 4.990000000000000000e+02
3.300000000000000000e+01 4.990000000000000000e+02
3.400000000000000000e+01 4.990000000000000000e+02
3.300000000000000000e+01 4.990000000000000000e+02
3.300000000000000000e+01 4.980000000000000000e+02
3.300000000000000000e+01 5.000000000000000000e+02
3.100000000000000000e+01 4.990000000000000000e+02
3.000000000000000000e+01 4.980000000000000000e+02
2.800000000000000000e+01 5.010000000000000000e+02
2.900000000000000000e+01 5.000000000000000000e+02
3.000000000000000000e+01 5.020000000000000000e+02
3.000000000000000000e+01 5.000000000000000000e+02
3.000000000000000000e+01 5.000000000000000000e+02
3.100000000000000000e+01 4.980000000000000000e+02
3.100000000000000000e+01 4.980000000000000000e+02
3.400000000000000000e+01 4.990000000000000000e+02
3.200000000000000000e+01 4.960000000000000000e+02
3.400000000000000000e+01 4.980000000000000000e+02
3.200000000000000000e+01 4.990000000000000000e+02
3.100000000000000000e+01 4.980000000000000000e+02
3.300000000000000000e+01 4.980000000000000000e+02
3.100000000000000000e+01 4.990000000000000000e+02
3.300000000000000000e+01 5.000000000000000000e+02
3.300000000000000000e+01 5.030000000000000000e+02
3.300000000000000000e+01 5.010000000000000000e+02
3.400000000000000000e+01 5.010000000000000000e+02
3.400000000000000000e+01 5.020000000000000000e+02
3.400000000000000000e+01 5.010000000000000000e+02
3.500000000000000000e+01 5.040000000000000000e+02
3.200000000000000000e+01 5.020000000000000000e+02
3.400000000000000000e+01 5.040000000000000000e+02
3.300000000000000000e+01 5.050000000000000000e+02
3.400000000000000000e+01 5.020000000000000000e+02
3.400000000000000000e+01 5.040000000000000000e+02
3.400000000000000000e+01 5.030000000000000000e+02
3.600000000000000000e+01 5.040000000000000000e+02
3.500000000000000000e+01 5.050000000000000000e+02
3.400000000000000000e+01 5.040000000000000000e+02
3.500000000000000000e+01 5.060000000000000000e+02
3.500000000000000000e+01 5.050000000000000000e+02
3.600000000000000000e+01 5.060000000000000000e+02
3.700000000000000000e+01 5.070000000000000000e+02
3.500000000000000000e+01 5.050000000000000000e+02
3.600000000000000000e+01 5.070000000000000000e+02
3.600000000000000000e+01 5.080000000000000000e+02
3.700000000000000000e+01 5.080000000000000000e+02
3.800000000000000000e+01 5.090000000000000000e+02
3.800000000000000000e+01 5.080000000000000000e+02
3.900000000000000000e+01 5.100000000000000000e+02
3.800000000000000000e+01 5.110000000000000000e+02
3.800000000000000000e+01 5.100000000000000000e+02
3.800000000000000000e+01 5.120000000000000000e+02
3.700000000000000000e+01 5.120000000000000000e+02
3.900000000000000000e+01 5.130000000000000000e+02
3.900000000000000000e+01 5.130000000000000000e+02
4.000000000000000000e+01 5.120000000000000000e+02
4.000000000000000000e+01 5.140000000000000000e+02
3.800000000000000000e+01 5.140000000000000000e+02
4.000000000000000000e+01 5.130000000000000000e+02
3.900000000000000000e+01 5.120000000000000000e+02
3.800000000000000000e+01 5.120000000000000000e+02
4.000000000000000000e+01 5.130000000000000000e+02
3.800000000000000000e+01 5.110000000000000000e+02
4.100000000000000000e+01 5.120000000000000000e+02
