# frames 101, center=[274, 519], duration=[0, 100], video=videos browniano 1/Browniano_0
2.740000000000000000e+02 5.190000000000000000e+02
2.740000000000000000e+02 5.190000000000000000e+02
2.740000000000000000e+02 5.190000000000000000e+02
2.760000000000000000e+02 5.220000000000000000e+02
2.750000000000000000e+02 5.220000000000000000e+02
2.760000000000000000e+02 5.220000000000000000e+02
2.750000000000000000e+02 5.220000000000000000e+02
2.750000000000000000e+02 5.190000000000000000e+02
2.770000000000000000e+02 5.210000000000000000e+02
2.750000000000000000e+02 5.210000000000000000e+02
2.750000000000000000e+02 5.210000000000000000e+02
2.760000000000000000e+02 5.230000000000000000e+02
2.750000000000000000e+02 5.200000000000000000e+02
2.770000000000000000e+02 5.200000000000000000e+02
2.770000000000000000e+02 5.210000000000000000e+02
2.780000000000000000e+02 5.200000000000000000e+02
2.780000000000000000e+02 5.210000000000000000e+02
2.750000000000000000e+02 5.200000000000000000e+02
2.750000000000000000e+02 5.220000000000000000e+02
2.740000000000000000e+02 5.210000000000000000e+02
2.740000000000000000e+02 5.190000000000000000e+02
2.750000000000000000e+02 5.220000000000000000e+02
2.720000000000000000e+02 5.210000000000000000e+02
2.740000000000000000e+02 5.210000000000000000e+02
2.750000000000000000e+02 5.220000000000000000e+02
2.750000000000000000e+02 5.200000000000000000e+02
2.780000000000000000e+02 5.200000000000000000e+02
2.760000000000000000e+02 5.200000000000000000e+02
2.770000000000000000e+02 5.190000000000000000e+02
2.780000000000000000e+02 5.200000000000000000e+02
2.780000000000000000e+02 5.180000000000000000e+02
2.790000000000000000e+02 5.170000000000000000e+02
2.790000000000000000e+02 5.170000000000000000e+02
2.780000000000000000e+02 5.170000000000000000e+02
2.780000000000000000e+02 5.190000000000000000e+02
2.750000000000000000e+02 5.200000000000000000e+02
2.780000000000000000e+02 5.200000000000000000e+02
2.800000000000000000e+02 5.190000000000000000e+02
2.800000000000000000e+02 5.180000000000000000e+02
2.810000000000000000e+02 5.210000000000000000e+02
2.790000000000000000e+02 5.210000000000000000e+02
2.820000000000000000e+02 5.210000000000000000e+02
2.820000000000000000e+02 5.230000000000000000e+02
2.810000000000000000e+02 5.210000000000000000e+02
2.830000000000000000e+02 5.220000000000000000e+02
2.800000000000000000e+02 5.210000000000000000e+02
2.810000000000000000e+02 5.230000000000000000e+02
2.840000000000000000e+02 5.220000000000000000e+02
2.820000000000000000e+02 5.200000000000000000e+02
2.830000000000000000e+02 5.210000000000000000e+02
2.820000000000000000e+02 5.210000000000000000e+02
2.840000000000000000e+02 5.200000000000000000e+02
2.840000000000000000e+02 5.190000000000000000e+02
2.850000000000000000e+02 5.170000000000000000e+02
2.830000000000000000e+02 5.180000000000000000e+02
2.820000000000000000e+02 5.180000000000000000e+02
2.820000000000000000e+02 5.170000000000000000e+02
2.840000000000000000e+02 5.190000000000000000e+02
2.830000000000000000e+02 5.170000000000000000e+02
2.830000000000000000e+02 5.180000000000000000e+02
2.820000000000000000e+02 5.180000000000000000e+02
2.820000000000000000e+02 5.170000000000000000e+02
2.820000000000000000e+02 5.180000000000000000e+02
2.820000000000000000e+02 5.180000000000000000e+02
2.820000000000000000e+02 5.190000000000000000e+02
2.820000000000000000e+02 5.190000000000000000e+02
2.820000000000000000e+02 5.190000000000000000e+02
2.820000000000000000e+02 5.210000000000000000e+02
2.800000000000000000e+02 5.210000000000000000e+02
2.800000000000000000e+02 5.220000000000000000e+02
2.810000000000000000e+02 5.230000000000000000e+02
2.820000000000000000e+02 5.220000000000000000e+02
2.840000000000000000e+02 5.230000000000000000e+02
2.840000000000000000e+02 5.240000000000000000e+02
2.850000000000000000e+02 5.230000000000000000e+02
2.850000000000000000e+02 5.270000000000000000e+02
2.850000000000000000e+02 5.250000000000000000e+02
2.870000000000000000e+02 5.240000000000000000e+02
2.870000000000000000e+02 5.240000000000000000e+02
2.860000000000000000e+02 5.240000000000000000e+02
2.870000000000000000e+02 5.270000000000000000e+02
2.870000000000000000e+02 5.230000000000000000e+02
2.890000000000000000e+02 5.260000000000000000e+02
2.880000000000000000e+02 5.260000000000000000e+02
2.890000000000000000e+02 5.240000000000000000e+02
2.880000000000000000e+02 5.260000000000000000e+02
2.870000000000000000e+02 5.250000000000000000e+02
2.870000000000000000e+02 5.250000000000000000e+02
2.870000000000000000e+02 5.280000000000000000e+02
2.860000000000000000e+02 5.260000000000000000e+02
2.880000000000000000e+02 5.280000000000000000e+02
2.860000000000000000e+02 5.260000000000000000e+02
2.860000000000000000e+02 5.270000000000000000e+02
2.850000000000000000e+02 5.290000000000000000e+02
2.840000000000000000e+02 5.260000000000000000e+02
2.880000000000000000e+02 5.290000000000000000e+02
2.850000000000000000e+02 5.280000000000000000e+02
2.840000000000000000e+02 5.290000000000000000e+02
2.840000000000000000e+02 5.320000000000000000e+02
2.840000000000000000e+02 5.300000000000000000e+02
2.850000000000000000e+02 5.280000000000000000e+02
