# frames 101, center=[286, 529], duration=[100, 200], video=videos browniano 1/Browniano_0
2.860000000000000000e+02 5.290000000000000000e+02
2.860000000000000000e+02 5.290000000000000000e+02
2.860000000000000000e+02 5.290000000000000000e+02
2.880000000000000000e+02 5.310000000000000000e+02
2.850000000000000000e+02 5.290000000000000000e+02
2.860000000000000000e+02 5.290000000000000000e+02
2.870000000000000000e+02 5.310000000000000000e+02
2.870000000000000000e+02 5.300000000000000000e+02
2.880000000000000000e+02 5.310000000000000000e+02
2.870000000000000000e+02 5.300000000000000000e+02
2.870000000000000000e+02 5.290000000000000000e+02
2.860000000000000000e+02 5.310000000000000000e+02
2.850000000000000000e+02 5.300000000000000000e+02
2.860000000000000000e+02 5.310000000000000000e+02
2.840000000000000000e+02 5.300000000000000000e+02
2.850000000000000000e+02 5.300000000000000000e+02
2.850000000000000000e+02 5.310000000000000000e+02
2.830000000000000000e+02 5.290000000000000000e+02
2.840000000000000000e+02 5.300000000000000000e+02
2.830000000000000000e+02 5.290000000000000000e+02
2.840000000000000000e+02 5.280000000000000000e+02
2.830000000000000000e+02 5.290000000000000000e+02
2.830000000000000000e+02 5.300000000000000000e+02
2.830000000000000000e+02 5.330000000000000000e+02
2.830000000000000000e+02 5.320000000000000000e+02
2.820000000000000000e+02 5.310000000000000000e+02
2.830000000000000000e+02 5.310000000000000000e+02
2.830000000000000000e+02 5.290000000000000000e+02
2.840000000000000000e+02 5.300000000000000000e+02
2.860000000000000000e+02 5.320000000000000000e+02
2.860000000000000000e+02 5.310000000000000000e+02
2.860000000000000000e+02 5.320000000000000000e+02
2.860000000000000000e+02 5.320000000000000000e+02
2.870000000000000000e+02 5.330000000000000000e+02
2.860000000000000000e+02 5.340000000000000000e+02
2.850000000000000000e+02 5.330000000000000000e+02
2.850000000000000000e+02 5.360000000000000000e+02
2.860000000000000000e+02 5.340000000000000000e+02
2.860000000000000000e+02 5.330000000000000000e+02
2.860000000000000000e+02 5.340000000000000000e+02
2.860000000000000000e+02 5.330000000000000000e+02
2.880000000000000000e+02 5.350000000000000000e+02
2.870000000000000000e+02 5.340000000000000000e+02
2.860000000000000000e+02 5.340000000000000000e+02
2.860000000000000000e+02 5.370000000000000000e+02
2.850000000000000000e+02 5.330000000000000000e+02
2.860000000000000000e+02 5.350000000000000000e+02
2.850000000000000000e+02 5.360000000000000000e+02
2.860000000000000000e+02 5.350000000000000000e+02
2.860000000000000000e+02 5.350000000000000000e+02
2.860000000000000000e+02 5.330000000000000000e+02
2.870000000000000000e+02 5.350000000000000000e+02
2.870000000000000000e+02 5.350000000000000000e+02
2.860000000000000000e+02 5.330000000000000000e+02
2.880000000000000000e+02 5.350000000000000000e+02
2.870000000000000000e+02 5.340000000000000000e+02
2.870000000000000000e+02 5.350000000000000000e+02
2.860000000000000000e+02 5.350000000000000000e+02
2.870000000000000000e+02 5.330000000000000000e+02
2.860000000000000000e+02 5.360000000000000000e+02
2.850000000000000000e+02 5.340000000000000000e+02
2.860000000000000000e+02 5.350000000000000000e+02
2.860000000000000000e+02 5.350000000000000000e+02
2.850000000000000000e+02 5.330000000000000000e+02
2.860000000000000000e+02 5.340000000000000000e+02
2.840000000000000000e+02 5.320000000000000000e+02
2.840000000000000000e+02 5.330000000000000000e+02
2.840000000000000000e+02 5.350000000000000000e+02
2.810000000000000000e+02 5.340000000000000000e+02
2.830000000000000000e+02 5.340000000000000000e+02
2.830000000000000000e+02 5.320000000000000000e+02
2.840000000000000000e+02 5.330000000000000000e+02
2.850000000000000000e+02 5.340000000000000000e+02
2.850000000000000000e+02 5.330000000000000000e+02
2.850000000000000000e+02 5.350000000000000000e+02
2.850000000000000000e+02 5.350000000000000000e+02
2.850000000000000000e+02 5.340000000000000000e+02
2.860000000000000000e+02 5.360000000000000000e+02
2.850000000000000000e+02 5.350000000000000000e+02
2.850000000000000000e+02 5.350000000000000000e+02
2.850000000000000000e+02 5.360000000000000000e+02
2.850000000000000000e+02 5.350000000000000000e+02
2.860000000000000000e+02 5.370000000000000000e+02
2.850000000000000000e+02 5.360000000000000000e+02
2.860000000000000000e+02 5.370000000000000000e+02
2.860000000000000000e+02 5.370000000000000000e+02
2.860000000000000000e+02 5.350000000000000000e+02
2.870000000000000000e+02 5.360000000000000000e+02
2.850000000000000000e+02 5.360000000000000000e+02
2.860000000000000000e+02 5.350000000000000000e+02
2.850000000000000000e+02 5.360000000000000000e+02
2.830000000000000000e+02 5.370000000000000000e+02
2.840000000000000000e+02 5.360000000000000000e+02
2.830000000000000000e+02 5.340000000000000000e+02
2.840000000000000000e+02 5.350000000000000000e+02
2.840000000000000000e+02 5.360000000000000000e+02
2.840000000000000000e+02 5.350000000000000000e+02
2.850000000000000000e+02 5.360000000000000000e+02
2.830000000000000000e+02 5.360000000000000000e+02
2.840000000000000000e+02 5.360000000000000000e+02
2.840000000000000000e+02 5.370000000000000000e+02
