# frames 101, center=[599, 85], duration=[400, 500], video=videos browniano 1/Browniano_0
5.990000000000000000e+02 8.500000000000000000e+01
5.990000000000000000e+02 8.500000000000000000e+01
5.990000000000000000e+02 8.500000000000000000e+01
5.990000000000000000e+02 8.300000000000000000e+01
5.980000000000000000e+02 8.600000000000000000e+01
5.990000000000000000e+02 8.400000000000000000e+01
5.990000000000000000e+02 8.500000000000000000e+01
6.010000000000000000e+02 8.400000000000000000e+01
5.990000000000000000e+02 8.000000000000000000e+01
5.990000000000000000e+02 8.200000000000000000e+01
5.980000000000000000e+02 8.200000000000000000e+01
6.010000000000000000e+02 8.300000000000000000e+01
6.000000000000000000e+02 8.200000000000000000e+01
5.990000000000000000e+02 8.200000000000000000e+01
6.000000000000000000e+02 8.200000000000000000e+01
6.010000000000000000e+02 8.200000000000000000e+01
6.010000000000000000e+02 8.100000000000000000e+01
6.000000000000000000e+02 8.100000000000000000e+01
6.020000000000000000e+02 7.900000000000000000e+01
6.030000000000000000e+02 8.000000000000000000e+01
6.020000000000000000e+02 8.100000000000000000e+01
6.010000000000000000e+02 8.200000000000000000e+01
6.000000000000000000e+02 8.100000000000000000e+01
5.990000000000000000e+02 8.300000000000000000e+01
6.010000000000000000e+02 8.100000000000000000e+01
5.970000000000000000e+02 8.300000000000000000e+01
6.010000000000000000e+02 8.000000000000000000e+01
6.000000000000000000e+02 8.200000000000000000e+01
5.980000000000000000e+02 7.900000000000000000e+01
5.990000000000000000e+02 7.900000000000000000e+01
6.000000000000000000e+02 8.100000000000000000e+01
6.010000000000000000e+02 7.900000000000000000e+01
6.030000000000000000e+02 8.000000000000000000e+01
6.010000000000000000e+02 7.900000000000000000e+01
6.020000000000000000e+02 7.800000000000000000e+01
6.010000000000000000e+02 7.900000000000000000e+01
6.020000000000000000e+02 7.700000000000000000e+01
6.010000000000000000e+02 8.000000000000000000e+01
6.010000000000000000e+02 7.900000000000000000e+01
6.020000000000000000e+02 7.900000000000000000e+01
6.020000000000000000e+02 8.100000000000000000e+01
6.020000000000000000e+02 7.900000000000000000e+01
6.010000000000000000e+02 8.100000000000000000e+01
6.030000000000000000e+02 8.300000000000000000e+01
6.040000000000000000e+02 8.300000000000000000e+01
6.020000000000000000e+02 8.600000000000000000e+01
6.030000000000000000e+02 8.200000000000000000e+01
6.040000000000000000e+02 8.500000000000000000e+01
6.040000000000000000e+02 8.400000000000000000e+01
6.050000000000000000e+02 8.400000000000000000e+01
6.050000000000000000e+02 8.700000000000000000e+01
6.040000000000000000e+02 8.400000000000000000e+01
6.040000000000000000e+02 8.800000000000000000e+01
6.030000000000000000e+02 8.600000000000000000e+01
6.030000000000000000e+02 8.300000000000000000e+01
6.030000000000000000e+02 8.600000000000000000e+01
6.040000000000000000e+02 8.300000000000000000e+01
6.040000000000000000e+02 8.400000000000000000e+01
6.050000000000000000e+02 8.400000000000000000e+01
6.050000000000000000e+02 8.200000000000000000e+01
6.050000000000000000e+02 8.700000000000000000e+01
6.050000000000000000e+02 8.300000000000000000e+01
6.030000000000000000e+02 8.700000000000000000e+01
6.050000000000000000e+02 8.600000000000000000e+01
6.060000000000000000e+02 8.200000000000000000e+01
6.040000000000000000e+02 8.600000000000000000e+01
6.040000000000000000e+02 8.400000000000000000e+01
6.050000000000000000e+02 8.600000000000000000e+01
6.040000000000000000e+02 8.700000000000000000e+01
6.030000000000000000e+02 8.600000000000000000e+01
6.030000000000000000e+02 8.900000000000000000e+01
6.030000000000000000e+02 8.800000000000000000e+01
6.040000000000000000e+02 9.000000000000000000e+01
6.050000000000000000e+02 9.200000000000000000e+01
6.050000000000000000e+02 8.800000000000000000e+01
6.070000000000000000e+02 9.000000000000000000e+01
6.060000000000000000e+02 9.000000000000000000e+01
6.050000000000000000e+02 9.000000000000000000e+01
6.060000000000000000e+02 9.000000000000000000e+01
6.050000000000000000e+02 8.900000000000000000e+01
6.060000000000000000e+02 9.200000000000000000e+01
6.060000000000000000e+02 9.300000000000000000e+01
6.060000000000000000e+02 9.100000000000000000e+01
6.060000000000000000e+02 9.300000000000000000e+01
6.050000000000000000e+02 9.000000000000000000e+01
6.060000000000000000e+02 9.100000000000000000e+01
6.060000000000000000e+02 9.200000000000000000e+01
6.050000000000000000e+02 9.100000000000000000e+01
6.080000000000000000e+02 9.200000000000000000e+01
6.070000000000000000e+02 9.100000000000000000e+01
6.070000000000000000e+02 9.300000000000000000e+01
6.070000000000000000e+02 9.300000000000000000e+01
6.070000000000000000e+02 9.200000000000000000e+01
6.080000000000000000e+02 9.200000000000000000e+01
6.060000000000000000e+02 9.000000000000000000e+01
6.050000000000000000e+02 9.100000000000000000e+01
6.070000000000000000e+02 9.300000000000000000e+01
6.070000000000000000e+02 9.100000000000000000e+01
6.080000000000000000e+02 9.300000000000000000e+01
6.070000000000000000e+02 9.200000000000000000e+01
6.070000000000000000e+02 9.300000000000000000e+01
