# frames 101, center=[601, 66], duration=[300, 400], video=videos browniano 1/Browniano_0
6.010000000000000000e+02 6.600000000000000000e+01
6.010000000000000000e+02 6.600000000000000000e+01
6.010000000000000000e+02 6.600000000000000000e+01
6.020000000000000000e+02 6.500000000000000000e+01
6.030000000000000000e+02 6.600000000000000000e+01
6.020000000000000000e+02 6.600000000000000000e+01
6.030000000000000000e+02 6.700000000000000000e+01
6.020000000000000000e+02 6.900000000000000000e+01
6.010000000000000000e+02 6.700000000000000000e+01
6.020000000000000000e+02 6.800000000000000000e+01
6.020000000000000000e+02 6.700000000000000000e+01
6.030000000000000000e+02 6.600000000000000000e+01
6.020000000000000000e+02 6.500000000000000000e+01
6.030000000000000000e+02 6.600000000000000000e+01
6.010000000000000000e+02 6.700000000000000000e+01
6.010000000000000000e+02 6.600000000000000000e+01
6.000000000000000000e+02 6.900000000000000000e+01
6.000000000000000000e+02 6.900000000000000000e+01
6.010000000000000000e+02 7.100000000000000000e+01
6.010000000000000000e+02 7.100000000000000000e+01
6.000000000000000000e+02 7.000000000000000000e+01
6.010000000000000000e+02 7.200000000000000000e+01
6.000000000000000000e+02 6.900000000000000000e+01
6.000000000000000000e+02 7.000000000000000000e+01
5.990000000000000000e+02 7.300000000000000000e+01
5.990000000000000000e+02 7.300000000000000000e+01
6.000000000000000000e+02 7.400000000000000000e+01
5.990000000000000000e+02 7.200000000000000000e+01
5.980000000000000000e+02 7.300000000000000000e+01
5.970000000000000000e+02 7.500000000000000000e+01
5.970000000000000000e+02 7.500000000000000000e+01
5.990000000000000000e+02 7.500000000000000000e+01
5.960000000000000000e+02 7.600000000000000000e+01
5.970000000000000000e+02 7.600000000000000000e+01
5.950000000000000000e+02 7.800000000000000000e+01
5.930000000000000000e+02 7.800000000000000000e+01
5.940000000000000000e+02 7.800000000000000000e+01
5.950000000000000000e+02 7.900000000000000000e+01
5.930000000000000000e+02 7.800000000000000000e+01
5.920000000000000000e+02 8.000000000000000000e+01
5.920000000000000000e+02 7.900000000000000000e+01
5.950000000000000000e+02 8.000000000000000000e+01
5.940000000000000000e+02 7.800000000000000000e+01
5.940000000000000000e+02 7.600000000000000000e+01
5.960000000000000000e+02 7.700000000000000000e+01
5.950000000000000000e+02 7.600000000000000000e+01
5.970000000000000000e+02 7.700000000000000000e+01
5.970000000000000000e+02 7.900000000000000000e+01
5.970000000000000000e+02 7.800000000000000000e+01
5.990000000000000000e+02 7.900000000000000000e+01
5.960000000000000000e+02 7.700000000000000000e+01
5.970000000000000000e+02 7.900000000000000000e+01
5.970000000000000000e+02 7.900000000000000000e+01
5.960000000000000000e+02 7.800000000000000000e+01
5.970000000000000000e+02 8.000000000000000000e+01
5.960000000000000000e+02 7.900000000000000000e+01
5.960000000000000000e+02 7.900000000000000000e+01
5.970000000000000000e+02 8.100000000000000000e+01
5.970000000000000000e+02 8.000000000000000000e+01
5.990000000000000000e+02 8.300000000000000000e+01
5.970000000000000000e+02 8.300000000000000000e+01
5.980000000000000000e+02 8.500000000000000000e+01
5.960000000000000000e+02 8.400000000000000000e+01
5.980000000000000000e+02 8.600000000000000000e+01
5.970000000000000000e+02 8.400000000000000000e+01
5.960000000000000000e+02 8.300000000000000000e+01
5.980000000000000000e+02 8.500000000000000000e+01
5.950000000000000000e+02 8.400000000000000000e+01
5.970000000000000000e+02 8.600000000000000000e+01
5.970000000000000000e+02 8.400000000000000000e+01
5.960000000000000000e+02 8.400000000000000000e+01
5.970000000000000000e+02 8.600000000000000000e+01
5.960000000000000000e+02 8.600000000000000000e+01
5.970000000000000000e+02 8.600000000000000000e+01
5.950000000000000000e+02 8.700000000000000000e+01
5.940000000000000000e+02 8.800000000000000000e+01
5.940000000000000000e+02 8.800000000000000000e+01
5.910000000000000000e+02 8.700000000000000000e+01
5.930000000000000000e+02 8.900000000000000000e+01
5.930000000000000000e+02 8.800000000000000000e+01
5.930000000000000000e+02 8.700000000000000000e+01
5.950000000000000000e+02 8.800000000000000000e+01
5.920000000000000000e+02 8.800000000000000000e+01
5.930000000000000000e+02 8.800000000000000000e+01
5.930000000000000000e+02 8.800000000000000000e+01
5.920000000000000000e+02 8.600000000000000000e+01
5.940000000000000000e+02 8.700000000000000000e+01
5.960000000000000000e+02 8.500000000000000000e+01
5.970000000000000000e+02 8.400000000000000000e+01
6.000000000000000000e+02 8.600000000000000000e+01
5.990000000000000000e+02 8.400000000000000000e+01
6.000000000000000000e+02 8.500000000000000000e+01
5.980000000000000000e+02 8.400000000000000000e+01
5.960000000000000000e+02 8.400000000000000000e+01
5.970000000000000000e+02 8.600000000000000000e+01
5.960000000000000000e+02 8.300000000000000000e+01
5.960000000000000000e+02 8.400000000000000000e+01
5.970000000000000000e+02 8.300000000000000000e+01
5.970000000000000000e+02 8.300000000000000000e+01
5.990000000000000000e+02 8.300000000000000000e+01
5.970000000000000000e+02 8.300000000000000000e+01
