# frames 101, center=[585, 27], duration=[100, 200], video=videos browniano 1/Browniano_0
5.850000000000000000e+02 2.700000000000000000e+01
5.850000000000000000e+02 2.700000000000000000e+01
5.850000000000000000e+02 2.700000000000000000e+01
5.850000000000000000e+02 2.700000000000000000e+01
5.840000000000000000e+02 2.800000000000000000e+01
5.840000000000000000e+02 2.700000000000000000e+01
5.870000000000000000e+02 2.800000000000000000e+01
5.860000000000000000e+02 2.600000000000000000e+01
5.870000000000000000e+02 2.700000000000000000e+01
5.850000000000000000e+02 2.800000000000000000e+01
5.850000000000000000e+02 2.700000000000000000e+01
5.870000000000000000e+02 2.800000000000000000e+01
5.860000000000000000e+02 2.900000000000000000e+01
5.870000000000000000e+02 2.900000000000000000e+01
5.870000000000000000e+02 3.000000000000000000e+01
5.860000000000000000e+02 3.000000000000000000e+01
5.870000000000000000e+02 3.000000000000000000e+01
5.870000000000000000e+02 2.900000000000000000e+01
5.880000000000000000e+02 2.900000000000000000e+01
5.870000000000000000e+02 3.100000000000000000e+01
5.850000000000000000e+02 3.100000000000000000e+01
5.870000000000000000e+02 3.000000000000000000e+01
5.870000000000000000e+02 2.900000000000000000e+01
5.870000000000000000e+02 2.900000000000000000e+01
5.870000000000000000e+02 2.900000000000000000e+01
5.860000000000000000e+02 3.000000000000000000e+01
5.870000000000000000e+02 2.800000000000000000e+01
5.900000000000000000e+02 2.700000000000000000e+01
5.880000000000000000e+02 2.600000000000000000e+01
5.890000000000000000e+02 2.800000000000000000e+01
5.880000000000000000e+02 2.700000000000000000e+01
5.900000000000000000e+02 2.700000000000000000e+01
5.900000000000000000e+02 2.700000000000000000e+01
5.890000000000000000e+02 2.700000000000000000e+01
5.900000000000000000e+02 3.000000000000000000e+01
5.910000000000000000e+02 2.900000000000000000e+01
5.920000000000000000e+02 2.600000000000000000e+01
5.900000000000000000e+02 2.600000000000000000e+01
5.890000000000000000e+02 2.600000000000000000e+01
5.910000000000000000e+02 2.800000000000000000e+01
5.900000000000000000e+02 2.600000000000000000e+01
5.910000000000000000e+02 2.500000000000000000e+01
5.900000000000000000e+02 2.700000000000000000e+01
5.890000000000000000e+02 2.700000000000000000e+01
5.910000000000000000e+02 2.700000000000000000e+01
5.890000000000000000e+02 2.800000000000000000e+01
5.880000000000000000e+02 2.900000000000000000e+01
5.910000000000000000e+02 3.000000000000000000e+01
5.900000000000000000e+02 2.900000000000000000e+01
5.890000000000000000e+02 3.100000000000000000e+01
5.900000000000000000e+02 3.100000000000000000e+01
5.900000000000000000e+02 2.900000000000000000e+01
5.930000000000000000e+02 3.200000000000000000e+01
5.920000000000000000e+02 3.100000000000000000e+01
5.910000000000000000e+02 3.400000000000000000e+01
5.940000000000000000e+02 3.400000000000000000e+01
5.940000000000000000e+02 3.400000000000000000e+01
5.940000000000000000e+02 3.700000000000000000e+01
5.930000000000000000e+02 3.600000000000000000e+01
5.950000000000000000e+02 3.500000000000000000e+01
5.970000000000000000e+02 3.800000000000000000e+01
5.960000000000000000e+02 3.700000000000000000e+01
5.970000000000000000e+02 3.800000000000000000e+01
5.960000000000000000e+02 3.800000000000000000e+01
5.970000000000000000e+02 3.800000000000000000e+01
5.980000000000000000e+02 4.000000000000000000e+01
5.970000000000000000e+02 3.900000000000000000e+01
5.980000000000000000e+02 4.000000000000000000e+01
5.980000000000000000e+02 3.800000000000000000e+01
5.970000000000000000e+02 3.900000000000000000e+01
5.960000000000000000e+02 3.900000000000000000e+01
5.940000000000000000e+02 3.700000000000000000e+01
5.970000000000000000e+02 3.700000000000000000e+01
5.960000000000000000e+02 3.900000000000000000e+01
5.950000000000000000e+02 3.700000000000000000e+01
5.940000000000000000e+02 3.900000000000000000e+01
5.940000000000000000e+02 3.700000000000000000e+01
5.950000000000000000e+02 3.600000000000000000e+01
5.950000000000000000e+02 3.800000000000000000e+01
5.950000000000000000e+02 3.600000000000000000e+01
5.970000000000000000e+02 3.900000000000000000e+01
5.960000000000000000e+02 3.900000000000000000e+01
5.970000000000000000e+02 4.100000000000000000e+01
5.940000000000000000e+02 4.200000000000000000e+01
5.940000000000000000e+02 3.900000000000000000e+01
5.940000000000000000e+02 4.100000000000000000e+01
5.920000000000000000e+02 3.900000000000000000e+01
5.910000000000000000e+02 3.900000000000000000e+01
5.930000000000000000e+02 3.900000000000000000e+01
5.900000000000000000e+02 3.900000000000000000e+01
5.900000000000000000e+02 4.100000000000000000e+01
5.900000000000000000e+02 4.200000000000000000e+01
5.910000000000000000e+02 4.200000000000000000e+01
5.890000000000000000e+02 4.300000000000000000e+01
5.880000000000000000e+02 4.100000000000000000e+01
5.900000000000000000e+02 4.100000000000000000e+01
5.900000000000000000e+02 4.200000000000000000e+01
5.900000000000000000e+02 4.100000000000000000e+01
5.900000000000000000e+02 4.100000000000000000e+01
5.910000000000000000e+02 4.000000000000000000e+01
5.910000000000000000e+02 4.000000000000000000e+01
