# frames 11, center=[591, 20], duration=[0, 100], video=videos browniano 1/Browniano_0
5.910000000000000000e+02 2.000000000000000000e+01
5.910000000000000000e+02 2.000000000000000000e+01
5.910000000000000000e+02 2.000000000000000000e+01
5.910000000000000000e+02 2.000000000000000000e+01
5.920000000000000000e+02 2.000000000000000000e+01
5.910000000000000000e+02 1.700000000000000000e+01
5.900000000000000000e+02 1.400000000000000000e+01
5.890000000000000000e+02 1.100000000000000000e+01
5.880000000000000000e+02 8.000000000000000000e+00
5.870000000000000000e+02 5.000000000000000000e+00
5.860000000000000000e+02 2.000000000000000000e+00
