# frames 101, center=[593, 40], duration=[200, 300], video=videos browniano 1/Browniano_0
5.930000000000000000e+02 4.000000000000000000e+01
5.930000000000000000e+02 4.000000000000000000e+01
5.930000000000000000e+02 4.000000000000000000e+01
5.930000000000000000e+02 4.000000000000000000e+01
5.930000000000000000e+02 4.100000000000000000e+01
5.960000000000000000e+02 4.000000000000000000e+01
5.950000000000000000e+02 4.300000000000000000e+01
5.920000000000000000e+02 4.200000000000000000e+01
5.930000000000000000e+02 4.400000000000000000e+01
5.940000000000000000e+02 4.200000000000000000e+01
5.930000000000000000e+02 4.400000000000000000e+01
5.940000000000000000e+02 4.600000000000000000e+01
5.930000000000000000e+02 4.400000000000000000e+01
5.950000000000000000e+02 4.600000000000000000e+01
5.940000000000000000e+02 4.600000000000000000e+01
5.950000000000000000e+02 4.800000000000000000e+01
5.940000000000000000e+02 4.800000000000000000e+01
5.940000000000000000e+02 4.600000000000000000e+01
5.960000000000000000e+02 4.600000000000000000e+01
5.940000000000000000e+02 4.800000000000000000e+01
5.960000000000000000e+02 4.900000000000000000e+01
5.970000000000000000e+02 4.700000000000000000e+01
5.960000000000000000e+02 4.800000000000000000e+01
5.960000000000000000e+02 4.900000000000000000e+01
5.970000000000000000e+02 4.900000000000000000e+01
5.950000000000000000e+02 4.900000000000000000e+01
5.960000000000000000e+02 5.200000000000000000e+01
5.940000000000000000e+02 5.100000000000000000e+01
5.940000000000000000e+02 5.100000000000000000e+01
5.950000000000000000e+02 5.000000000000000000e+01
5.960000000000000000e+02 5.200000000000000000e+01
5.950000000000000000e+02 5.200000000000000000e+01
5.960000000000000000e+02 5.200000000000000000e+01
5.950000000000000000e+02 5.300000000000000000e+01
5.960000000000000000e+02 5.200000000000000000e+01
5.970000000000000000e+02 5.400000000000000000e+01
5.960000000000000000e+02 5.200000000000000000e+01
5.970000000000000000e+02 5.300000000000000000e+01
5.980000000000000000e+02 5.400000000000000000e+01
5.970000000000000000e+02 5.400000000000000000e+01
5.990000000000000000e+02 5.400000000000000000e+01
5.990000000000000000e+02 5.500000000000000000e+01
5.990000000000000000e+02 5.400000000000000000e+01
5.980000000000000000e+02 5.600000000000000000e+01
5.960000000000000000e+02 5.500000000000000000e+01
5.970000000000000000e+02 5.500000000000000000e+01
5.990000000000000000e+02 5.500000000000000000e+01
5.980000000000000000e+02 5.400000000000000000e+01
5.980000000000000000e+02 5.700000000000000000e+01
5.970000000000000000e+02 5.600000000000000000e+01
5.990000000000000000e+02 5.800000000000000000e+01
5.990000000000000000e+02 5.800000000000000000e+01
5.970000000000000000e+02 5.600000000000000000e+01
5.980000000000000000e+02 5.600000000000000000e+01
5.990000000000000000e+02 5.400000000000000000e+01
5.990000000000000000e+02 5.600000000000000000e+01
5.980000000000000000e+02 5.800000000000000000e+01
5.980000000000000000e+02 5.600000000000000000e+01
6.000000000000000000e+02 5.900000000000000000e+01
6.010000000000000000e+02 5.900000000000000000e+01
6.020000000000000000e+02 6.000000000000000000e+01
6.010000000000000000e+02 6.100000000000000000e+01
6.000000000000000000e+02 6.100000000000000000e+01
6.000000000000000000e+02 6.200000000000000000e+01
5.990000000000000000e+02 6.200000000000000000e+01
6.000000000000000000e+02 6.200000000000000000e+01
6.010000000000000000e+02 6.300000000000000000e+01
6.000000000000000000e+02 6.200000000000000000e+01
6.010000000000000000e+02 6.400000000000000000e+01
6.000000000000000000e+02 6.400000000000000000e+01
6.020000000000000000e+02 6.300000000000000000e+01
6.020000000000000000e+02 6.500000000000000000e+01
6.030000000000000000e+02 6.300000000000000000e+01
6.030000000000000000e+02 6.500000000000000000e+01
6.030000000000000000e+02 6.600000000000000000e+01
6.040000000000000000e+02 6.600000000000000000e+01
6.050000000000000000e+02 6.800000000000000000e+01
6.050000000000000000e+02 6.800000000000000000e+01
6.070000000000000000e+02 6.800000000000000000e+01
6.070000000000000000e+02 6.700000000000000000e+01
6.070000000000000000e+02 6.600000000000000000e+01
6.060000000000000000e+02 6.600000000000000000e+01
6.060000000000000000e+02 6.400000000000000000e+01
6.050000000000000000e+02 6.500000000000000000e+01
6.050000000000000000e+02 6.600000000000000000e+01
6.040000000000000000e+02 6.300000000000000000e+01
6.030000000000000000e+02 6.500000000000000000e+01
6.020000000000000000e+02 6.400000000000000000e+01
6.010000000000000000e+02 6.400000000000000000e+01
6.010000000000000000e+02 6.600000000000000000e+01
6.000000000000000000e+02 6.500000000000000000e+01
6.010000000000000000e+02 6.600000000000000000e+01
6.000000000000000000e+02 6.600000000000000000e+01
6.010000000000000000e+02 6.600000000000000000e+01
6.020000000000000000e+02 6.700000000000000000e+01
6.010000000000000000e+02 6.600000000000000000e+01
6.020000000000000000e+02 6.800000000000000000e+01
6.020000000000000000e+02 6.800000000000000000e+01
6.010000000000000000e+02 6.700000000000000000e+01
6.040000000000000000e+02 6.800000000000000000e+01
6.040000000000000000e+02 6.600000000000000000e+01
