# frames 101, center=[640, 114], duration=[300, 400], video=videos browniano 1/Browniano_0
6.400000000000000000e+02 1.140000000000000000e+02
6.400000000000000000e+02 1.140000000000000000e+02
6.400000000000000000e+02 1.140000000000000000e+02
6.400000000000000000e+02 1.130000000000000000e+02
6.420000000000000000e+02 1.160000000000000000e+02
6.420000000000000000e+02 1.150000000000000000e+02
6.430000000000000000e+02 1.140000000000000000e+02
6.430000000000000000e+02 1.160000000000000000e+02
6.420000000000000000e+02 1.140000000000000000e+02
6.430000000000000000e+02 1.140000000000000000e+02
6.450000000000000000e+02 1.130000000000000000e+02
6.440000000000000000e+02 1.120000000000000000e+02
6.440000000000000000e+02 1.130000000000000000e+02
6.470000000000000000e+02 1.130000000000000000e+02
6.460000000000000000e+02 1.130000000000000000e+02
6.470000000000000000e+02 1.110000000000000000e+02
6.460000000000000000e+02 1.120000000000000000e+02
6.460000000000000000e+02 1.120000000000000000e+02
6.470000000000000000e+02 1.140000000000000000e+02
6.470000000000000000e+02 1.140000000000000000e+02
6.480000000000000000e+02 1.130000000000000000e+02
6.490000000000000000e+02 1.140000000000000000e+02
6.480000000000000000e+02 1.130000000000000000e+02
6.500000000000000000e+02 1.110000000000000000e+02
6.490000000000000000e+02 1.130000000000000000e+02
6.490000000000000000e+02 1.120000000000000000e+02
6.490000000000000000e+02 1.140000000000000000e+02
6.470000000000000000e+02 1.140000000000000000e+02
6.470000000000000000e+02 1.140000000000000000e+02
6.500000000000000000e+02 1.170000000000000000e+02
6.490000000000000000e+02 1.160000000000000000e+02
6.510000000000000000e+02 1.170000000000000000e+02
6.500000000000000000e+02 1.180000000000000000e+02
6.500000000000000000e+02 1.180000000000000000e+02
6.530000000000000000e+02 1.180000000000000000e+02
6.500000000000000000e+02 1.180000000000000000e+02
6.510000000000000000e+02 1.180000000000000000e+02
6.520000000000000000e+02 1.190000000000000000e+02
6.510000000000000000e+02 1.180000000000000000e+02
6.510000000000000000e+02 1.190000000000000000e+02
6.500000000000000000e+02 1.180000000000000000e+02
6.500000000000000000e+02 1.180000000000000000e+02
6.490000000000000000e+02 1.180000000000000000e+02
6.490000000000000000e+02 1.180000000000000000e+02
6.510000000000000000e+02 1.210000000000000000e+02
6.510000000000000000e+02 1.200000000000000000e+02
6.530000000000000000e+02 1.210000000000000000e+02
6.520000000000000000e+02 1.220000000000000000e+02
6.510000000000000000e+02 1.200000000000000000e+02
6.540000000000000000e+02 1.220000000000000000e+02
6.520000000000000000e+02 1.200000000000000000e+02
6.540000000000000000e+02 1.200000000000000000e+02
6.520000000000000000e+02 1.210000000000000000e+02
6.510000000000000000e+02 1.200000000000000000e+02
6.520000000000000000e+02 1.220000000000000000e+02
6.520000000000000000e+02 1.220000000000000000e+02
6.520000000000000000e+02 1.210000000000000000e+02
6.530000000000000000e+02 1.220000000000000000e+02
6.520000000000000000e+02 1.210000000000000000e+02
6.540000000000000000e+02 1.220000000000000000e+02
6.530000000000000000e+02 1.210000000000000000e+02
6.540000000000000000e+02 1.240000000000000000e+02
6.510000000000000000e+02 1.210000000000000000e+02
6.540000000000000000e+02 1.230000000000000000e+02
6.520000000000000000e+02 1.230000000000000000e+02
6.520000000000000000e+02 1.210000000000000000e+02
6.550000000000000000e+02 1.230000000000000000e+02
6.520000000000000000e+02 1.220000000000000000e+02
6.560000000000000000e+02 1.240000000000000000e+02
6.570000000000000000e+02 1.240000000000000000e+02
6.550000000000000000e+02 1.230000000000000000e+02
6.560000000000000000e+02 1.260000000000000000e+02
6.540000000000000000e+02 1.250000000000000000e+02
6.540000000000000000e+02 1.240000000000000000e+02
6.540000000000000000e+02 1.240000000000000000e+02
6.520000000000000000e+02 1.220000000000000000e+02
6.540000000000000000e+02 1.230000000000000000e+02
6.520000000000000000e+02 1.210000000000000000e+02
6.530000000000000000e+02 1.220000000000000000e+02
6.530000000000000000e+02 1.240000000000000000e+02
6.520000000000000000e+02 1.230000000000000000e+02
6.530000000000000000e+02 1.240000000000000000e+02
6.520000000000000000e+02 1.230000000000000000e+02
6.510000000000000000e+02 1.230000000000000000e+02
6.520000000000000000e+02 1.240000000000000000e+02
6.500000000000000000e+02 1.230000000000000000e+02
6.520000000000000000e+02 1.240000000000000000e+02
6.520000000000000000e+02 1.230000000000000000e+02
6.510000000000000000e+02 1.210000000000000000e+02
6.510000000000000000e+02 1.220000000000000000e+02
6.510000000000000000e+02 1.210000000000000000e+02
6.520000000000000000e+02 1.230000000000000000e+02
6.510000000000000000e+02 1.220000000000000000e+02
6.490000000000000000e+02 1.230000000000000000e+02
6.520000000000000000e+02 1.260000000000000000e+02
6.510000000000000000e+02 1.240000000000000000e+02
6.510000000000000000e+02 1.250000000000000000e+02
6.500000000000000000e+02 1.260000000000000000e+02
6.510000000000000000e+02 1.260000000000000000e+02
6.520000000000000000e+02 1.280000000000000000e+02
6.500000000000000000e+02 1.280000000000000000e+02
