# frames 101, center=[634, 97], duration=[0, 100], video=videos browniano 1/Browniano_0
6.340000000000000000e+02 9.700000000000000000e+01
6.340000000000000000e+02 9.700000000000000000e+01
6.340000000000000000e+02 9.700000000000000000e+01
6.340000000000000000e+02 9.700000000000000000e+01
6.340000000000000000e+02 1.010000000000000000e+02
6.320000000000000000e+02 9.900000000000000000e+01
6.320000000000000000e+02 9.900000000000000000e+01
6.300000000000000000e+02 1.020000000000000000e+02
6.290000000000000000e+02 1.010000000000000000e+02
6.310000000000000000e+02 1.030000000000000000e+02
6.310000000000000000e+02 1.020000000000000000e+02
6.310000000000000000e+02 1.020000000000000000e+02
6.300000000000000000e+02 1.040000000000000000e+02
6.280000000000000000e+02 1.020000000000000000e+02
6.310000000000000000e+02 1.020000000000000000e+02
6.300000000000000000e+02 1.010000000000000000e+02
6.320000000000000000e+02 9.900000000000000000e+01
6.320000000000000000e+02 1.010000000000000000e+02
6.330000000000000000e+02 1.010000000000000000e+02
6.320000000000000000e+02 1.010000000000000000e+02
6.300000000000000000e+02 1.020000000000000000e+02
6.280000000000000000e+02 1.000000000000000000e+02
6.290000000000000000e+02 9.900000000000000000e+01
6.280000000000000000e+02 9.900000000000000000e+01
6.310000000000000000e+02 9.800000000000000000e+01
6.290000000000000000e+02 9.900000000000000000e+01
6.290000000000000000e+02 9.800000000000000000e+01
6.290000000000000000e+02 1.010000000000000000e+02
6.310000000000000000e+02 9.900000000000000000e+01
6.310000000000000000e+02 9.900000000000000000e+01
6.310000000000000000e+02 1.000000000000000000e+02
6.310000000000000000e+02 1.000000000000000000e+02
6.300000000000000000e+02 1.010000000000000000e+02
6.280000000000000000e+02 1.020000000000000000e+02
6.300000000000000000e+02 1.010000000000000000e+02
6.320000000000000000e+02 1.000000000000000000e+02
6.280000000000000000e+02 1.000000000000000000e+02
6.280000000000000000e+02 1.020000000000000000e+02
6.280000000000000000e+02 1.020000000000000000e+02
6.280000000000000000e+02 1.020000000000000000e+02
6.290000000000000000e+02 1.050000000000000000e+02
6.290000000000000000e+02 1.050000000000000000e+02
6.280000000000000000e+02 1.050000000000000000e+02
6.300000000000000000e+02 1.070000000000000000e+02
6.280000000000000000e+02 1.070000000000000000e+02
6.310000000000000000e+02 1.080000000000000000e+02
6.320000000000000000e+02 1.050000000000000000e+02
6.330000000000000000e+02 1.060000000000000000e+02
6.310000000000000000e+02 1.070000000000000000e+02
6.310000000000000000e+02 1.050000000000000000e+02
6.310000000000000000e+02 1.050000000000000000e+02
6.310000000000000000e+02 1.050000000000000000e+02
6.290000000000000000e+02 1.030000000000000000e+02
6.300000000000000000e+02 1.060000000000000000e+02
6.290000000000000000e+02 1.060000000000000000e+02
6.280000000000000000e+02 1.080000000000000000e+02
6.270000000000000000e+02 1.070000000000000000e+02
6.280000000000000000e+02 1.060000000000000000e+02
6.260000000000000000e+02 1.090000000000000000e+02
6.260000000000000000e+02 1.070000000000000000e+02
6.280000000000000000e+02 1.080000000000000000e+02
6.270000000000000000e+02 1.090000000000000000e+02
6.260000000000000000e+02 1.080000000000000000e+02
6.270000000000000000e+02 1.090000000000000000e+02
6.260000000000000000e+02 1.080000000000000000e+02
6.250000000000000000e+02 1.080000000000000000e+02
6.260000000000000000e+02 1.090000000000000000e+02
6.240000000000000000e+02 1.080000000000000000e+02
6.250000000000000000e+02 1.100000000000000000e+02
6.250000000000000000e+02 1.090000000000000000e+02
6.250000000000000000e+02 1.100000000000000000e+02
6.250000000000000000e+02 1.110000000000000000e+02
6.250000000000000000e+02 1.080000000000000000e+02
6.270000000000000000e+02 1.100000000000000000e+02
6.260000000000000000e+02 1.090000000000000000e+02
6.250000000000000000e+02 1.090000000000000000e+02
6.260000000000000000e+02 1.110000000000000000e+02
6.260000000000000000e+02 1.090000000000000000e+02
6.270000000000000000e+02 1.110000000000000000e+02
6.270000000000000000e+02 1.090000000000000000e+02
6.290000000000000000e+02 1.090000000000000000e+02
6.280000000000000000e+02 1.130000000000000000e+02
6.300000000000000000e+02 1.110000000000000000e+02
6.310000000000000000e+02 1.120000000000000000e+02
6.280000000000000000e+02 1.110000000000000000e+02
6.280000000000000000e+02 1.090000000000000000e+02
6.300000000000000000e+02 1.090000000000000000e+02
6.290000000000000000e+02 1.090000000000000000e+02
6.310000000000000000e+02 1.090000000000000000e+02
6.320000000000000000e+02 1.090000000000000000e+02
6.310000000000000000e+02 1.070000000000000000e+02
6.320000000000000000e+02 1.090000000000000000e+02
6.300000000000000000e+02 1.090000000000000000e+02
6.320000000000000000e+02 1.080000000000000000e+02
6.310000000000000000e+02 1.080000000000000000e+02
6.300000000000000000e+02 1.070000000000000000e+02
6.310000000000000000e+02 1.110000000000000000e+02
6.290000000000000000e+02 1.100000000000000000e+02
6.300000000000000000e+02 1.090000000000000000e+02
6.290000000000000000e+02 1.100000000000000000e+02
6.270000000000000000e+02 1.100000000000000000e+02
