# frames 101, center=[627, 112], duration=[200, 300], video=videos browniano 1/Browniano_0
6.270000000000000000e+02 1.120000000000000000e+02
6.270000000000000000e+02 1.120000000000000000e+02
6.270000000000000000e+02 1.120000000000000000e+02
6.290000000000000000e+02 1.140000000000000000e+02
6.280000000000000000e+02 1.130000000000000000e+02
6.280000000000000000e+02 1.110000000000000000e+02
6.290000000000000000e+02 1.130000000000000000e+02
6.260000000000000000e+02 1.110000000000000000e+02
6.270000000000000000e+02 1.120000000000000000e+02
6.280000000000000000e+02 1.120000000000000000e+02
6.280000000000000000e+02 1.120000000000000000e+02
6.290000000000000000e+02 1.140000000000000000e+02
6.270000000000000000e+02 1.120000000000000000e+02
6.290000000000000000e+02 1.140000000000000000e+02
6.280000000000000000e+02 1.130000000000000000e+02
6.270000000000000000e+02 1.140000000000000000e+02
6.280000000000000000e+02 1.160000000000000000e+02
6.260000000000000000e+02 1.160000000000000000e+02
6.280000000000000000e+02 1.180000000000000000e+02
6.290000000000000000e+02 1.180000000000000000e+02
6.320000000000000000e+02 1.180000000000000000e+02
6.330000000000000000e+02 1.150000000000000000e+02
6.300000000000000000e+02 1.140000000000000000e+02
6.310000000000000000e+02 1.140000000000000000e+02
6.330000000000000000e+02 1.160000000000000000e+02
6.320000000000000000e+02 1.140000000000000000e+02
6.330000000000000000e+02 1.170000000000000000e+02
6.340000000000000000e+02 1.160000000000000000e+02
6.340000000000000000e+02 1.170000000000000000e+02
6.330000000000000000e+02 1.160000000000000000e+02
6.350000000000000000e+02 1.160000000000000000e+02
6.350000000000000000e+02 1.160000000000000000e+02
6.350000000000000000e+02 1.140000000000000000e+02
6.350000000000000000e+02 1.150000000000000000e+02
6.350000000000000000e+02 1.150000000000000000e+02
6.360000000000000000e+02 1.160000000000000000e+02
6.360000000000000000e+02 1.160000000000000000e+02
6.370000000000000000e+02 1.160000000000000000e+02
6.380000000000000000e+02 1.170000000000000000e+02
6.370000000000000000e+02 1.160000000000000000e+02
6.390000000000000000e+02 1.170000000000000000e+02
6.390000000000000000e+02 1.170000000000000000e+02
6.400000000000000000e+02 1.160000000000000000e+02
6.410000000000000000e+02 1.180000000000000000e+02
6.400000000000000000e+02 1.170000000000000000e+02
6.410000000000000000e+02 1.180000000000000000e+02
6.410000000000000000e+02 1.180000000000000000e+02
6.410000000000000000e+02 1.160000000000000000e+02
6.420000000000000000e+02 1.180000000000000000e+02
6.410000000000000000e+02 1.170000000000000000e+02
6.430000000000000000e+02 1.180000000000000000e+02
6.430000000000000000e+02 1.180000000000000000e+02
6.410000000000000000e+02 1.160000000000000000e+02
6.410000000000000000e+02 1.180000000000000000e+02
6.390000000000000000e+02 1.170000000000000000e+02
6.390000000000000000e+02 1.170000000000000000e+02
6.380000000000000000e+02 1.180000000000000000e+02
6.380000000000000000e+02 1.180000000000000000e+02
6.390000000000000000e+02 1.180000000000000000e+02
6.370000000000000000e+02 1.160000000000000000e+02
6.360000000000000000e+02 1.160000000000000000e+02
6.370000000000000000e+02 1.160000000000000000e+02
6.360000000000000000e+02 1.150000000000000000e+02
6.380000000000000000e+02 1.160000000000000000e+02
6.380000000000000000e+02 1.160000000000000000e+02
6.390000000000000000e+02 1.160000000000000000e+02
6.400000000000000000e+02 1.170000000000000000e+02
6.380000000000000000e+02 1.150000000000000000e+02
6.400000000000000000e+02 1.160000000000000000e+02
6.400000000000000000e+02 1.170000000000000000e+02
6.400000000000000000e+02 1.160000000000000000e+02
6.410000000000000000e+02 1.180000000000000000e+02
6.400000000000000000e+02 1.160000000000000000e+02
6.410000000000000000e+02 1.180000000000000000e+02
6.410000000000000000e+02 1.190000000000000000e+02
6.400000000000000000e+02 1.180000000000000000e+02
6.420000000000000000e+02 1.180000000000000000e+02
6.410000000000000000e+02 1.180000000000000000e+02
6.420000000000000000e+02 1.170000000000000000e+02
6.430000000000000000e+02 1.170000000000000000e+02
6.420000000000000000e+02 1.160000000000000000e+02
6.430000000000000000e+02 1.180000000000000000e+02
6.420000000000000000e+02 1.160000000000000000e+02
6.410000000000000000e+02 1.150000000000000000e+02
6.420000000000000000e+02 1.160000000000000000e+02
6.420000000000000000e+02 1.140000000000000000e+02
6.420000000000000000e+02 1.160000000000000000e+02
6.410000000000000000e+02 1.160000000000000000e+02
6.400000000000000000e+02 1.150000000000000000e+02
6.410000000000000000e+02 1.150000000000000000e+02
6.400000000000000000e+02 1.140000000000000000e+02
6.410000000000000000e+02 1.140000000000000000e+02
6.410000000000000000e+02 1.140000000000000000e+02
6.410000000000000000e+02 1.130000000000000000e+02
6.410000000000000000e+02 1.140000000000000000e+02
6.400000000000000000e+02 1.130000000000000000e+02
6.410000000000000000e+02 1.130000000000000000e+02
6.390000000000000000e+02 1.140000000000000000e+02
6.400000000000000000e+02 1.150000000000000000e+02
6.410000000000000000e+02 1.150000000000000000e+02
6.400000000000000000e+02 1.140000000000000000e+02
