# frames 101, center=[661, 131], duration=[400, 500], video=videos browniano 1/Browniano_0
6.610000000000000000e+02 1.310000000000000000e+02
6.610000000000000000e+02 1.310000000000000000e+02
6.610000000000000000e+02 1.310000000000000000e+02
6.600000000000000000e+02 1.310000000000000000e+02
6.610000000000000000e+02 1.330000000000000000e+02
6.590000000000000000e+02 1.320000000000000000e+02
6.600000000000000000e+02 1.330000000000000000e+02
6.610000000000000000e+02 1.350000000000000000e+02
6.580000000000000000e+02 1.320000000000000000e+02
6.590000000000000000e+02 1.320000000000000000e+02
6.590000000000000000e+02 1.330000000000000000e+02
6.590000000000000000e+02 1.330000000000000000e+02
6.590000000000000000e+02 1.340000000000000000e+02
6.580000000000000000e+02 1.340000000000000000e+02
6.590000000000000000e+02 1.350000000000000000e+02
6.570000000000000000e+02 1.360000000000000000e+02
6.580000000000000000e+02 1.360000000000000000e+02
6.570000000000000000e+02 1.360000000000000000e+02
6.560000000000000000e+02 1.350000000000000000e+02
6.540000000000000000e+02 1.360000000000000000e+02
6.560000000000000000e+02 1.370000000000000000e+02
6.550000000000000000e+02 1.360000000000000000e+02
6.560000000000000000e+02 1.350000000000000000e+02
6.550000000000000000e+02 1.350000000000000000e+02
6.600000000000000000e+02 1.340000000000000000e+02
6.570000000000000000e+02 1.370000000000000000e+02
6.570000000000000000e+02 1.350000000000000000e+02
6.590000000000000000e+02 1.360000000000000000e+02
6.560000000000000000e+02 1.350000000000000000e+02
6.570000000000000000e+02 1.340000000000000000e+02
6.560000000000000000e+02 1.380000000000000000e+02
6.560000000000000000e+02 1.350000000000000000e+02
6.570000000000000000e+02 1.370000000000000000e+02
6.580000000000000000e+02 1.390000000000000000e+02
6.600000000000000000e+02 1.360000000000000000e+02
6.580000000000000000e+02 1.400000000000000000e+02
6.590000000000000000e+02 1.370000000000000000e+02
6.590000000000000000e+02 1.380000000000000000e+02
6.600000000000000000e+02 1.400000000000000000e+02
6.600000000000000000e+02 1.370000000000000000e+02
6.580000000000000000e+02 1.390000000000000000e+02
6.590000000000000000e+02 1.370000000000000000e+02
6.590000000000000000e+02 1.370000000000000000e+02
6.580000000000000000e+02 1.390000000000000000e+02
6.610000000000000000e+02 1.370000000000000000e+02
6.590000000000000000e+02 1.420000000000000000e+02
6.590000000000000000e+02 1.390000000000000000e+02
6.590000000000000000e+02 1.420000000000000000e+02
6.580000000000000000e+02 1.420000000000000000e+02
6.600000000000000000e+02 1.400000000000000000e+02
6.590000000000000000e+02 1.430000000000000000e+02
6.610000000000000000e+02 1.390000000000000000e+02
6.610000000000000000e+02 1.390000000000000000e+02
6.610000000000000000e+02 1.420000000000000000e+02
6.610000000000000000e+02 1.370000000000000000e+02
6.600000000000000000e+02 1.410000000000000000e+02
6.630000000000000000e+02 1.380000000000000000e+02
6.620000000000000000e+02 1.390000000000000000e+02
6.610000000000000000e+02 1.400000000000000000e+02
6.630000000000000000e+02 1.370000000000000000e+02
6.620000000000000000e+02 1.400000000000000000e+02
6.630000000000000000e+02 1.380000000000000000e+02
6.620000000000000000e+02 1.390000000000000000e+02
6.620000000000000000e+02 1.400000000000000000e+02
6.630000000000000000e+02 1.360000000000000000e+02
6.640000000000000000e+02 1.410000000000000000e+02
6.640000000000000000e+02 1.410000000000000000e+02
6.630000000000000000e+02 1.400000000000000000e+02
6.620000000000000000e+02 1.430000000000000000e+02
6.640000000000000000e+02 1.410000000000000000e+02
6.640000000000000000e+02 1.420000000000000000e+02
6.640000000000000000e+02 1.420000000000000000e+02
6.640000000000000000e+02 1.420000000000000000e+02
6.640000000000000000e+02 1.450000000000000000e+02
6.640000000000000000e+02 1.420000000000000000e+02
6.650000000000000000e+02 1.440000000000000000e+02
6.650000000000000000e+02 1.440000000000000000e+02
6.640000000000000000e+02 1.430000000000000000e+02
6.660000000000000000e+02 1.440000000000000000e+02
6.670000000000000000e+02 1.430000000000000000e+02
6.670000000000000000e+02 1.440000000000000000e+02
6.660000000000000000e+02 1.450000000000000000e+02
6.670000000000000000e+02 1.430000000000000000e+02
6.670000000000000000e+02 1.430000000000000000e+02
6.660000000000000000e+02 1.420000000000000000e+02
6.670000000000000000e+02 1.430000000000000000e+02
6.680000000000000000e+02 1.450000000000000000e+02
6.670000000000000000e+02 1.420000000000000000e+02
6.680000000000000000e+02 1.440000000000000000e+02
6.680000000000000000e+02 1.430000000000000000e+02
6.680000000000000000e+02 1.440000000000000000e+02
6.680000000000000000e+02 1.450000000000000000e+02
6.670000000000000000e+02 1.430000000000000000e+02
6.690000000000000000e+02 1.430000000000000000e+02
6.680000000000000000e+02 1.420000000000000000e+02
6.680000000000000000e+02 1.420000000000000000e+02
6.690000000000000000e+02 1.430000000000000000e+02
6.690000000000000000e+02 1.410000000000000000e+02
6.710000000000000000e+02 1.420000000000000000e+02
6.690000000000000000e+02 1.410000000000000000e+02
6.690000000000000000e+02 1.400000000000000000e+02
