# frames 101, center=[629, 105], duration=[100, 200], video=videos browniano 1/Browniano_0
6.290000000000000000e+02 1.050000000000000000e+02
6.290000000000000000e+02 1.050000000000000000e+02
6.290000000000000000e+02 1.050000000000000000e+02
6.300000000000000000e+02 1.050000000000000000e+02
6.300000000000000000e+02 1.060000000000000000e+02
6.280000000000000000e+02 1.050000000000000000e+02
6.320000000000000000e+02 1.050000000000000000e+02
6.310000000000000000e+02 1.050000000000000000e+02
6.290000000000000000e+02 1.050000000000000000e+02
6.300000000000000000e+02 1.070000000000000000e+02
6.290000000000000000e+02 1.060000000000000000e+02
6.310000000000000000e+02 1.070000000000000000e+02
6.310000000000000000e+02 1.070000000000000000e+02
6.310000000000000000e+02 1.060000000000000000e+02
6.310000000000000000e+02 1.070000000000000000e+02
6.310000000000000000e+02 1.070000000000000000e+02
6.300000000000000000e+02 1.080000000000000000e+02
6.310000000000000000e+02 1.090000000000000000e+02
6.300000000000000000e+02 1.080000000000000000e+02
6.300000000000000000e+02 1.090000000000000000e+02
6.280000000000000000e+02 1.090000000000000000e+02
6.290000000000000000e+02 1.090000000000000000e+02
6.280000000000000000e+02 1.080000000000000000e+02
6.280000000000000000e+02 1.060000000000000000e+02
6.290000000000000000e+02 1.080000000000000000e+02
6.270000000000000000e+02 1.090000000000000000e+02
6.280000000000000000e+02 1.070000000000000000e+02
6.290000000000000000e+02 1.080000000000000000e+02
6.260000000000000000e+02 1.050000000000000000e+02
6.280000000000000000e+02 1.060000000000000000e+02
6.260000000000000000e+02 1.050000000000000000e+02
6.260000000000000000e+02 1.050000000000000000e+02
6.280000000000000000e+02 1.070000000000000000e+02
6.250000000000000000e+02 1.050000000000000000e+02
6.280000000000000000e+02 1.070000000000000000e+02
6.280000000000000000e+02 1.070000000000000000e+02
6.280000000000000000e+02 1.060000000000000000e+02
6.300000000000000000e+02 1.070000000000000000e+02
6.290000000000000000e+02 1.050000000000000000e+02
6.310000000000000000e+02 1.070000000000000000e+02
6.320000000000000000e+02 1.080000000000000000e+02
6.300000000000000000e+02 1.080000000000000000e+02
6.300000000000000000e+02 1.110000000000000000e+02
6.300000000000000000e+02 1.100000000000000000e+02
6.320000000000000000e+02 1.080000000000000000e+02
6.310000000000000000e+02 1.110000000000000000e+02
6.300000000000000000e+02 1.080000000000000000e+02
6.320000000000000000e+02 1.090000000000000000e+02
6.300000000000000000e+02 1.100000000000000000e+02
6.300000000000000000e+02 1.100000000000000000e+02
6.310000000000000000e+02 1.100000000000000000e+02
6.300000000000000000e+02 1.080000000000000000e+02
6.300000000000000000e+02 1.100000000000000000e+02
6.290000000000000000e+02 1.100000000000000000e+02
6.270000000000000000e+02 1.090000000000000000e+02
6.290000000000000000e+02 1.110000000000000000e+02
6.300000000000000000e+02 1.100000000000000000e+02
6.300000000000000000e+02 1.130000000000000000e+02
6.290000000000000000e+02 1.140000000000000000e+02
6.290000000000000000e+02 1.130000000000000000e+02
6.290000000000000000e+02 1.140000000000000000e+02
6.290000000000000000e+02 1.140000000000000000e+02
6.300000000000000000e+02 1.150000000000000000e+02
6.280000000000000000e+02 1.150000000000000000e+02
6.280000000000000000e+02 1.140000000000000000e+02
6.290000000000000000e+02 1.150000000000000000e+02
6.290000000000000000e+02 1.140000000000000000e+02
6.290000000000000000e+02 1.140000000000000000e+02
6.280000000000000000e+02 1.140000000000000000e+02
6.280000000000000000e+02 1.130000000000000000e+02
6.290000000000000000e+02 1.160000000000000000e+02
6.280000000000000000e+02 1.150000000000000000e+02
6.290000000000000000e+02 1.150000000000000000e+02
6.290000000000000000e+02 1.170000000000000000e+02
6.280000000000000000e+02 1.140000000000000000e+02
6.280000000000000000e+02 1.150000000000000000e+02
6.270000000000000000e+02 1.150000000000000000e+02
6.260000000000000000e+02 1.140000000000000000e+02
6.290000000000000000e+02 1.170000000000000000e+02
6.260000000000000000e+02 1.150000000000000000e+02
6.270000000000000000e+02 1.170000000000000000e+02
6.260000000000000000e+02 1.170000000000000000e+02
6.270000000000000000e+02 1.160000000000000000e+02
6.270000000000000000e+02 1.170000000000000000e+02
6.270000000000000000e+02 1.160000000000000000e+02
6.290000000000000000e+02 1.170000000000000000e+02
6.290000000000000000e+02 1.170000000000000000e+02
6.280000000000000000e+02 1.180000000000000000e+02
6.300000000000000000e+02 1.180000000000000000e+02
6.270000000000000000e+02 1.170000000000000000e+02
6.290000000000000000e+02 1.160000000000000000e+02
6.290000000000000000e+02 1.160000000000000000e+02
6.270000000000000000e+02 1.150000000000000000e+02
6.270000000000000000e+02 1.160000000000000000e+02
6.270000000000000000e+02 1.150000000000000000e+02
6.280000000000000000e+02 1.140000000000000000e+02
6.280000000000000000e+02 1.150000000000000000e+02
6.280000000000000000e+02 1.130000000000000000e+02
6.300000000000000000e+02 1.130000000000000000e+02
6.290000000000000000e+02 1.120000000000000000e+02
6.290000000000000000e+02 1.110000000000000000e+02
