# frames 101, center=[705, 560], duration=[200, 300], video=videos browniano 1/Browniano_0
7.050000000000000000e+02 5.600000000000000000e+02
7.050000000000000000e+02 5.600000000000000000e+02
7.050000000000000000e+02 5.600000000000000000e+02
7.040000000000000000e+02 5.610000000000000000e+02
7.040000000000000000e+02 5.600000000000000000e+02
7.040000000000000000e+02 5.620000000000000000e+02
7.040000000000000000e+02 5.610000000000000000e+02
7.040000000000000000e+02 5.610000000000000000e+02
7.040000000000000000e+02 5.620000000000000000e+02
7.040000000000000000e+02 5.610000000000000000e+02
7.040000000000000000e+02 5.630000000000000000e+02
7.040000000000000000e+02 5.620000000000000000e+02
7.040000000000000000e+02 5.620000000000000000e+02
7.050000000000000000e+02 5.640000000000000000e+02
7.020000000000000000e+02 5.620000000000000000e+02
7.040000000000000000e+02 5.630000000000000000e+02
7.030000000000000000e+02 5.620000000000000000e+02
7.040000000000000000e+02 5.620000000000000000e+02
7.040000000000000000e+02 5.620000000000000000e+02
7.030000000000000000e+02 5.610000000000000000e+02
7.070000000000000000e+02 5.610000000000000000e+02
7.040000000000000000e+02 5.610000000000000000e+02
7.030000000000000000e+02 5.610000000000000000e+02
7.040000000000000000e+02 5.630000000000000000e+02
7.030000000000000000e+02 5.610000000000000000e+02
7.050000000000000000e+02 5.610000000000000000e+02
7.040000000000000000e+02 5.600000000000000000e+02
7.030000000000000000e+02 5.580000000000000000e+02
7.040000000000000000e+02 5.590000000000000000e+02
7.060000000000000000e+02 5.610000000000000000e+02
7.050000000000000000e+02 5.600000000000000000e+02
7.040000000000000000e+02 5.580000000000000000e+02
7.050000000000000000e+02 5.600000000000000000e+02
7.030000000000000000e+02 5.580000000000000000e+02
7.050000000000000000e+02 5.600000000000000000e+02
7.050000000000000000e+02 5.600000000000000000e+02
7.030000000000000000e+02 5.590000000000000000e+02
7.040000000000000000e+02 5.610000000000000000e+02
7.030000000000000000e+02 5.590000000000000000e+02
7.050000000000000000e+02 5.600000000000000000e+02
7.050000000000000000e+02 5.610000000000000000e+02
7.040000000000000000e+02 5.600000000000000000e+02
7.040000000000000000e+02 5.610000000000000000e+02
7.050000000000000000e+02 5.610000000000000000e+02
7.050000000000000000e+02 5.600000000000000000e+02
7.050000000000000000e+02 5.610000000000000000e+02
7.040000000000000000e+02 5.590000000000000000e+02
7.050000000000000000e+02 5.600000000000000000e+02
7.050000000000000000e+02 5.590000000000000000e+02
7.050000000000000000e+02 5.590000000000000000e+02
7.050000000000000000e+02 5.600000000000000000e+02
7.040000000000000000e+02 5.580000000000000000e+02
7.070000000000000000e+02 5.600000000000000000e+02
7.040000000000000000e+02 5.570000000000000000e+02
7.050000000000000000e+02 5.570000000000000000e+02
7.050000000000000000e+02 5.590000000000000000e+02
7.040000000000000000e+02 5.570000000000000000e+02
7.050000000000000000e+02 5.570000000000000000e+02
7.050000000000000000e+02 5.580000000000000000e+02
7.030000000000000000e+02 5.580000000000000000e+02
7.040000000000000000e+02 5.600000000000000000e+02
7.040000000000000000e+02 5.590000000000000000e+02
7.040000000000000000e+02 5.580000000000000000e+02
7.050000000000000000e+02 5.580000000000000000e+02
7.030000000000000000e+02 5.550000000000000000e+02
7.040000000000000000e+02 5.580000000000000000e+02
7.040000000000000000e+02 5.560000000000000000e+02
7.020000000000000000e+02 5.560000000000000000e+02
7.020000000000000000e+02 5.580000000000000000e+02
7.020000000000000000e+02 5.570000000000000000e+02
7.020000000000000000e+02 5.570000000000000000e+02
7.020000000000000000e+02 5.560000000000000000e+02
7.030000000000000000e+02 5.560000000000000000e+02
7.030000000000000000e+02 5.570000000000000000e+02
7.020000000000000000e+02 5.570000000000000000e+02
7.030000000000000000e+02 5.600000000000000000e+02
7.030000000000000000e+02 5.600000000000000000e+02
7.030000000000000000e+02 5.590000000000000000e+02
7.030000000000000000e+02 5.600000000000000000e+02
7.010000000000000000e+02 5.570000000000000000e+02
7.040000000000000000e+02 5.590000000000000000e+02
7.030000000000000000e+02 5.600000000000000000e+02
7.020000000000000000e+02 5.580000000000000000e+02
7.040000000000000000e+02 5.600000000000000000e+02
7.030000000000000000e+02 5.590000000000000000e+02
7.040000000000000000e+02 5.600000000000000000e+02
7.030000000000000000e+02 5.600000000000000000e+02
7.030000000000000000e+02 5.580000000000000000e+02
7.040000000000000000e+02 5.600000000000000000e+02
7.030000000000000000e+02 5.600000000000000000e+02
7.040000000000000000e+02 5.600000000000000000e+02
7.030000000000000000e+02 5.600000000000000000e+02
7.030000000000000000e+02 5.580000000000000000e+02
7.040000000000000000e+02 5.600000000000000000e+02
7.030000000000000000e+02 5.600000000000000000e+02
7.030000000000000000e+02 5.600000000000000000e+02
7.020000000000000000e+02 5.610000000000000000e+02
7.020000000000000000e+02 5.590000000000000000e+02
7.030000000000000000e+02 5.600000000000000000e+02
7.020000000000000000e+02 5.600000000000000000e+02
7.010000000000000000e+02 5.590000000000000000e+02
