# frames 101, center=[704, 564], duration=[100, 200], video=videos browniano 1/Browniano_0
7.040000000000000000e+02 5.640000000000000000e+02
7.040000000000000000e+02 5.640000000000000000e+02
7.040000000000000000e+02 5.640000000000000000e+02
7.050000000000000000e+02 5.650000000000000000e+02
7.040000000000000000e+02 5.640000000000000000e+02
7.040000000000000000e+02 5.630000000000000000e+02
7.030000000000000000e+02 5.640000000000000000e+02
7.020000000000000000e+02 5.620000000000000000e+02
7.040000000000000000e+02 5.640000000000000000e+02
7.030000000000000000e+02 5.620000000000000000e+02
7.040000000000000000e+02 5.600000000000000000e+02
7.030000000000000000e+02 5.620000000000000000e+02
7.020000000000000000e+02 5.610000000000000000e+02
7.030000000000000000e+02 5.630000000000000000e+02
7.020000000000000000e+02 5.620000000000000000e+02
7.030000000000000000e+02 5.620000000000000000e+02
7.030000000000000000e+02 5.630000000000000000e+02
7.020000000000000000e+02 5.610000000000000000e+02
7.040000000000000000e+02 5.640000000000000000e+02
7.040000000000000000e+02 5.640000000000000000e+02
7.040000000000000000e+02 5.620000000000000000e+02
7.050000000000000000e+02 5.630000000000000000e+02
7.030000000000000000e+02 5.620000000000000000e+02
7.040000000000000000e+02 5.650000000000000000e+02
7.040000000000000000e+02 5.640000000000000000e+02
7.050000000000000000e+02 5.630000000000000000e+02
7.060000000000000000e+02 5.650000000000000000e+02
7.040000000000000000e+02 5.640000000000000000e+02
7.040000000000000000e+02 5.640000000000000000e+02
7.050000000000000000e+02 5.650000000000000000e+02
7.040000000000000000e+02 5.630000000000000000e+02
7.050000000000000000e+02 5.640000000000000000e+02
7.050000000000000000e+02 5.650000000000000000e+02
7.060000000000000000e+02 5.650000000000000000e+02
7.070000000000000000e+02 5.660000000000000000e+02
7.050000000000000000e+02 5.640000000000000000e+02
7.060000000000000000e+02 5.670000000000000000e+02
7.060000000000000000e+02 5.660000000000000000e+02
7.060000000000000000e+02 5.640000000000000000e+02
7.060000000000000000e+02 5.660000000000000000e+02
7.050000000000000000e+02 5.640000000000000000e+02
7.070000000000000000e+02 5.660000000000000000e+02
7.070000000000000000e+02 5.650000000000000000e+02
7.050000000000000000e+02 5.650000000000000000e+02
7.050000000000000000e+02 5.670000000000000000e+02
7.050000000000000000e+02 5.620000000000000000e+02
7.060000000000000000e+02 5.630000000000000000e+02
7.050000000000000000e+02 5.640000000000000000e+02
7.030000000000000000e+02 5.620000000000000000e+02
7.040000000000000000e+02 5.630000000000000000e+02
7.030000000000000000e+02 5.620000000000000000e+02
7.050000000000000000e+02 5.630000000000000000e+02
7.040000000000000000e+02 5.640000000000000000e+02
7.030000000000000000e+02 5.620000000000000000e+02
7.040000000000000000e+02 5.640000000000000000e+02
7.040000000000000000e+02 5.640000000000000000e+02
7.040000000000000000e+02 5.640000000000000000e+02
7.040000000000000000e+02 5.640000000000000000e+02
7.030000000000000000e+02 5.620000000000000000e+02
7.030000000000000000e+02 5.630000000000000000e+02
7.020000000000000000e+02 5.620000000000000000e+02
7.040000000000000000e+02 5.620000000000000000e+02
7.040000000000000000e+02 5.630000000000000000e+02
7.030000000000000000e+02 5.620000000000000000e+02
7.050000000000000000e+02 5.630000000000000000e+02
7.040000000000000000e+02 5.630000000000000000e+02
7.040000000000000000e+02 5.630000000000000000e+02
7.040000000000000000e+02 5.640000000000000000e+02
7.030000000000000000e+02 5.620000000000000000e+02
7.050000000000000000e+02 5.640000000000000000e+02
7.050000000000000000e+02 5.640000000000000000e+02
7.050000000000000000e+02 5.640000000000000000e+02
7.050000000000000000e+02 5.640000000000000000e+02
7.040000000000000000e+02 5.640000000000000000e+02
7.040000000000000000e+02 5.650000000000000000e+02
7.040000000000000000e+02 5.650000000000000000e+02
7.040000000000000000e+02 5.630000000000000000e+02
7.050000000000000000e+02 5.650000000000000000e+02
7.050000000000000000e+02 5.640000000000000000e+02
7.050000000000000000e+02 5.640000000000000000e+02
7.060000000000000000e+02 5.650000000000000000e+02
7.050000000000000000e+02 5.630000000000000000e+02
7.050000000000000000e+02 5.640000000000000000e+02
7.050000000000000000e+02 5.630000000000000000e+02
7.050000000000000000e+02 5.630000000000000000e+02
7.040000000000000000e+02 5.640000000000000000e+02
7.040000000000000000e+02 5.610000000000000000e+02
7.050000000000000000e+02 5.630000000000000000e+02
7.040000000000000000e+02 5.630000000000000000e+02
7.050000000000000000e+02 5.620000000000000000e+02
7.050000000000000000e+02 5.640000000000000000e+02
7.020000000000000000e+02 5.620000000000000000e+02
7.050000000000000000e+02 5.640000000000000000e+02
7.050000000000000000e+02 5.630000000000000000e+02
7.040000000000000000e+02 5.630000000000000000e+02
7.060000000000000000e+02 5.640000000000000000e+02
7.040000000000000000e+02 5.620000000000000000e+02
7.050000000000000000e+02 5.630000000000000000e+02
7.050000000000000000e+02 5.630000000000000000e+02
7.050000000000000000e+02 5.620000000000000000e+02
7.050000000000000000e+02 5.640000000000000000e+02
