# frames 101, center=[410, 452], duration=[300, 400], video=videos browniano 1/Browniano_0
4.100000000000000000e+02 4.520000000000000000e+02
4.100000000000000000e+02 4.520000000000000000e+02
4.100000000000000000e+02 4.520000000000000000e+02
4.120000000000000000e+02 4.550000000000000000e+02
4.110000000000000000e+02 4.520000000000000000e+02
4.120000000000000000e+02 4.520000000000000000e+02
4.130000000000000000e+02 4.540000000000000000e+02
4.130000000000000000e+02 4.530000000000000000e+02
4.130000000000000000e+02 4.530000000000000000e+02
4.130000000000000000e+02 4.540000000000000000e+02
4.140000000000000000e+02 4.540000000000000000e+02
4.150000000000000000e+02 4.540000000000000000e+02
4.170000000000000000e+02 4.530000000000000000e+02
4.140000000000000000e+02 4.540000000000000000e+02
4.130000000000000000e+02 4.540000000000000000e+02
4.120000000000000000e+02 4.540000000000000000e+02
4.100000000000000000e+02 4.520000000000000000e+02
4.130000000000000000e+02 4.540000000000000000e+02
4.120000000000000000e+02 4.540000000000000000e+02
4.100000000000000000e+02 4.520000000000000000e+02
4.130000000000000000e+02 4.540000000000000000e+02
4.120000000000000000e+02 4.550000000000000000e+02
4.140000000000000000e+02 4.530000000000000000e+02
4.150000000000000000e+02 4.550000000000000000e+02
4.130000000000000000e+02 4.540000000000000000e+02
4.140000000000000000e+02 4.570000000000000000e+02
4.130000000000000000e+02 4.570000000000000000e+02
4.140000000000000000e+02 4.570000000000000000e+02
4.130000000000000000e+02 4.610000000000000000e+02
4.120000000000000000e+02 4.580000000000000000e+02
4.120000000000000000e+02 4.560000000000000000e+02
4.100000000000000000e+02 4.580000000000000000e+02
4.110000000000000000e+02 4.600000000000000000e+02
4.100000000000000000e+02 4.630000000000000000e+02
4.120000000000000000e+02 4.610000000000000000e+02
4.130000000000000000e+02 4.640000000000000000e+02
4.130000000000000000e+02 4.620000000000000000e+02
4.130000000000000000e+02 4.620000000000000000e+02
4.130000000000000000e+02 4.630000000000000000e+02
4.120000000000000000e+02 4.630000000000000000e+02
4.140000000000000000e+02 4.610000000000000000e+02
4.110000000000000000e+02 4.590000000000000000e+02
4.130000000000000000e+02 4.570000000000000000e+02
4.120000000000000000e+02 4.600000000000000000e+02
4.110000000000000000e+02 4.600000000000000000e+02
4.120000000000000000e+02 4.600000000000000000e+02
4.110000000000000000e+02 4.620000000000000000e+02
4.120000000000000000e+02 4.590000000000000000e+02
4.110000000000000000e+02 4.590000000000000000e+02
4.120000000000000000e+02 4.570000000000000000e+02
4.120000000000000000e+02 4.610000000000000000e+02
4.130000000000000000e+02 4.620000000000000000e+02
4.130000000000000000e+02 4.640000000000000000e+02
4.130000000000000000e+02 4.640000000000000000e+02
4.120000000000000000e+02 4.650000000000000000e+02
4.150000000000000000e+02 4.670000000000000000e+02
4.140000000000000000e+02 4.670000000000000000e+02
4.120000000000000000e+02 4.660000000000000000e+02
4.150000000000000000e+02 4.660000000000000000e+02
4.130000000000000000e+02 4.640000000000000000e+02
4.140000000000000000e+02 4.650000000000000000e+02
4.120000000000000000e+02 4.620000000000000000e+02
4.150000000000000000e+02 4.610000000000000000e+02
4.140000000000000000e+02 4.610000000000000000e+02
4.170000000000000000e+02 4.620000000000000000e+02
4.170000000000000000e+02 4.620000000000000000e+02
4.170000000000000000e+02 4.580000000000000000e+02
4.180000000000000000e+02 4.570000000000000000e+02
4.170000000000000000e+02 4.560000000000000000e+02
4.180000000000000000e+02 4.550000000000000000e+02
4.180000000000000000e+02 4.570000000000000000e+02
4.180000000000000000e+02 4.550000000000000000e+02
4.200000000000000000e+02 4.580000000000000000e+02
4.230000000000000000e+02 4.560000000000000000e+02
4.230000000000000000e+02 4.560000000000000000e+02
4.240000000000000000e+02 4.590000000000000000e+02
4.240000000000000000e+02 4.590000000000000000e+02
4.240000000000000000e+02 4.590000000000000000e+02
4.250000000000000000e+02 4.570000000000000000e+02
4.260000000000000000e+02 4.560000000000000000e+02
4.280000000000000000e+02 4.600000000000000000e+02
4.270000000000000000e+02 4.590000000000000000e+02
4.310000000000000000e+02 4.570000000000000000e+02
4.310000000000000000e+02 4.570000000000000000e+02
4.300000000000000000e+02 4.580000000000000000e+02
4.310000000000000000e+02 4.570000000000000000e+02
4.310000000000000000e+02 4.570000000000000000e+02
4.300000000000000000e+02 4.580000000000000000e+02
4.260000000000000000e+02 4.540000000000000000e+02
4.240000000000000000e+02 4.530000000000000000e+02
4.260000000000000000e+02 4.570000000000000000e+02
4.260000000000000000e+02 4.560000000000000000e+02
4.230000000000000000e+02 4.590000000000000000e+02
4.240000000000000000e+02 4.610000000000000000e+02
4.240000000000000000e+02 4.590000000000000000e+02
4.210000000000000000e+02 4.580000000000000000e+02
4.230000000000000000e+02 4.570000000000000000e+02
4.220000000000000000e+02 4.570000000000000000e+02
4.240000000000000000e+02 4.580000000000000000e+02
4.230000000000000000e+02 4.550000000000000000e+02
4.250000000000000000e+02 4.580000000000000000e+02
