# frames 101, center=[403, 361], duration=[0, 100], video=videos browniano 1/Browniano_0
4.030000000000000000e+02 3.610000000000000000e+02
4.030000000000000000e+02 3.610000000000000000e+02
4.030000000000000000e+02 3.610000000000000000e+02
4.030000000000000000e+02 3.610000000000000000e+02
4.020000000000000000e+02 3.600000000000000000e+02
4.020000000000000000e+02 3.640000000000000000e+02
4.010000000000000000e+02 3.590000000000000000e+02
4.010000000000000000e+02 3.590000000000000000e+02
3.990000000000000000e+02 3.580000000000000000e+02
3.970000000000000000e+02 3.600000000000000000e+02
4.030000000000000000e+02 3.610000000000000000e+02
4.000000000000000000e+02 3.570000000000000000e+02
4.010000000000000000e+02 3.580000000000000000e+02
4.000000000000000000e+02 3.580000000000000000e+02
4.000000000000000000e+02 3.570000000000000000e+02
4.000000000000000000e+02 3.580000000000000000e+02
4.000000000000000000e+02 3.520000000000000000e+02
4.000000000000000000e+02 3.560000000000000000e+02
4.010000000000000000e+02 3.560000000000000000e+02
4.000000000000000000e+02 3.550000000000000000e+02
4.030000000000000000e+02 3.570000000000000000e+02
4.040000000000000000e+02 3.560000000000000000e+02
4.040000000000000000e+02 3.580000000000000000e+02
4.050000000000000000e+02 3.590000000000000000e+02
4.050000000000000000e+02 3.600000000000000000e+02
4.080000000000000000e+02 3.570000000000000000e+02
4.060000000000000000e+02 3.600000000000000000e+02
4.050000000000000000e+02 3.630000000000000000e+02
4.030000000000000000e+02 3.640000000000000000e+02
4.050000000000000000e+02 3.630000000000000000e+02
4.030000000000000000e+02 3.640000000000000000e+02
4.040000000000000000e+02 3.610000000000000000e+02
4.050000000000000000e+02 3.630000000000000000e+02
4.060000000000000000e+02 3.640000000000000000e+02
4.060000000000000000e+02 3.630000000000000000e+02
4.050000000000000000e+02 3.640000000000000000e+02
4.080000000000000000e+02 3.640000000000000000e+02
4.060000000000000000e+02 3.610000000000000000e+02
4.080000000000000000e+02 3.610000000000000000e+02
4.080000000000000000e+02 3.640000000000000000e+02
4.090000000000000000e+02 3.630000000000000000e+02
4.110000000000000000e+02 3.600000000000000000e+02
4.070000000000000000e+02 3.600000000000000000e+02
4.120000000000000000e+02 3.600000000000000000e+02
4.110000000000000000e+02 3.580000000000000000e+02
4.100000000000000000e+02 3.610000000000000000e+02
4.130000000000000000e+02 3.620000000000000000e+02
4.100000000000000000e+02 3.600000000000000000e+02
4.100000000000000000e+02 3.600000000000000000e+02
4.120000000000000000e+02 3.580000000000000000e+02
4.120000000000000000e+02 3.580000000000000000e+02
4.100000000000000000e+02 3.580000000000000000e+02
4.100000000000000000e+02 3.570000000000000000e+02
4.100000000000000000e+02 3.550000000000000000e+02
4.100000000000000000e+02 3.580000000000000000e+02
4.080000000000000000e+02 3.560000000000000000e+02
4.110000000000000000e+02 3.600000000000000000e+02
4.100000000000000000e+02 3.590000000000000000e+02
4.110000000000000000e+02 3.610000000000000000e+02
4.110000000000000000e+02 3.600000000000000000e+02
4.090000000000000000e+02 3.600000000000000000e+02
4.090000000000000000e+02 3.610000000000000000e+02
4.080000000000000000e+02 3.630000000000000000e+02
4.080000000000000000e+02 3.620000000000000000e+02
4.100000000000000000e+02 3.630000000000000000e+02
4.100000000000000000e+02 3.610000000000000000e+02
4.130000000000000000e+02 3.620000000000000000e+02
4.130000000000000000e+02 3.630000000000000000e+02
4.100000000000000000e+02 3.610000000000000000e+02
4.100000000000000000e+02 3.640000000000000000e+02
4.110000000000000000e+02 3.600000000000000000e+02
4.130000000000000000e+02 3.600000000000000000e+02
4.130000000000000000e+02 3.600000000000000000e+02
4.110000000000000000e+02 3.620000000000000000e+02
4.100000000000000000e+02 3.630000000000000000e+02
4.100000000000000000e+02 3.660000000000000000e+02
4.110000000000000000e+02 3.660000000000000000e+02
4.130000000000000000e+02 3.700000000000000000e+02
4.120000000000000000e+02 3.730000000000000000e+02
4.130000000000000000e+02 3.740000000000000000e+02
4.120000000000000000e+02 3.730000000000000000e+02
4.140000000000000000e+02 3.710000000000000000e+02
4.140000000000000000e+02 3.720000000000000000e+02
4.150000000000000000e+02 3.720000000000000000e+02
4.170000000000000000e+02 3.720000000000000000e+02
4.180000000000000000e+02 3.700000000000000000e+02
4.150000000000000000e+02 3.700000000000000000e+02
4.170000000000000000e+02 3.730000000000000000e+02
4.140000000000000000e+02 3.700000000000000000e+02
4.160000000000000000e+02 3.710000000000000000e+02
4.150000000000000000e+02 3.730000000000000000e+02
4.130000000000000000e+02 3.710000000000000000e+02
4.130000000000000000e+02 3.720000000000000000e+02
4.130000000000000000e+02 3.720000000000000000e+02
4.140000000000000000e+02 3.750000000000000000e+02
4.130000000000000000e+02 3.760000000000000000e+02
4.090000000000000000e+02 3.750000000000000000e+02
4.100000000000000000e+02 3.780000000000000000e+02
4.060000000000000000e+02 3.750000000000000000e+02
4.080000000000000000e+02 3.740000000000000000e+02
4.090000000000000000e+02 3.730000000000000000e+02
