# frames 101, center=[423, 457], duration=[400, 500], video=videos browniano 1/Browniano_0
4.230000000000000000e+02 4.570000000000000000e+02
4.230000000000000000e+02 4.570000000000000000e+02
4.230000000000000000e+02 4.570000000000000000e+02
4.220000000000000000e+02 4.570000000000000000e+02
4.230000000000000000e+02 4.560000000000000000e+02
4.230000000000000000e+02 4.570000000000000000e+02
4.230000000000000000e+02 4.570000000000000000e+02
4.290000000000000000e+02 4.570000000000000000e+02
4.260000000000000000e+02 4.590000000000000000e+02
4.260000000000000000e+02 4.600000000000000000e+02
4.230000000000000000e+02 4.620000000000000000e+02
4.230000000000000000e+02 4.640000000000000000e+02
4.220000000000000000e+02 4.600000000000000000e+02
4.230000000000000000e+02 4.620000000000000000e+02
4.230000000000000000e+02 4.590000000000000000e+02
4.250000000000000000e+02 4.600000000000000000e+02
4.210000000000000000e+02 4.630000000000000000e+02
4.230000000000000000e+02 4.650000000000000000e+02
4.220000000000000000e+02 4.670000000000000000e+02
4.230000000000000000e+02 4.660000000000000000e+02
4.220000000000000000e+02 4.650000000000000000e+02
4.220000000000000000e+02 4.670000000000000000e+02
4.210000000000000000e+02 4.650000000000000000e+02
4.210000000000000000e+02 4.650000000000000000e+02
4.200000000000000000e+02 4.670000000000000000e+02
4.190000000000000000e+02 4.650000000000000000e+02
4.190000000000000000e+02 4.720000000000000000e+02
4.210000000000000000e+02 4.700000000000000000e+02
4.220000000000000000e+02 4.720000000000000000e+02
4.240000000000000000e+02 4.710000000000000000e+02
4.250000000000000000e+02 4.670000000000000000e+02
4.240000000000000000e+02 4.680000000000000000e+02
4.240000000000000000e+02 4.680000000000000000e+02
4.250000000000000000e+02 4.680000000000000000e+02
4.260000000000000000e+02 4.670000000000000000e+02
4.250000000000000000e+02 4.670000000000000000e+02
4.220000000000000000e+02 4.690000000000000000e+02
4.230000000000000000e+02 4.680000000000000000e+02
4.180000000000000000e+02 4.710000000000000000e+02
4.180000000000000000e+02 4.710000000000000000e+02
4.190000000000000000e+02 4.700000000000000000e+02
4.170000000000000000e+02 4.710000000000000000e+02
4.170000000000000000e+02 4.670000000000000000e+02
4.140000000000000000e+02 4.700000000000000000e+02
4.160000000000000000e+02 4.720000000000000000e+02
4.140000000000000000e+02 4.720000000000000000e+02
4.130000000000000000e+02 4.730000000000000000e+02
4.130000000000000000e+02 4.730000000000000000e+02
4.140000000000000000e+02 4.760000000000000000e+02
4.160000000000000000e+02 4.760000000000000000e+02
4.140000000000000000e+02 4.730000000000000000e+02
4.130000000000000000e+02 4.740000000000000000e+02
4.160000000000000000e+02 4.720000000000000000e+02
4.130000000000000000e+02 4.720000000000000000e+02
4.130000000000000000e+02 4.710000000000000000e+02
4.130000000000000000e+02 4.670000000000000000e+02
4.150000000000000000e+02 4.670000000000000000e+02
4.180000000000000000e+02 4.640000000000000000e+02
4.120000000000000000e+02 4.660000000000000000e+02
4.130000000000000000e+02 4.700000000000000000e+02
4.120000000000000000e+02 4.690000000000000000e+02
4.110000000000000000e+02 4.700000000000000000e+02
4.130000000000000000e+02 4.670000000000000000e+02
4.100000000000000000e+02 4.700000000000000000e+02
4.110000000000000000e+02 4.690000000000000000e+02
4.090000000000000000e+02 4.660000000000000000e+02
4.080000000000000000e+02 4.660000000000000000e+02
4.110000000000000000e+02 4.650000000000000000e+02
4.080000000000000000e+02 4.650000000000000000e+02
4.060000000000000000e+02 4.640000000000000000e+02
4.050000000000000000e+02 4.630000000000000000e+02
4.030000000000000000e+02 4.660000000000000000e+02
4.020000000000000000e+02 4.670000000000000000e+02
3.980000000000000000e+02 4.650000000000000000e+02
4.000000000000000000e+02 4.650000000000000000e+02
3.980000000000000000e+02 4.700000000000000000e+02
3.970000000000000000e+02 4.700000000000000000e+02
3.980000000000000000e+02 4.730000000000000000e+02
3.980000000000000000e+02 4.730000000000000000e+02
3.960000000000000000e+02 4.740000000000000000e+02
3.970000000000000000e+02 4.730000000000000000e+02
3.940000000000000000e+02 4.710000000000000000e+02
3.930000000000000000e+02 4.710000000000000000e+02
3.900000000000000000e+02 4.690000000000000000e+02
3.920000000000000000e+02 4.710000000000000000e+02
3.900000000000000000e+02 4.690000000000000000e+02
3.880000000000000000e+02 4.680000000000000000e+02
3.900000000000000000e+02 4.700000000000000000e+02
3.890000000000000000e+02 4.720000000000000000e+02
3.930000000000000000e+02 4.710000000000000000e+02
3.910000000000000000e+02 4.710000000000000000e+02
3.920000000000000000e+02 4.750000000000000000e+02
3.910000000000000000e+02 4.740000000000000000e+02
3.930000000000000000e+02 4.730000000000000000e+02
3.930000000000000000e+02 4.730000000000000000e+02
3.900000000000000000e+02 4.730000000000000000e+02
3.880000000000000000e+02 4.720000000000000000e+02
3.910000000000000000e+02 4.740000000000000000e+02
3.900000000000000000e+02 4.740000000000000000e+02
3.900000000000000000e+02 4.740000000000000000e+02
3.910000000000000000e+02 4.750000000000000000e+02
